date,open,high,low,close,volume
2021-09-23,3242.16,3816.72,3132.0,3618.0,43655.5
2021-09-24,3650.4,4175.28,3479.76,3585.6,17718.7
2021-09-27,3743.95,3744.21,3378.24,3672.0,7897.74
2021-09-28,3656.88,3656.88,3276.72,3328.56,5588.07
2021-09-29,3470.45,3489.54,3294.0,3326.4,2187.95
2021-09-30,3365.28,3492.72,3294.0,3456.0,2538.95
2021-10-01,3564.0,3653.64,3458.16,3561.84,3759.04
2021-10-04,3484.08,3585.6,3382.56,3484.08,2165.15
2021-10-05,3484.08,3602.88,3425.76,3514.32,2146.62
2021-10-06,3603.07,3732.48,3456.0,3525.12,3381.98
2021-10-07,3471.12,3564.0,3389.04,3540.24,1846.21
2021-10-08,3464.64,3564.0,3316.12,3348.0,3620.35
2021-10-11,3391.2,3438.72,3324.24,3376.08,2510.04
2021-10-12,3367.44,3396.47,3228.12,3291.84,1716.4
2021-10-13,3293.4,3376.08,3232.44,3332.88,1248.19
2021-10-14,3434.12,3434.12,3268.08,3369.6,1226.75
2021-10-15,3466.8,3715.2,3358.8,3654.72,3991.94
2021-10-18,3650.4,3983.04,3579.12,3721.68,5373.17
2021-10-19,3790.8,4045.68,3743.28,3851.28,3018.43
2021-10-20,3829.68,3948.48,3812.4,3896.64,2517.64
2021-10-21,4101.84,4356.7,3944.16,4052.16,4991.58
2021-10-22,4015.44,4039.2,3633.12,3676.32,2760.64
2021-10-25,3682.8,4037.04,3682.8,3942.0,3469.57
2021-10-26,3749.76,3790.8,3611.52,3626.64,2741.43
2021-10-27,3564.0,3581.28,3328.56,3412.8,2445.94
2021-10-28,3447.36,3656.88,3417.12,3512.16,2728.85
2021-10-29,3548.88,3672.0,3516.48,3639.6,1274.41
2021-11-01,3761.45,3978.72,3738.96,3849.12,4913.21
2021-11-02,3909.6,3995.68,3726.0,3881.52,3978.12
2021-11-03,3682.8,3827.52,3672.0,3743.28,3213.99
2021-11-04,3758.4,3849.12,3676.34,3738.96,2968.19
2021-11-05,3639.6,3799.44,3535.92,3777.84,3539.2
2021-11-08,3747.6,4071.6,3721.68,3967.92,5768.75
2021-11-09,4082.4,4456.08,3885.84,4440.96,8726.23
2021-11-10,4417.2,4417.2,4017.6,4123.44,4320.56
2021-11-11,4104.0,4248.72,3952.8,4216.32,2402.57
2021-11-12,4011.12,4158.99,3980.88,4095.36,2435.4
2021-11-15,4170.96,4192.11,3837.11,3909.6,2920.87
2021-11-16,4048.01,4361.04,4013.3,4315.68,8711.2
2021-11-17,4276.8,4536.0,4028.4,4170.96,4672.41
2021-11-18,4179.6,4179.6,3792.96,3814.56,4105.72
2021-11-19,3881.52,4106.16,3823.2,4082.4,2451.59
2021-11-22,4017.6,4077.11,3663.17,3715.2,3203.49
2021-11-23,3838.32,3885.84,3672.0,3857.76,1837.32
2021-11-24,3855.6,4134.24,3781.04,4080.24,3276.71
2021-11-26,3877.2,4024.06,3844.8,3991.68,1063.89
2021-11-29,4000.32,4050.69,3763.65,3870.72,2364.57
2021-11-30,3881.52,4028.4,3846.96,3898.8,1792.08
2021-12-01,3987.36,4069.44,3717.36,3741.12,2495.11
2021-12-02,3721.68,3758.4,3417.12,3542.4,3634.01
2021-12-03,3628.8,3665.52,3224.88,3309.12,2727.12
2021-12-06,3065.04,3072.6,2706.48,2920.32,6330.95
2021-12-07,3220.56,3224.88,3088.8,3134.16,2107.96
2021-12-08,3103.92,3179.52,2976.48,3179.52,1834.48
2021-12-09,3034.8,3121.2,2840.4,2859.84,2076.0
2021-12-10,3052.08,3103.92,2818.8,2849.04,1466.39
2021-12-13,2858.76,2858.76,2598.48,2646.0,2300.12
2021-12-14,2723.76,2926.8,2628.72,2743.2,1667.25
2021-12-15,2743.2,2832.78,2581.2,2820.96,1613.78
2021-12-16,2808.0,2840.4,2613.6,2676.24,1299.72
2021-12-17,2592.0,2907.36,2505.62,2801.52,3676.1
2021-12-20,2484.0,2592.0,2449.44,2458.08,2864.43
2021-12-21,2678.4,2700.0,2533.68,2667.6,1524.41
2021-12-22,2678.4,2836.08,2667.6,2790.72,1714.96
2021-12-23,2799.36,3049.92,2754.0,3011.04,2950.31
2021-12-27,3078.0,3196.8,3013.2,3181.68,1502.62
2021-12-28,3032.64,3078.0,2820.96,2879.28,1477.29
2021-12-29,2820.96,2864.16,2762.64,2769.12,1161.32
2021-12-30,2769.12,2846.88,2721.62,2747.52,1403.54
2021-12-31,2788.56,2792.88,2598.48,2626.56,1234.77
2022-01-03,2635.2,2764.8,2594.16,2743.2,909.462
2022-01-04,2725.92,2838.24,2646.0,2689.2,1473.15
2022-01-05,2721.6,2721.6,2440.8,2464.56,1740.42
2022-01-06,2451.6,2521.8,2332.8,2358.72,2626.22
2022-01-07,2419.2,2524.95,2365.2,2421.36,1346.26
2022-01-10,2339.28,2462.4,2255.04,2412.72,1349.66
2022-01-11,2434.32,2600.62,2376.0,2529.36,990.37
2022-01-12,2624.94,2700.0,2512.04,2570.4,1010.23
2022-01-13,2581.2,2613.58,2386.8,2397.6,769.055
2022-01-14,2365.2,2430.0,2311.2,2369.52,1424.07
2022-01-18,2311.2,2388.96,2298.24,2313.36,1057.15
2022-01-19,2339.28,2432.16,2322.0,2345.76,1132.72
2022-01-20,2369.52,2516.4,2369.52,2417.04,1021.61
2022-01-21,2207.52,2259.36,2075.28,2080.08,2467.59
2022-01-24,1730.16,2010.96,1706.4,2000.16,2908.43
2022-01-25,1982.88,2155.68,1944.0,2080.08,1027.76
2022-01-26,2203.2,2300.4,2099.52,2151.36,1112.06
2022-01-27,2136.24,2138.4,1915.92,1995.84,680.537
2022-01-28,1920.24,2084.62,1870.56,2021.76,1155.81
2022-01-31,2017.44,2207.52,2006.64,2196.72,734.722
2022-02-01,2235.6,2276.64,2138.4,2239.92,500.74
2022-02-02,2239.92,2239.92,2041.2,2052.0,740.12
2022-02-03,2041.2,2157.84,2008.8,2080.08,705.601
2022-02-04,2136.24,2317.68,2084.4,2246.4,942.967
2022-02-07,2315.52,2414.88,2259.36,2306.88,1184.18
2022-02-08,2203.2,2373.84,2162.16,2365.2,730.249
2022-02-09,2278.8,2432.16,2278.8,2425.68,1081.97
2022-02-10,2337.12,2462.4,2256.23,2296.08,1248.99
2022-02-11,2300.4,2373.84,2058.48,2058.48,1004.03
2022-02-14,2101.68,2166.48,2010.96,2026.08,864.574
2022-02-15,2108.16,2244.22,2108.16,2235.6,975.796
2022-02-16,2226.96,2268.0,2166.48,2242.08,747.49
2022-02-17,2198.88,2235.6,2097.36,2147.04,471.111
2022-02-18,2118.96,2138.4,1950.48,1963.44,773.898
2022-02-22,1931.04,1965.25,1857.6,1905.12,888.523
2022-02-23,1933.2,1982.88,1792.8,1801.44,598.898
2022-02-24,1628.64,1924.56,1622.16,1915.92,1191.59
2022-02-25,2012.04,2015.24,1866.24,1872.72,818.212
2022-02-28,1836.0,2052.0,1836.0,1974.24,1044.27
2022-03-01,2110.32,2166.48,1950.48,2030.4,1054.42
2022-03-02,2079.54,2099.52,2006.64,2006.64,751.217
2022-03-03,2028.24,2028.24,1753.92,1773.36,1983.86
2022-03-04,1745.28,1840.32,1710.72,1730.16,1603.16
2022-03-07,1739.88,1773.21,1641.6,1656.72,768.87
2022-03-08,1643.76,1777.68,1607.04,1667.52,870.643
2022-03-09,1777.68,1956.96,1777.68,1922.4,902.185
2022-03-10,1838.16,1872.72,1775.52,1838.16,672.527
2022-03-11,1881.36,1881.36,1756.08,1758.24,268.916
2022-03-14,1749.6,1792.8,1639.46,1641.6,468.416
2022-03-15,1667.52,1759.23,1566.0,1587.6,938.296
2022-03-16,1730.16,1836.0,1708.56,1799.28,855.708
2022-03-17,1825.2,1894.32,1794.96,1844.64,472.018
2022-03-18,1836.0,2099.52,1773.36,2030.4,1571.32
2022-03-21,1987.2,1987.2,1859.76,1926.72,848.68
2022-03-22,2004.48,2054.16,1958.23,2000.16,677.499
2022-03-23,1993.68,2039.04,1913.76,2023.92,483.569
2022-03-24,2023.92,2181.6,1998.0,2127.6,870.787
2022-03-25,2155.68,2164.32,2066.04,2142.72,410.458
2022-03-28,2164.32,2322.0,2144.88,2172.96,1036.08
2022-03-29,2207.52,2248.56,2138.4,2248.56,465.287
2022-03-30,2214.0,2214.0,2068.11,2103.84,912.893
2022-03-31,2131.92,2180.48,2077.92,2129.76,545.703
2022-04-01,2123.28,2185.92,2088.72,2144.88,491.12
2022-04-04,2160.0,2185.9,2108.16,2142.72,398.009
2022-04-05,2179.44,2179.44,2062.86,2125.44,402.712
2022-04-06,2075.76,2084.4,1939.68,1967.76,476.967
2022-04-07,2010.96,2021.41,1887.84,1969.92,316.337
2022-04-08,1952.64,2019.6,1944.0,1959.12,299.3
2022-04-11,1922.4,1974.24,1890.0,1900.8,299.962
2022-04-12,1939.68,1976.4,1838.16,1844.64,314.43
2022-04-13,1842.48,1965.6,1842.48,1911.6,541.384
2022-04-14,1933.2,1933.2,1844.64,1870.56,588.185
2022-04-18,1870.56,1877.04,1782.0,1823.04,646.967
2022-04-19,1836.0,1950.48,1836.0,1905.12,777.601
2022-04-20,1924.56,1948.32,1844.64,1864.08,448.333
2022-04-21,1902.96,1928.88,1771.2,1792.8,434.759
2022-04-22,1831.68,1881.36,1794.96,1836.0,439.444
2022-04-25,1771.2,1825.2,1641.6,1702.08,920.916
2022-04-26,1686.96,1686.96,1583.3,1589.76,511.777
2022-04-27,1706.4,1706.4,1615.68,1617.84,583.361
2022-04-28,1771.2,1827.08,1667.52,1790.64,925.412
2022-04-29,1760.4,1823.04,1676.16,1691.28,401.449
2022-05-02,1663.2,1756.08,1620.02,1738.8,371.407
2022-05-03,1730.16,1751.76,1674.0,1719.36,677.226
2022-05-04,1656.72,1805.76,1656.72,1794.96,715.74
2022-05-05,1782.0,1787.62,1611.36,1661.04,356.162
2022-05-06,1641.6,1682.64,1544.4,1628.64,569.736
2022-05-09,1501.2,1501.2,1350.0,1388.88,967.87
2022-05-10,1516.32,1563.84,1388.88,1427.76,622.986
2022-05-11,1360.8,1485.63,1246.32,1302.48,1172.96
2022-05-12,1222.56,1293.84,1164.24,1218.24,991.824
2022-05-13,1244.16,1343.52,1244.16,1300.32,508.62
2022-05-16,1296.0,1317.6,1242.0,1242.0,468.499
2022-05-17,1311.12,1429.92,1306.8,1380.24,710.56
2022-05-18,1350.0,1383.87,1288.92,1326.24,441.981
2022-05-19,1358.64,1468.8,1328.4,1388.88,948.486
2022-05-20,1475.28,1475.28,1233.36,1252.8,435.662
2022-05-23,1274.4,1334.86,1274.4,1311.12,335.523
2022-05-24,1278.72,1278.72,1200.96,1211.76,301.99
2022-05-25,1252.8,1275.5,1205.28,1267.92,431.62
2022-05-26,1242.0,1295.98,1213.75,1265.76,363.717
2022-05-27,1296.0,1350.0,1270.08,1339.2,616.912
2022-05-31,1375.92,1429.03,1347.84,1395.36,301.754
2022-06-01,1412.64,1425.6,1317.6,1356.48,391.624
2022-06-02,1345.68,1438.97,1321.03,1393.2,244.476
2022-06-03,1391.04,1404.0,1323.73,1397.52,300.796
2022-06-06,1347.84,1404.0,1328.4,1375.92,364.81
2022-06-07,1319.76,1369.44,1287.01,1315.44,462.245
2022-06-08,1302.48,1358.64,1287.36,1339.2,226.583
2022-06-09,1326.24,1326.24,1278.72,1300.32,260.37
2022-06-10,1267.92,1274.96,1209.6,1237.68,358.305
2022-06-13,1023.84,1105.92,987.12,1026.0,1055.81
2022-06-14,967.68,989.28,909.36,909.36,818.226
2022-06-15,933.12,1002.24,827.28,948.24,854.374
2022-06-16,902.88,906.595,840.24,883.44,466.879
2022-06-17,885.6,937.44,801.36,812.16,1008.71
2022-06-21,918.0,1047.6,918.0,959.04,1952.64
2022-06-22,952.56,981.634,918.0,928.8,551.513
2022-06-23,948.24,971.978,887.76,935.28,506.43
2022-06-24,963.36,989.28,931.414,961.2,429.148
2022-06-27,967.68,1038.96,909.36,1032.48,498.277
2022-06-28,1047.6,1047.6,924.48,937.44,646.805
2022-06-29,939.6,939.622,864.0,879.12,513.592
2022-06-30,879.12,896.4,812.16,812.16,610.083
2022-07-01,818.64,870.372,816.48,866.16,335.967
2022-07-05,838.08,956.88,829.44,946.08,731.74
2022-07-06,946.08,961.805,895.32,900.72,242.046
2022-07-07,909.36,965.52,892.102,965.52,415.453
2022-07-08,963.36,1011.74,948.24,993.6,403.912
2022-07-11,961.2,978.48,898.56,918.0,249.615
2022-07-12,922.32,922.32,874.8,885.6,198.444
2022-07-13,848.88,919.08,840.521,900.72,239.037
2022-07-14,883.44,894.218,853.2,874.8,190.078
2022-07-15,915.84,932.04,869.249,902.88,502.962
2022-07-18,933.12,986.99,902.88,920.16,535.657
2022-07-19,930.96,1036.8,918.0,1024.92,646.319
2022-07-20,1047.6,1172.86,1036.8,1064.88,1172.72
2022-07-21,1064.88,1086.48,1019.52,1084.32,392.939
2022-07-22,1099.44,1106.61,1010.88,1036.8,318.898
2022-07-25,1036.8,1036.8,974.16,1006.56,258.249
2022-07-26,980.64,985.435,900.72,907.2,328.675
2022-07-27,948.24,1026.0,864.0,982.8,504.773
2022-07-28,1017.36,1058.4,972.0,1045.44,367.356
2022-07-29,1069.2,1075.68,1019.52,1051.92,352.124
2022-08-01,1045.44,1112.4,1019.33,1064.88,451.694
2022-08-02,1064.88,1099.44,1034.64,1090.8,245.8
2022-08-03,1103.76,1137.76,1080.0,1105.92,404.819
2022-08-04,1103.76,1131.82,1062.72,1092.96,278.652
2022-08-05,1069.2,1131.84,1069.2,1092.96,399.944
2022-08-08,1140.48,1170.72,1127.52,1170.72,340.902
2022-08-09,1142.73,1155.6,1082.16,1099.44,282.634
2022-08-10,1166.4,1235.52,1120.82,1235.52,523.819
2022-08-11,1321.92,1501.2,1242.0,1308.96,1424.5
2022-08-12,1334.88,1350.0,1291.7,1350.0,541.643
2022-08-15,1350.0,1423.44,1317.6,1408.32,889.902
2022-08-16,1408.32,1408.32,1296.0,1354.32,550.74
2022-08-17,1332.72,1332.72,1252.8,1280.88,523.245
2022-08-18,1263.6,1273.36,1203.12,1231.2,301.856
2022-08-19,1170.72,1170.72,1049.76,1075.68,633.708
2022-08-22,1041.12,1095.12,1008.72,1054.08,326.263
2022-08-23,1058.4,1101.6,1049.76,1082.16,216.879
2022-08-24,1097.28,1131.52,1045.44,1089.72,277.064
2022-08-25,1080.0,1099.44,1062.72,1064.88,222.296
2022-08-26,1080.0,1080.0,984.96,984.96,257.726
2022-08-29,972.0,995.76,943.92,995.76,295.972
2022-08-30,1004.4,1029.24,932.969,941.76,212.398
2022-08-31,1004.4,1077.84,1004.4,1028.16,320.43
2022-09-01,1006.56,1026.0,975.175,987.12,217.449
2022-09-02,1028.16,1073.5,982.8,997.92,229.912
2022-09-06,987.12,988.178,885.6,889.92,419.749
2022-09-07,864.0,900.72,842.4,861.84,468.319
2022-09-08,855.36,948.218,855.36,898.56,399.648
2022-09-09,939.6,1058.38,939.6,1021.68,538.56
2022-09-12,1121.04,1144.8,1030.32,1086.48,434.537
2022-09-13,989.28,1038.96,972.0,982.8,351.236
2022-09-14,997.92,1032.48,946.382,1017.36,237.912
2022-09-15,1004.4,1013.02,943.92,969.84,339.05
2022-09-16,935.28,1030.32,928.8,1021.68,618.541
2022-09-19,978.48,1036.8,939.6,939.6,349.703
2022-09-20,939.6,967.68,881.28,902.88,508.662
2022-09-21,896.4,939.6,842.4,857.52,355.749
2022-09-22,866.16,892.08,838.08,885.6,318.361
2022-09-23,844.56,861.214,810.0,831.6,411.842
2022-09-26,807.84,860.76,799.2,818.64,300.504
2022-09-27,818.64,888.797,818.64,853.2,424.3
2022-09-28,887.76,922.32,829.44,879.12,545.648
2022-09-29,874.8,874.8,790.56,851.04,359.712
2022-09-30,844.56,885.6,822.96,835.92,242.222
2022-10-03,838.08,861.84,799.222,851.04,188.93
2022-10-04,868.32,913.68,864.0,881.28,455.472
2022-10-05,848.88,907.2,831.6,881.28,317.217
2022-10-06,870.48,902.88,851.04,900.72,92.5648
2022-10-07,691.2,753.84,626.4,691.2,2100.93
2022-10-10,613.44,613.44,480.6,531.36,1746.34
2022-10-11,464.4,509.76,440.64,473.04,1316.6
2022-10-12,432.0,449.28,425.52,436.32,1430.51
2022-10-13,382.32,414.72,349.92,401.76,1839.84
2022-10-14,419.04,425.52,378.0,386.64,780.208
2022-10-17,393.12,401.76,367.2,380.16,968.564
2022-10-18,380.16,384.48,356.4,358.56,571.708
2022-10-19,356.4,356.4,330.48,336.982,840.981
2022-10-20,330.48,330.48,298.08,311.04,1974.17
2022-10-21,302.4,334.8,298.102,330.48,902.328
2022-10-24,330.48,330.48,295.92,298.08,1187.59
2022-10-25,332.64,412.56,313.416,406.08,3363.99
2022-10-26,442.8,619.92,436.32,498.96,18141.8
2022-10-27,498.96,501.12,423.36,425.52,2618.73
2022-10-28,425.52,453.6,399.6,425.52,1595.23
2022-10-31,250.56,274.32,190.512,239.76,14953.2
2022-11-01,213.84,216.0,190.08,196.538,5948.29
2022-11-02,196.56,216.0,174.982,184.702,3666.5
2022-11-03,185.76,194.4,181.462,194.4,1013.7
2022-11-04,211.68,215.59,196.56,197.23,3338.3
2022-11-07,210.924,211.248,185.782,194.832,1465.0
2022-11-08,175.392,197.683,172.8,196.538,1997.22
2022-11-09,181.44,183.6,169.56,175.608,1310.42
2022-11-10,174.96,185.76,173.642,181.958,939.249
2022-11-11,192.24,198.72,184.032,190.08,1296.58
2022-11-14,194.4,198.029,185.868,186.581,666.504
2022-11-15,190.08,196.56,190.08,195.178,902.356
2022-11-16,191.808,194.314,178.567,192.175,798.712
2022-11-17,184.594,187.898,167.832,171.958,1445.74
2022-11-18,173.232,180.425,172.8,176.818,504.06
2022-11-21,181.44,181.44,168.48,173.837,431.782
2022-11-22,177.12,179.28,170.64,172.757,448.944
2022-11-23,168.48,178.416,168.48,175.457,462.361
2022-11-25,182.563,182.563,172.8,175.392,273.254
2022-11-28,172.8,174.938,164.7,166.385,420.703
2022-11-29,165.24,174.96,164.16,165.78,399.124
2022-11-30,164.16,168.826,151.2,160.92,913.097
2022-12-01,151.2,163.102,151.2,159.322,781.374
2022-12-02,163.231,163.231,147.636,156.794,1309.24
2022-12-05,158.76,160.92,146.88,152.539,626.402
2022-12-06,151.2,159.84,145.195,145.8,931.31
2022-12-07,159.624,159.624,140.422,142.517,932.703
2022-12-08,148.608,151.2,142.776,148.586,365.398
2022-12-13,118.8,129.6,77.76,93.2904,6522.65
2022-12-14,96.9192,114.458,78.192,100.483,2449.06
2022-12-15,107.158,116.51,99.36,104.76,1768.98
2022-12-16,91.8432,123.12,77.76,82.728,3427.9
2022-12-19,94.3704,103.291,88.56,94.608,1439.66
2022-12-20,99.36,102.082,86.4,92.88,713.509
2022-12-21,97.092,101.52,82.728,90.3312,1215.88
2022-12-22,85.1472,97.2,84.2402,87.5016,1435.44
2022-12-23,94.9536,118.584,89.208,116.316,2353.43
2022-12-28,146.232,158.522,117.094,158.522,20970.3
2022-12-29,142.56,198.72,136.728,195.286,4617.77
2022-12-30,170.64,299.376,164.16,233.28,9105.8
2023-01-03,196.344,254.88,179.604,250.56,5294.39
2023-01-04,265.68,302.4,254.88,259.2,4170.87
2023-01-05,308.88,386.64,288.554,345.6,13879.3
2023-01-06,313.2,319.334,272.16,306.72,2652.49
2023-01-09,302.4,330.394,291.6,306.72,1219.94
2023-01-10,278.64,291.6,259.2,274.32,1465.55
2023-01-11,241.92,250.56,213.862,224.64,3262.92
2023-01-12,270.0,319.68,241.92,306.72,5230.44
2023-01-13,302.4,343.44,302.4,317.52,1972.59
2023-01-17,403.92,403.92,356.4,393.12,4456.69
2023-01-18,388.8,399.6,345.6,358.56,2251.24
2023-01-19,339.12,393.12,332.64,371.52,1261.9
2023-01-20,382.32,395.28,347.76,373.68,2004.08
2023-01-23,408.24,438.48,395.474,419.04,2546.84
2023-01-24,442.8,447.12,419.04,444.96,1569.2
2023-01-25,419.04,432.0,378.0,423.36,2339.19
2023-01-26,432.0,440.64,410.4,438.48,1283.44
2023-01-27,423.36,434.16,403.92,410.4,1291.31
2023-01-30,403.92,412.56,369.36,386.64,939.68
2023-01-31,386.64,423.36,382.946,414.72,843.379
2023-02-01,406.08,421.2,386.64,410.4,973.643
2023-02-02,427.68,475.2,421.2,457.898,2092.13
2023-02-03,434.16,453.6,406.08,425.52,1204.21
2023-02-06,410.4,691.2,410.4,574.56,14039.6
2023-02-07,552.96,594.0,522.72,587.52,4766.81
2023-02-08,529.2,542.16,453.622,470.88,1927.02
2023-02-09,442.8,468.72,378.0,408.24,1717.69
2023-02-10,403.92,453.6,401.76,410.4,690.282
2023-02-13,406.08,410.4,368.28,395.28,837.199
2023-02-14,380.16,419.04,280.8,291.6,8493.57
2023-02-15,332.64,354.24,293.76,347.76,7414.25
2023-02-16,360.72,427.658,354.24,388.8,4622.25
2023-02-17,378.0,403.92,345.6,399.6,1358.22
2023-02-21,399.6,399.6,347.76,386.64,1571.91
2023-02-22,360.72,373.68,330.48,352.08,1002.11
2023-02-23,371.52,386.64,352.08,362.88,927.717
2023-02-24,345.6,365.04,334.822,356.4,560.861
2023-02-27,347.76,363.96,336.463,339.12,643.745
2023-02-28,345.6,371.52,345.6,367.2,519.967
2023-03-01,375.84,375.84,352.08,360.72,217.999
2023-03-02,369.36,369.36,349.92,365.04,263.745
2023-03-03,339.12,365.04,339.12,352.08,538.203
2023-03-06,339.12,367.2,338.429,360.72,434.018
2023-03-07,360.72,360.72,339.12,347.76,238.611
2023-03-08,339.12,343.44,324.0,328.32,300.49
2023-03-09,326.16,334.584,291.6,291.6,412.222
2023-03-10,285.12,302.4,272.182,291.6,467.601
2023-03-13,302.4,343.44,280.8,320.76,1091.39
2023-03-14,382.32,384.48,332.64,352.08,1599.41
2023-03-15,339.12,352.08,330.48,343.44,307.967
2023-03-16,339.12,352.08,328.32,334.8,303.296
2023-03-17,360.72,386.64,347.76,362.88,2383.43
2023-03-20,380.16,399.6,369.36,380.16,792.328
2023-03-21,388.8,395.237,356.4,388.8,841.342
2023-03-22,388.8,388.8,345.6,365.04,613.569
2023-03-23,362.88,382.32,336.96,356.4,813.425
2023-03-24,345.6,363.744,304.582,334.8,1002.67
2023-03-27,339.12,345.6,311.04,326.16,384.518
2023-03-28,324.0,334.8,315.36,324.0,311.064
2023-03-29,352.08,352.08,319.68,334.8,399.208
2023-03-30,328.32,356.4,328.32,354.24,447.05
2023-03-31,356.4,360.72,336.96,360.72,338.699
2023-04-03,362.88,375.883,345.6,375.84,225.009
2023-04-04,343.44,365.04,334.8,341.28,423.652
2023-04-05,341.28,345.6,319.702,331.56,158.837
2023-04-06,321.84,341.28,317.52,319.68,225.939
2023-04-10,317.52,341.28,313.2,328.32,483.865
2023-04-11,356.4,362.88,321.84,343.44,1278.97
2023-04-12,345.6,345.6,304.56,324.0,543.231
2023-04-13,330.48,345.6,321.862,338.04,1133.42
2023-04-14,356.4,365.04,319.68,324.0,1419.1
2023-04-17,321.84,326.16,306.72,313.2,871.532
2023-04-18,330.48,337.284,321.84,324.0,591.874
2023-04-19,334.8,334.8,311.04,313.2,502.402
2023-04-20,313.2,326.16,298.08,315.36,578.583
2023-04-21,311.04,328.32,306.72,311.04,650.273
2023-04-24,304.56,319.658,282.96,292.68,742.476
2023-04-25,287.28,305.77,263.52,293.76,1354.66
2023-04-26,315.36,324.0,306.72,311.04,536.361
2023-04-27,308.88,313.2,285.12,295.92,791.24
2023-04-28,295.92,319.68,295.92,307.8,459.953
2023-05-01,317.52,319.68,295.92,304.56,299.296
2023-05-02,302.4,315.36,295.942,315.36,333.083
2023-05-03,308.88,321.602,295.92,300.24,200.624
2023-05-04,300.24,317.52,299.916,304.56,222.435
2023-05-05,308.88,319.68,298.102,306.72,427.675
2023-05-08,302.4,309.96,293.76,293.76,242.18
2023-05-09,293.76,302.4,289.44,300.24,358.509
2023-05-10,302.4,313.2,298.08,300.24,616.564
2023-05-11,317.52,317.52,298.08,311.04,668.416
2023-05-12,295.92,301.19,276.48,285.12,421.912
2023-05-15,287.28,289.44,265.702,289.44,465.222
2023-05-16,272.16,280.8,257.04,261.36,606.791
2023-05-17,252.72,267.84,244.08,267.84,602.074
2023-05-18,259.2,270.0,248.4,257.04,447.537
2023-05-19,259.2,265.68,241.92,257.04,256.935
2023-05-22,259.2,263.52,250.56,263.52,296.291
2023-05-23,261.36,270.0,252.72,252.72,365.296
2023-05-24,261.36,261.36,239.76,250.56,541.56
2023-05-25,244.08,257.04,241.92,250.56,225.328
2023-05-26,252.72,259.2,241.92,254.88,206.578
2023-05-30,257.04,270.0,250.56,257.04,526.675
2023-05-31,250.56,265.68,248.4,259.2,432.523
2023-06-01,250.56,282.982,248.486,265.68,674.291
2023-06-02,278.64,279.18,259.2,274.32,606.527
2023-06-05,265.68,274.32,252.72,265.68,592.097
2023-06-06,259.2,274.32,248.4,274.32,445.24
2023-06-07,254.88,274.32,252.72,259.2,601.847
2023-06-08,270.0,270.0,254.88,263.52,396.444
2023-06-09,263.52,265.68,241.92,250.56,424.879
2023-06-12,259.2,265.68,243.065,254.88,934.569
2023-06-13,252.72,259.2,247.32,248.4,331.861
2023-06-14,252.72,257.04,244.08,250.56,364.499
2023-06-15,241.92,252.396,226.8,233.28,708.305
2023-06-16,237.6,237.6,198.742,222.48,2425.4
2023-06-20,231.12,250.56,216.0,250.56,1143.29
2023-06-21,267.84,347.76,262.44,306.72,5713.56
2023-06-22,315.36,324.0,282.96,287.28,2677.85
2023-06-23,298.08,382.32,289.44,347.76,4980.81
2023-06-26,344.93,365.04,308.88,345.6,2056.82
2023-06-27,341.28,384.48,324.0,384.48,1304.6
2023-06-28,356.4,361.908,336.96,341.28,1212.97
2023-06-29,356.4,380.16,336.96,378.0,2126.73
2023-06-30,373.68,384.48,327.24,345.6,2628.7
2023-07-03,352.08,371.52,336.96,358.56,1591.66
2023-07-05,356.4,356.4,324.0,340.2,2067.25
2023-07-06,341.28,345.6,317.52,345.6,1230.56
2023-07-07,334.8,380.16,332.64,380.16,2842.54
2023-07-10,358.56,386.64,343.44,384.48,3248.8
2023-07-11,384.48,384.48,356.4,382.32,2928.21
2023-07-12,388.8,507.6,388.8,479.52,6778.72
2023-07-13,444.96,555.12,429.84,544.32,7761.04
2023-07-14,535.68,544.32,436.32,446.04,6106.98
2023-07-17,444.96,490.32,414.72,432.0,3825.68
2023-07-18,432.0,432.0,341.28,343.44,6586.64
2023-07-19,347.76,365.04,334.8,352.08,5063.43
2023-07-20,352.08,360.72,322.898,328.32,3985.04
2023-07-21,334.8,362.88,308.88,339.12,6000.08
2023-07-24,317.52,334.8,306.72,311.04,2526.93
2023-07-25,317.52,324.0,306.72,315.36,1778.03
2023-07-26,317.52,324.0,311.04,321.84,1479.71
2023-07-27,328.32,332.64,306.72,306.72,1463.91
2023-07-28,304.56,317.52,304.56,313.2,1047.25
2023-07-31,319.68,321.84,302.4,315.36,1977.09
2023-08-01,298.08,308.88,293.76,298.08,1661.57
2023-08-02,304.56,306.698,287.28,298.08,1355.06
2023-08-03,293.76,298.08,280.8,285.12,850.861
2023-08-04,289.44,291.6,282.96,287.28,348.754
2023-08-07,280.8,282.96,259.2,274.32,2162.06
2023-08-08,287.28,313.2,280.8,308.88,3786.83
2023-08-09,306.72,334.8,302.4,304.56,2041.36
2023-08-10,319.68,319.68,302.422,308.88,617.865
2023-08-11,313.2,313.2,293.76,308.88,545.731
2023-08-14,295.92,308.88,250.56,280.8,2274.54
2023-08-15,282.96,287.258,259.2,274.32,531.787
2023-08-16,270.0,277.085,252.72,257.04,605.083
2023-08-17,257.04,270.0,230.753,233.28,1416.76
2023-08-18,231.12,248.4,226.8,228.96,1044.56
2023-08-21,237.6,259.2,228.96,248.4,936.749
2023-08-22,248.4,259.2,246.24,246.24,769.884
2023-08-23,248.4,259.2,246.24,254.88,689.462
2023-08-24,259.2,259.2,235.44,235.44,805.319
2023-08-25,239.76,246.24,213.84,218.16,2877.35
2023-08-28,224.64,235.44,205.2,214.121,1631.37
2023-08-29,213.84,276.48,207.878,265.68,2926.62
2023-08-30,246.24,262.57,244.08,250.56,1178.19
2023-08-31,248.4,250.56,228.96,250.56,1745.0
2023-09-01,244.08,259.2,233.28,246.24,556.652
2023-09-05,252.72,252.72,233.28,244.08,521.24
2023-09-06,244.08,244.08,231.12,239.76,293.152
2023-09-07,233.28,241.92,231.12,235.44,293.481
2023-09-08,237.6,241.92,228.96,237.6,690.361
2023-09-11,228.96,237.6,224.64,226.8,624.902
2023-09-12,224.64,245.873,224.64,235.44,638.217
2023-09-13,233.28,241.855,231.12,237.6,105.611
2023-09-14,235.44,241.92,235.44,241.92,391.393
2023-09-15,235.44,239.76,231.12,233.28,324.953
2023-09-18,237.6,241.92,228.96,237.6,498.851
2023-09-19,228.96,241.92,224.64,233.28,550.652
2023-09-20,239.76,239.76,224.64,231.12,273.143
2023-09-21,226.8,231.12,222.48,222.48,263.759
2023-09-22,224.64,226.8,216.432,224.64,435.166
2023-09-25,222.48,226.8,216.043,216.043,336.148
2023-09-26,237.6,237.6,203.04,213.84,703.407
2023-09-27,226.8,226.8,205.848,216.0,420.953
2023-09-28,216.0,224.64,206.172,224.64,423.874
2023-09-29,228.96,228.96,209.52,216.0,366.032
2023-10-02,235.44,235.44,210.514,226.8,634.324
2023-10-03,218.16,221.962,207.36,211.68,370.356
2023-10-04,209.52,224.618,205.2,218.16,395.05
2023-10-05,209.52,218.16,207.36,211.378,540.023
2023-10-06,211.68,220.32,211.68,220.32,287.731
2023-10-09,211.723,222.48,211.723,212.479,194.962
2023-10-10,216.0,220.32,205.2,218.16,293.282
2023-10-11,216.0,237.6,208.915,235.44,670.796
2023-10-12,237.6,237.6,218.16,237.6,345.476
2023-10-13,233.28,235.44,216.0,222.48,232.745
2023-10-16,235.44,248.4,213.775,224.64,916.828
2023-10-17,220.32,233.28,220.32,220.32,307.907
2023-10-18,220.32,220.32,208.44,220.32,329.236
2023-10-19,216.0,218.16,205.416,208.462,504.912
2023-10-20,215.266,218.16,203.04,203.04,618.874
2023-10-23,218.16,237.6,209.52,235.44,869.398
2023-10-24,259.2,298.08,254.902,298.08,3542.86
2023-10-25,293.76,334.8,270.0,315.36,2886.01
2023-10-26,287.28,289.44,239.76,241.92,1288.62
2023-10-27,246.24,276.48,239.76,254.88,811.004
2023-10-30,246.24,272.16,246.24,259.2,582.893
2023-10-31,257.04,278.64,254.88,270.0,397.981
2023-11-01,280.8,280.8,248.4,259.2,630.833
2023-11-02,263.52,278.64,254.88,263.52,1038.96
2023-11-03,267.84,267.84,241.92,259.2,970.074
2023-11-06,259.2,270.0,244.08,248.4,804.916
2023-11-07,248.4,257.04,239.76,252.72,428.828
2023-11-08,252.72,252.72,233.28,239.76,750.009
2023-11-09,263.52,272.16,235.44,246.24,1870.54
2023-11-10,248.4,256.91,241.92,248.4,1243.31
2023-11-13,237.6,246.24,233.28,235.44,690.078
2023-11-14,235.44,243.0,218.16,237.6,1302.23
2023-11-15,228.96,259.2,226.8,252.72,1390.01
2023-11-16,252.72,261.36,237.6,261.36,1017.7
2023-11-17,248.4,254.88,239.76,241.92,766.689
2023-11-20,252.72,257.04,239.76,250.56,728.689
2023-11-21,250.56,250.56,241.92,246.24,209.208
2023-11-22,246.24,246.326,237.6,244.08,440.425
2023-11-24,239.76,254.88,226.8,254.88,1130.91
2023-11-27,259.2,261.36,246.24,248.4,861.574
2023-11-28,248.4,261.36,246.24,261.36,1124.7
2023-11-29,261.36,265.68,248.4,250.56,658.046
2023-11-30,252.72,259.2,239.76,239.76,702.648
2023-12-01,241.92,270.0,241.92,267.84,1303.86
2023-12-04,313.2,362.88,287.28,362.88,5567.9
2023-12-05,321.84,378.0,308.88,365.04,4485.49
2023-12-06,373.68,382.32,343.44,350.762,1619.94
2023-12-07,343.44,345.6,306.72,334.8,1486.37
2023-12-08,341.28,414.72,326.16,401.76,3943.21
2023-12-11,369.36,390.118,330.48,341.28,3317.21
2023-12-12,358.56,380.16,345.6,354.24,2210.1
2023-12-13,339.12,397.44,334.8,392.04,2399.37
2023-12-14,403.92,464.4,393.12,462.24,6496.48
2023-12-15,429.84,449.28,393.12,447.12,4765.27
2023-12-18,412.56,440.1,393.12,408.24,4586.11
2023-12-19,427.68,455.76,403.92,429.84,3434.6
2023-12-20,444.96,509.76,434.16,464.4,6187.59
2023-12-21,492.48,555.12,475.2,555.12,6391.47
2023-12-22,585.36,777.6,583.2,749.52,20996.4
2023-12-26,738.72,762.48,691.2,740.88,8741.08
2023-12-27,714.96,941.76,714.96,810.0,18932.7
2023-12-28,775.44,915.84,758.16,881.28,16504.3
2023-12-29,838.08,900.72,766.8,807.84,16425.5
2024-01-02,954.72,961.2,708.48,723.6,13304.7
2024-01-03,689.04,833.76,622.08,816.48,10453.2
2024-01-04,818.64,868.32,771.12,825.12,6549.45
2024-01-05,805.68,809.741,714.96,756.0,4012.99
2024-01-08,667.44,718.416,610.092,684.72,11296.6
2024-01-09,626.4,628.56,520.582,537.84,10814.1
2024-01-10,540.0,673.423,531.36,598.32,10736.0
2024-01-11,643.68,676.08,535.68,548.64,9911.0
2024-01-12,529.2,540.0,434.16,440.64,9784.47
2024-01-16,451.44,481.68,438.48,451.44,4233.3
2024-01-17,440.64,442.8,414.72,427.68,2140.5
2024-01-18,427.68,455.76,371.52,380.16,4106.7
2024-01-19,390.96,406.08,356.4,406.08,4044.79
2024-01-22,403.92,440.618,388.411,403.92,3205.46
2024-01-23,386.64,412.56,377.114,388.8,1581.6
2024-01-24,401.76,431.546,386.64,401.76,2105.81
2024-01-25,410.4,419.04,384.48,406.08,946.768
2024-01-26,432.0,496.8,422.064,494.64,5088.04
2024-01-29,483.84,533.52,481.68,522.72,6208.74
2024-01-30,501.12,514.037,457.92,466.56,3713.92
2024-01-31,449.28,468.72,403.92,434.16,3184.03
2024-02-01,436.32,459.864,425.52,449.28,1768.79
2024-02-02,444.96,449.28,414.72,416.88,1670.24
2024-02-05,416.88,436.32,395.28,397.44,2473.6
2024-02-06,397.44,410.4,384.48,401.76,2345.87
2024-02-07,408.24,408.24,373.68,401.76,1932.98
2024-02-08,403.92,501.12,403.92,483.84,5692.83
2024-02-09,514.08,550.8,490.32,537.84,5827.9
2024-02-12,557.28,615.6,544.32,615.6,7491.37
2024-02-13,555.12,581.04,503.28,529.2,4210.07
2024-02-14,600.48,630.72,574.754,613.44,5335.09
2024-02-15,613.44,626.378,544.32,557.28,5091.77
2024-02-16,563.76,581.04,522.72,546.48,2255.65
2024-02-20,533.52,540.0,477.36,501.12,2360.45
2024-02-21,475.2,486.0,462.24,466.56,1403.18
2024-02-22,470.88,518.4,462.24,492.48,2381.84
2024-02-23,492.48,492.48,444.96,453.6,1641.61
2024-02-26,462.24,546.48,460.08,537.84,4122.94
2024-02-27,594.0,600.48,527.04,570.24,5758.18
2024-02-28,552.96,596.16,529.2,535.68,5753.31
2024-02-29,544.32,559.44,436.32,436.32,6818.21
2024-03-01,462.24,503.28,453.6,501.12,3060.36
2024-03-04,496.8,516.24,460.08,475.2,4674.65
2024-03-05,432.0,447.12,378.0,386.64,6816.94
2024-03-06,421.2,436.126,401.76,416.88,2464.81
2024-03-07,432.0,432.0,401.738,408.24,2011.44
2024-03-08,432.0,457.92,414.72,433.08,3936.85
2024-03-11,427.68,446.602,388.8,390.96,3699.22
2024-03-12,401.76,403.92,373.68,386.64,2113.04
2024-03-13,395.28,397.44,378.0,380.16,2059.48
2024-03-14,369.36,369.36,306.72,336.96,4033.37
2024-03-15,328.32,356.4,326.16,356.4,2961.44
2024-03-18,349.92,380.117,334.8,356.4,1790.91
2024-03-19,343.44,345.6,319.68,324.0,1528.07
2024-03-20,324.0,388.778,324.0,380.16,2709.31
2024-03-21,380.16,386.64,346.68,352.08,2231.26
2024-03-22,356.4,369.36,336.96,352.08,2289.39
2024-03-25,360.72,374.76,347.76,352.08,2728.74
2024-03-26,358.56,362.88,332.64,339.12,1705.56
2024-03-27,339.12,349.92,332.64,345.6,811.55
2024-03-28,347.76,535.68,339.142,468.72,12510.7
2024-04-01,436.32,444.96,373.68,397.44,5393.55
2024-04-02,356.4,371.52,345.6,365.04,2334.69
2024-04-03,362.88,371.542,356.4,356.4,1383.77
2024-04-04,360.72,375.84,336.96,336.96,2582.51
2024-04-05,341.28,373.68,336.96,343.44,1782.37
2024-04-08,371.52,375.84,345.6,354.24,2023.09
2024-04-09,356.4,365.256,343.44,345.6,1069.44
2024-04-10,347.76,354.24,331.56,341.28,1056.24
2024-04-11,339.12,341.28,319.68,328.32,1285.69
2024-04-12,328.32,328.32,302.4,311.04,1371.92
2024-04-15,308.88,317.52,278.64,289.44,1262.62
2024-04-16,291.6,315.36,285.12,311.04,884.953
2024-04-17,319.68,319.68,302.4,319.68,778.652
2024-04-18,319.68,341.28,311.04,313.2,1094.16
2024-04-19,326.16,334.8,311.04,319.68,1409.79
2024-04-22,330.48,358.56,313.222,341.28,1611.98
2024-04-23,336.96,356.4,326.16,336.96,1427.55
2024-04-24,334.8,342.014,313.2,326.16,978.782
2024-04-25,317.52,334.8,308.88,328.32,606.097
2024-04-26,308.88,332.64,308.88,328.32,794.685
2024-04-29,326.16,328.169,315.36,321.84,705.074
2024-04-30,315.36,317.52,295.92,300.24,848.912
2024-05-01,291.6,311.04,287.28,295.92,841.787
2024-05-02,304.56,304.56,289.44,300.24,904.953
2024-05-03,306.72,313.2,290.39,293.76,627.921
2024-05-06,306.72,319.68,287.28,291.6,947.018
2024-05-07,295.92,295.92,285.12,293.76,824.597
2024-05-08,291.6,291.6,276.48,291.6,733.611
2024-05-09,287.28,299.938,280.8,295.92,558.296
2024-05-10,295.92,304.56,274.342,278.64,1063.97
2024-05-13,298.08,302.4,287.28,302.4,745.143
2024-05-14,300.24,302.033,285.12,291.6,743.638
2024-05-15,300.24,330.48,293.76,324.0,1491.94
2024-05-16,317.52,324.0,292.68,298.08,1698.99
2024-05-17,287.28,313.2,287.28,311.04,816.481
2024-05-20,311.04,334.8,298.08,321.84,2051.56
2024-05-21,324.0,332.64,306.72,315.36,1342.76
2024-05-22,319.68,334.8,308.88,313.2,1492.06
2024-05-23,308.88,321.559,291.6,295.92,868.129
2024-05-24,300.24,306.72,287.28,295.92,865.277
2024-05-28,298.08,313.2,291.6,300.24,830.305
2024-05-29,291.6,302.4,291.6,298.08,359.939
2024-05-30,295.92,313.2,295.92,304.56,618.569
2024-05-31,300.24,306.72,291.6,298.08,446.893
2024-06-03,306.72,312.919,289.44,298.08,785.342
2024-06-04,291.6,300.24,285.12,291.6,1385.85
2024-06-05,289.44,302.4,281.88,301.968,1201.18
2024-06-06,291.6,354.24,289.656,326.16,4356.23
2024-06-07,291.6,326.16,291.6,302.4,2682.32
2024-06-10,293.76,300.218,291.6,292.68,1205.12
2024-06-11,289.44,291.578,268.056,285.12,2000.3
2024-06-12,287.28,319.68,280.8,298.08,2667.8
2024-06-13,300.24,306.72,285.12,291.6,1295.6
2024-06-14,289.44,291.535,272.16,278.64,1790.72
2024-06-17,270.0,282.96,263.52,280.8,1799.97
2024-06-18,280.8,280.8,263.52,270.0,1836.06
2024-06-20,270.0,289.44,263.52,274.104,1410.38
2024-06-21,274.32,278.64,231.12,231.12,4766.13
2024-06-24,226.8,246.24,224.662,241.92,1945.6
2024-06-25,248.4,261.36,244.08,250.56,897.268
2024-06-26,250.56,267.84,246.24,254.88,1103.39
2024-06-27,254.88,270.0,253.8,267.84,967.268
2024-06-28,267.84,267.84,248.4,248.4,1666.24
2024-07-01,254.88,276.48,251.424,263.52,1849.31
2024-07-02,259.2,270.0,254.88,261.36,817.976
2024-07-03,261.36,267.84,257.018,261.36,386.05
2024-07-05,248.4,265.68,244.08,257.472,1522.33
2024-07-08,261.36,263.52,250.56,254.88,717.425
2024-07-09,261.36,261.36,235.44,239.76,1095.64
2024-07-10,248.4,252.72,235.44,239.76,1626.38
2024-07-11,252.72,252.72,233.28,239.76,981.504
2024-07-12,239.76,250.56,237.6,243.0,945.12
2024-07-15,250.56,300.24,248.4,289.44,6351.89
2024-07-16,287.28,368.95,284.947,360.72,9482.29
2024-07-17,345.6,373.68,317.52,326.16,7567.25
2024-07-18,334.8,354.218,311.04,324.0,3167.74
2024-07-19,302.4,334.8,282.96,317.52,3530.32
2024-07-22,319.68,386.64,319.68,380.16,9725.21
2024-07-23,356.4,371.52,321.84,321.84,3693.49
2024-07-24,319.68,365.04,311.062,343.44,5097.18
2024-07-25,328.32,345.6,317.52,324.0,1544.12
2024-07-26,334.8,360.72,333.72,352.08,2899.65
2024-07-29,365.04,429.84,349.92,354.24,6892.22
2024-07-30,339.12,349.92,302.4,311.04,3733.18
2024-07-31,330.48,339.12,298.08,304.56,2559.41
2024-08-01,304.56,311.018,270.0,282.96,2912.55
2024-08-02,282.96,293.76,250.56,263.52,3155.25
2024-08-05,228.96,257.04,226.8,244.08,3242.36
2024-08-06,259.2,278.64,241.92,261.36,1916.91
2024-08-07,270.0,272.16,237.6,241.92,1290.47
2024-08-08,252.72,267.84,246.24,261.36,988.962
2024-08-09,272.16,272.16,252.72,259.2,1565.9
2024-08-12,257.04,274.298,252.72,267.84,912.388
2024-08-13,265.68,295.682,265.68,280.8,1318.47
2024-08-14,285.12,285.12,261.36,261.36,1135.07
2024-08-15,270.0,278.64,261.36,265.68,702.675
2024-08-16,265.68,282.938,265.68,267.84,618.486
2024-08-19,265.68,273.24,257.04,265.68,925.254
2024-08-20,276.48,280.8,270.0,274.32,1075.01
2024-08-21,282.96,313.2,280.606,300.24,2382.61
2024-08-22,300.24,300.24,282.96,285.12,553.402
2024-08-23,293.76,332.64,282.982,321.84,2129.4
2024-08-26,324.0,326.808,293.76,317.52,2070.47
2024-08-27,304.56,315.36,272.16,291.6,2424.81
2024-08-28,293.76,295.92,263.52,272.16,1604.42
2024-08-29,274.32,291.859,265.68,276.48,1243.62
2024-08-30,278.64,285.12,259.718,270.0,644.351
2024-09-03,272.16,274.32,241.92,243.0,1763.5
2024-09-04,241.92,252.72,241.92,250.56,838.05
2024-09-05,252.72,254.318,231.12,233.28,1676.81
2024-09-06,241.92,247.32,233.28,235.44,1188.52
2024-09-09,237.6,241.92,233.28,239.76,1356.84
2024-09-10,241.92,252.72,241.92,252.72,622.953
2024-09-11,246.24,248.4,233.28,244.08,921.231
2024-09-12,241.92,257.04,241.92,248.4,801.523
2024-09-13,241.92,261.36,241.92,252.72,836.351
2024-09-16,250.56,251.64,244.08,246.24,591.319
2024-09-17,259.2,259.2,244.08,248.4,975.925
2024-09-18,248.4,270.0,244.08,254.88,938.05
2024-09-19,270.0,278.64,261.36,272.16,1494.27
2024-09-20,267.84,270.0,237.6,237.6,1044.03
2024-09-23,252.72,257.04,244.08,244.08,1233.81
2024-09-24,252.72,252.72,228.96,244.08,1784.0
2024-09-25,237.6,248.4,235.44,235.44,1138.63
2024-09-26,248.4,259.2,244.08,253.8,2403.65
2024-09-27,257.04,291.6,253.282,291.6,2660.13
2024-09-30,270.0,280.8,259.2,261.36,6041.88
2024-10-01,261.36,265.68,248.4,250.56,837.916
2024-10-02,248.4,261.338,244.08,246.24,1020.01
2024-10-03,250.56,259.2,246.24,250.56,720.986
2024-10-04,257.04,267.84,250.56,259.2,868.425
2024-10-07,259.2,260.302,244.08,248.4,667.097
2024-10-08,246.24,250.56,237.6,241.92,1046.14
2024-10-09,244.08,250.56,233.28,237.6,1659.94
2024-10-10,239.76,241.92,226.8,227.88,1207.03
2024-10-11,233.28,246.24,233.28,244.08,1311.62
2024-10-14,252.72,257.04,239.782,250.56,2339.17
2024-10-15,250.56,265.68,237.6,241.92,1993.55
2024-10-16,241.92,263.52,241.92,257.04,2992.29
2024-10-17,252.72,254.88,246.24,248.4,733.592
2024-10-18,252.72,267.84,252.72,262.44,2622.33
2024-10-21,261.36,263.326,248.4,257.04,1694.95
2024-10-22,250.56,261.36,248.4,257.04,1135.39
2024-10-23,252.72,254.88,235.44,241.92,2656.32
2024-10-24,252.72,254.88,244.08,248.4,2154.6
2024-10-25,248.4,257.04,239.76,241.92,1523.38
2024-10-28,244.08,270.0,244.08,267.84,3586.87
2024-10-29,272.16,308.88,250.56,293.76,6998.68
2024-10-30,287.28,295.92,257.04,261.36,2507.36
2024-10-31,261.36,269.978,248.4,250.56,1433.21
2024-11-01,259.2,267.84,248.4,251.64,1336.24
2024-11-04,250.56,250.56,241.92,244.08,1759.53
2024-11-05,250.56,261.36,249.48,257.04,1573.16
2024-11-06,282.96,295.92,261.36,293.76,6451.44
2024-11-07,263.52,278.64,235.44,267.84,10798.6
2024-11-08,248.4,259.2,241.92,244.08,6454.28
2024-11-11,259.2,282.96,252.72,280.8,14990.4
2024-11-12,270.0,302.4,259.2,291.6,11505.1
2024-11-13,290.52,333.72,276.48,287.28,18232.4
2024-11-14,311.04,311.04,258.12,259.2,9012.14
2024-11-15,270.0,272.16,253.8,265.68,4981.5
2024-11-18,261.36,264.6,241.92,246.24,9131.56
2024-11-19,244.08,261.36,220.32,252.72,12046.7
2024-11-20,250.56,259.2,235.44,241.92,5388.37
2024-11-21,248.4,250.56,228.96,241.92,6931.43
2024-11-22,241.92,259.2,239.76,252.72,7203.69
2024-11-25,248.4,252.72,235.44,244.08,5062.23
2024-11-26,235.44,238.68,226.8,228.96,5608.38
2024-11-27,233.28,237.6,224.64,237.6,4601.11
2024-11-29,237.6,252.72,235.44,241.92,4337.85
2024-12-02,212.328,241.92,194.4,205.222,19831.4
2024-12-03,187.661,196.128,158.695,175.932,17376.1
2024-12-04,170.618,172.8,142.992,146.232,13796.1
2024-12-05,150.984,155.542,129.6,138.521,16330.5
2024-12-06,131.76,148.889,131.177,148.889,11574.3
2024-12-09,155.455,159.84,150.552,158.954,8142.81
2024-12-10,159.106,164.16,151.157,159.181,3863.88
2024-12-11,166.32,181.44,162.194,169.97,5015.73
2024-12-12,171.742,175.392,162.864,166.061,2941.42
2024-12-13,170.64,170.64,155.52,158.112,2516.12
2024-12-16,164.03,170.64,158.047,165.629,3412.27
2024-12-17,168.48,168.48,150.574,151.848,3130.18
2024-12-18,152.712,160.92,142.927,144.439,3588.84
2024-12-19,150.444,150.444,129.168,130.939,4316.32
2024-12-20,129.168,142.56,125.69,135.886,2855.04
2024-12-23,138.24,142.15,130.14,132.473,2229.02
2024-12-24,129.946,154.656,129.6,146.88,2634.56
2024-12-26,146.88,151.2,139.709,143.64,1413.63
2024-12-27,139.795,146.167,127.44,131.76,3623.39
2024-12-30,130.162,133.92,112.32,133.056,4661.59
2024-12-31,131.76,133.92,120.96,122.04,3132.91
2025-01-02,129.319,141.48,127.44,134.006,2394.73
2025-01-03,135.0,145.8,134.006,138.78,2470.39
2025-01-06,144.72,157.075,141.696,144.72,3939.83
2025-01-07,143.834,146.664,133.92,140.962,2003.29
2025-01-08,136.08,138.24,127.699,135.108,2037.89
2025-01-10,136.08,136.08,127.418,129.06,2130.14
2025-01-13,127.44,127.44,118.822,123.12,2001.55
2025-01-14,124.308,132.494,121.392,122.569,1395.8
2025-01-15,129.6,138.022,126.792,134.784,1742.92
2025-01-16,133.92,138.24,128.218,131.868,1335.74
2025-01-17,131.76,138.11,126.36,126.576,3285.74
2025-01-21,130.68,132.84,120.96,123.12,2369.58
2025-01-22,120.96,125.28,116.856,117.958,2361.49
2025-01-23,115.106,115.106,105.84,108.022,3867.62
2025-01-24,108.0,112.32,105.84,109.534,1864.76
2025-01-27,105.84,114.458,101.585,101.952,2289.15
2025-01-28,106.272,106.272,98.928,99.36,1549.16
2025-01-29,97.2,101.52,97.2,99.576,1068.62
2025-01-30,102.125,137.117,100.44,107.849,25566.5
2025-01-31,108.0,125.258,108.0,111.024,5797.88
2025-02-03,103.68,118.8,101.952,113.162,3133.78
2025-02-04,113.746,120.096,108.0,115.711,1439.49
2025-02-05,115.258,116.791,106.272,109.447,1425.37
2025-02-06,112.19,112.19,103.702,106.79,1328.79
2025-02-07,104.76,110.074,100.57,100.937,2365.12
2025-02-10,101.088,103.982,99.9864,101.142,977.787
2025-02-11,103.68,105.084,96.12,96.12,1315.46
2025-02-12,95.04,102.384,93.528,102.06,1137.04
2025-02-13,105.84,112.082,99.3816,109.922,1670.52
2025-02-14,116.64,118.541,108.756,115.776,1203.73
2025-02-18,118.8,118.822,105.84,106.985,1254.54
2025-02-19,110.16,110.16,101.542,106.488,973.763
2025-02-20,110.592,110.592,100.267,105.408,464.388
2025-02-21,108.0,108.0,98.7552,99.144,474.925
2025-02-24,103.464,103.658,95.3856,97.2216,1467.11
2025-02-25,97.2216,99.3168,91.3032,94.1976,1102.78
2025-02-26,94.8672,99.2952,91.584,92.232,971.342
2025-02-27,97.2,99.36,88.668,89.1,912.388
2025-02-28,90.72,90.72,87.5016,87.9984,942.708
2025-03-03,89.8344,142.452,64.8,73.9152,307886.0
2025-03-04,73.9152,93.7656,69.4224,75.6648,19883.4
2025-03-05,84.24,86.4,76.2696,80.784,7777.64
2025-03-06,79.92,85.9462,78.3,80.8704,3464.07
2025-03-07,79.92,116.64,78.192,97.2,22649.6
2025-03-10,91.368,91.368,82.08,84.1968,3720.26
2025-03-11,86.4,90.5904,82.08,90.504,1490.74
2025-03-12,86.616,93.3334,86.4002,87.5016,1029.27
2025-03-13,89.64,89.8776,83.1816,86.5944,825.749
2025-03-14,90.72,93.744,86.5944,88.8192,1702.84
2025-03-17,83.0304,88.5598,77.76,87.48,2790.79
2025-03-18,88.344,88.344,82.404,86.832,963.509
2025-03-19,86.4,88.344,80.4384,86.832,1355.8
2025-03-20,84.24,84.24,81.0,83.3654,1375.64
2025-03-21,85.3632,85.3632,80.1576,81.7992,1052.06
2025-03-24,82.08,90.72,82.0152,90.6552,2194.15
2025-03-25,90.6552,90.8319,85.4496,85.7952,1171.23
2025-03-26,88.344,89.4024,80.9784,83.8728,1447.97
2025-03-27,84.4776,85.86,81.216,83.1816,838.361
2025-03-28,81.1296,81.4104,76.0752,79.704,1235.29
2025-03-31,77.76,79.38,71.9928,73.44,1458.07
2025-04-01,71.712,78.5808,71.712,76.248,1017.65
2025-04-02,73.008,81.3672,73.008,79.2288,867.3
2025-04-03,77.112,78.9912,71.28,72.36,2152.8
2025-04-04,69.12,77.9544,69.12,72.252,1065.24
2025-04-07,69.12,74.9952,63.1368,70.6968,2289.06
2025-04-08,70.6968,72.8136,67.176,67.3272,962.24
2025-04-09,66.1176,72.4248,65.1456,71.9928,1542.95
2025-04-10,71.928,71.928,68.1048,70.0704,904.439
2025-04-11,69.12,72.6192,69.12,72.36,848.958
2025-04-14,72.36,74.0448,70.1568,72.2736,867.532
2025-04-15,75.6,79.488,67.824,74.4552,1233.72
2025-04-16,73.6992,75.6,71.6904,74.3904,402.199
2025-04-17,75.6,75.6,70.2946,75.3192,407.504
2025-04-21,72.36,76.8312,71.28,71.3448,922.203
2025-04-22,73.44,78.5376,71.496,74.7792,2086.42
2025-04-23,79.488,83.1816,75.7512,83.16,2023.04
2025-04-24,84.24,90.8496,82.728,90.72,2309.41
2025-04-25,90.72,90.72,83.5272,85.752,2152.81
2025-04-28,90.72,90.72,86.4,87.48,663.689
2025-04-29,88.56,97.1784,84.24,95.148,1548.07
2025-04-30,87.48,90.72,75.7512,80.0928,2647.94
2025-05-01,86.4,90.4824,84.672,85.968,1291.52
2025-05-02,87.264,92.2968,85.968,92.124,937.736
2025-05-05,90.72,90.72,86.6376,89.6616,376.222
2025-05-06,88.56,89.1432,84.24,85.3848,594.374
2025-05-07,85.9248,90.288,82.08,84.4776,680.472
2025-05-08,84.24,84.24,77.7816,82.3176,3618.55
2025-05-09,84.24,84.24,77.76,78.8616,3250.29
2025-05-12,84.456,84.456,76.3992,77.112,3103.0
2025-05-13,79.8984,84.24,77.0472,82.7064,2380.28
2025-05-14,82.08,99.144,82.08,91.4112,4402.09
2025-05-15,85.9248,91.152,84.3482,87.5016,1181.43
2025-05-16,86.4216,105.797,86.4216,100.699,6830.24
2025-05-19,100.656,100.656,91.8,97.6968,3160.43
2025-05-20,96.768,97.3296,90.72,93.9168,1278.93
2025-05-21,95.04,99.1872,88.9704,92.4264,2268.59
2025-05-22,95.04,97.092,90.72,94.3704,2337.28
2025-05-23,90.72,96.5304,85.3416,93.2688,1573.49
2025-05-27,93.096,96.12,86.4,89.4024,2527.68
2025-05-28,88.56,92.2968,85.32,89.7912,1395.58
2025-05-29,87.5664,90.072,32.4,76.0536,3723.33
2025-05-30,82.08,82.2744,75.816,78.84,1507.64
2025-06-02,81.432,81.432,73.44,75.4987,1718.62
2025-06-03,73.44,81.0,71.604,79.6392,928.092
2025-06-04,81.8856,87.8472,80.3522,85.201,1090.61
2025-06-05,88.56,93.96,83.4624,86.4,3450.06
2025-06-06,85.3632,92.6208,83.8512,90.5904,1568.49
2025-06-09,88.6032,95.0398,85.9248,91.3032,1148.95
2025-06-10,92.88,92.88,85.8492,87.7176,1109.7
2025-06-11,87.7176,91.8,84.24,86.4,1062.87
2025-06-12,85.32,87.0046,81.108,81.2376,928.06
2025-06-13,87.156,87.156,78.408,80.9568,1373.95
2025-06-16,84.2616,87.7176,79.9632,82.296,1324.65
2025-06-17,86.4,88.56,80.4168,81.5184,547.398
2025-06-18,83.2032,86.6376,79.6824,82.08,486.37
2025-06-20,88.128,88.128,78.3864,79.488,991.305
2025-06-23,80.6112,81.9936,75.708,78.3907,835.185
2025-06-24,79.7472,80.6976,76.5288,78.516,858.412
2025-06-25,82.08,83.808,77.328,77.76,905.291
2025-06-26,78.6456,79.8984,75.6,76.5072,1262.64
2025-06-27,77.76,79.92,75.816,78.5808,611.078
2025-06-30,44.28,47.52,38.88,40.392,107795.0
2025-07-01,49.788,96.0962,44.712,79.488,2074231.0
2025-07-02,61.452,69.768,58.32,63.504,77657.4
2025-07-03,63.504,63.72,52.92,54.54,27974.6
2025-07-07,51.84,68.04,48.8376,56.6784,73725.5
2025-07-08,63.72,68.58,61.56,62.64,69591.9
2025-07-09,64.26,64.26,55.8144,57.456,21557.4
2025-07-10,60.48,64.5408,51.84,59.832,45119.8
2025-07-11,68.3208,77.2416,64.908,65.448,125592.0
2025-07-14,66.7008,77.4792,64.584,70.3296,69043.2
2025-07-15,69.012,71.28,64.368,66.7224,22064.6
2025-07-16,66.4848,66.852,60.588,63.612,17688.6
2025-07-17,65.88,90.72,63.72,86.4,60422.9
2025-07-18,88.56,139.579,83.16,108.432,312409.0
2025-07-21,106.423,118.476,86.4,87.0696,44420.5
2025-07-22,90.1152,95.04,82.08,84.5208,19062.3
2025-07-23,87.0696,90.504,82.2096,82.2528,11852.3
2025-07-24,82.08,86.1192,79.488,82.3176,8942.17
2025-07-25,79.92,80.9417,70.416,74.0664,15721.5
2025-07-28,78.3648,79.4448,70.4376,72.576,7573.42
2025-07-29,71.28,76.68,65.9232,67.824,6562.06
2025-07-30,66.96,69.12,60.6528,63.0072,7592.86
2025-07-31,68.148,73.008,64.8,67.1976,8077.9
2025-08-01,66.96,69.0984,61.128,63.4392,6717.06
2025-08-04,69.12,70.848,63.072,66.1824,5772.62
2025-08-05,66.2472,66.96,62.856,63.504,2271.76
2025-08-06,63.1152,65.6424,60.6528,65.4048,3413.84
2025-08-07,66.96,73.008,64.217,68.04,7490.97
2025-08-08,68.04,70.1784,65.2752,69.336,4414.97
2025-08-11,71.28,71.712,65.167,65.167,5536.56
2025-08-12,65.2752,73.44,65.0592,73.1592,10147.7
2025-08-13,71.28,72.7056,65.3616,68.0832,5933.66
2025-08-14,69.12,69.12,64.9296,64.9728,3641.06
2025-08-15,66.96,66.96,64.8,65.1888,3729.3
2025-08-18,67.824,69.12,62.7696,64.8,3418.23
2025-08-19,66.744,66.744,60.696,61.668,2838.6
2025-08-20,64.6272,64.6918,59.4,60.7176,3842.49
2025-08-21,59.184,59.94,56.268,58.4712,4481.21
2025-08-22,58.32,63.1368,57.4776,62.1864,6049.77
2025-08-25,60.48,63.8926,59.724,60.48,4473.91
2025-08-26,62.64,62.64,58.9032,60.4582,2514.97
2025-08-27,60.48,61.344,58.32,59.4864,3117.55
2025-08-28,61.992,61.992,58.9872,60.858,1655.16
2025-08-29,60.8688,62.208,57.2616,57.9744,2347.7
2025-09-02,60.48,60.5016,54.3456,55.836,3707.61
2025-09-03,56.9592,59.0758,54.0,55.8144,2099.19
2025-09-04,58.32,59.076,51.8616,53.2008,4375.12
2025-09-05,56.16,56.16,51.9264,52.6392,3560.76
2025-09-08,52.92,55.404,50.76,51.1056,4133.53
2025-09-09,53.568,53.568,50.76,52.0992,2909.45
2025-09-10,53.568,54.0214,52.1856,53.9784,6066.71
2025-09-11,54.0,63.3744,54.0,60.48,10381.8
2025-09-12,63.72,63.72,56.4408,58.4928,5061.36
2025-09-15,55.1016,58.104,55.1016,56.1816,4153.36
2025-09-16,58.32,58.32,54.648,55.8144,2433.14
2025-09-17,52.92,58.536,52.92,58.536,34285.8
2025-09-18,62.424,62.424,55.296,57.6182,8232.54
2025-09-19,58.32,60.48,56.5056,60.4368,6080.81
2025-09-22,60.48,60.696,56.16,59.9832,3943.14
2025-09-23,60.48,61.1712,58.3222,60.2424,4115.0
2025-09-24,59.7672,60.2424,54.0,57.1752,9002.07
2025-09-25,57.1536,57.1536,55.3392,56.376,3368.62
2025-09-26,58.2552,58.2552,54.972,56.0952,4049.66
2025-09-29,56.16,60.048,55.944,59.1624,7968.81
2025-09-30,59.292,59.7456,56.0952,56.5704,3207.43
2025-10-01,58.32,83.16,57.2832,78.84,160786.0
2025-10-02,72.792,77.7384,65.556,73.0296,43512.7
2025-10-03,75.1896,95.7312,73.0296,90.288,57329.7
2025-10-06,143.014,205.2,126.36,176.148,1324043.0
2025-10-07,162.022,167.832,134.093,149.17,89368.2
2025-10-08,153.101,162.0,138.24,144.072,38273.4
2025-10-09,143.856,153.36,127.44,131.782,34477.7
2025-10-10,133.92,146.88,115.171,119.297,30935.6
2025-10-13,125.582,140.4,112.471,134.438,25977.8
2025-10-14,125.95,138.24,119.189,131.717,23924.3
2025-10-15,137.376,140.357,127.008,129.665,18343.5
2025-10-16,129.168,129.276,104.933,106.142,16532.9
2025-10-17,105.84,111.24,99.36,101.218,9737.26
2025-10-20,103.68,127.44,102.352,122.904,10660.2
2025-10-21,108.691,115.106,102.125,104.738,16723.3
2025-10-22,103.378,105.537,94.392,98.3448,10682.0
2025-10-23,91.8216,106.121,88.0632,102.47,11605.3
2025-10-24,101.52,105.408,97.2432,101.066,10306.5
2025-10-27,103.896,112.126,97.2,97.7832,12560.6
2025-10-28,106.92,115.56,99.792,99.792,18916.1
2025-10-29,97.0056,97.0056,83.2248,84.9528,19215.4
2025-10-30,86.616,87.4584,75.6216,77.4576,12064.0
2025-10-31,77.6088,82.0368,73.44,79.704,12968.4
2025-11-03,81.5832,83.16,73.7208,75.6,11305.6
2025-11-04,71.064,72.9864,66.096,69.4764,7273.33
2025-11-05,69.12,77.76,69.12,75.492,7129.12
2025-11-06,79.92,81.2808,67.608,68.2776,5726.18
2025-11-07,66.96,74.2392,61.0848,73.008,11094.2
2025-11-10,73.44,76.6584,69.5952,72.6624,5592.22
2025-11-11,70.2,70.2,64.8216,64.8216,4250.38
2025-11-12,67.2408,69.9408,65.4696,69.5736,7632.95
2025-11-13,68.472,70.4808,59.4216,59.4216,7965.88
2025-11-14,58.3416,61.9272,57.1536,57.4776,5465.86
2025-11-17,58.32,58.32,51.9696,52.3152,5916.0
2025-11-18,49.7016,54.6264,49.7016,52.2072,7094.71
2025-11-19,51.5808,56.1598,49.9176,50.544,5212.79
2025-11-20,54.0,55.9872,47.9952,49.8636,7133.26
2025-11-21,49.6152,51.8398,45.7706,47.8656,6201.91
2025-11-24,47.4984,57.1968,46.6992,53.8488,6834.06
2025-11-25,52.92,52.92,47.196,49.14,5652.68
2025-11-26,49.68,57.5856,48.6,52.5312,15308.1
2025-11-28,57.024,57.024,49.68,49.68,7431.13
2025-12-01,47.52,47.952,43.2,45.2952,10718.9
2025-12-02,46.332,48.168,44.3232,45.738,6389.28
2025-12-03,45.36,45.9,42.12,43.8048,7151.99
2025-12-04,43.1568,43.2,40.4352,41.472,14008.4
2025-12-05,41.688,42.4654,36.8496,38.772,14058.6
2025-12-08,39.096,39.096,35.208,35.6616,11197.4
2025-12-09,35.64,42.444,34.56,40.608,57721.6
2025-12-10,39.3336,39.9708,32.724,33.048,27589.7
2025-12-11,30.5424,31.212,26.3088,30.672,38988.9
2025-12-12,27.71,28.64,6.24,6.87,2071015.0
2025-12-15,5.9,6.6899,5.01,5.66,494651.0
2025-12-16,5.53,6.1,5.1,5.73,241713.0
2025-12-17,5.41,5.8299,4.53,4.89,341542.0
2025-12-18,4.95,6.79,4.71,4.85,1568644.0
2025-12-19,4.66,5.05,4.66,4.77,186462.0
2025-12-22,4.77,4.9182,4.15,4.6,241123.0
2025-12-23,4.41,4.42,3.9,4.01,195714.0
2025-12-24,3.83,3.9363,3.5739,3.75,123299.0
2025-12-26,3.75,3.75,3.33,3.38,119197.0
2025-12-29,3.36,3.5,3.28,3.29,110809.0
2025-12-30,3.52,3.859,3.25,3.78,179335.0
2025-12-31,3.66,3.6999,3.34,3.41,156830.0
2026-01-02,3.41,3.8,3.3,3.69,142306.0
2026-01-05,3.85,4.45,3.85,4.11,272480.0
2026-01-06,4.04,4.16,3.9,4.04,59605.0
2026-01-07,4.13,4.21,4.03,4.11,33270.0
2026-01-08,4.06,4.26,3.9,4.15,48841.0
2026-01-09,4.2,4.48,4.1188,4.345,68782.0
2026-01-12,4.38,5.39,4.35,5.26,166951.0
2026-01-13,5.3,5.3,4.602,4.8,162663.0
2026-01-14,4.88,5.15,4.7,4.7,65911.0
2026-01-15,4.72,4.7757,4.5,4.54,42025.0
2026-01-16,4.6,4.8,4.4435,4.695,53665.0
2026-01-20,4.55,4.7,4.45,4.59,38318.0
2026-01-21,4.41,4.5599,4.2,4.325,70871.0
2026-01-22,4.39,4.495,4.25,4.32,42451.0
2026-01-23,4.34,4.51,4.285,4.37,28359.0
2026-01-26,4.3,4.48,4.14,4.31,35203.0
2026-01-27,4.1563,4.38,3.78,3.87,68268.0
2026-01-28,3.91,4.15,3.88,4.01,34956
2026-01-29,4.12,4.13,3.8266,3.88,57681
2026-01-30,3.81,4.09,3.7,4.06,61451
2026-02-02,3.92,3.92,3.71,3.75,35899
2026-02-03,3.78,3.88,3.5,3.79,50374
2026-02-04,3.791,3.83,3.51,3.71,57841
2026-02-05,3.57,3.595,2.88,3.06,74866
2026-02-06,3.09,3.46,2.959,3.38,64644
2026-02-09,3.34,3.6621,3.1,3.35,33637
2026-02-10,3.39,3.39,3.1462,3.1706,16045
2026-02-11,3.31,3.31,2.6501,2.81,40280
2026-02-12,2.76,2.93,2.63,2.66,31035
2026-02-13,2.64,2.8899,2.635,2.82,14725
2026-02-17,2.82,2.9,2.76,2.89,15830
2026-02-18,2.93,2.965,2.8252,2.95,14214
2026-02-19,2.96,2.99,2.85,2.98,14391
2026-02-20,2.97,2.97,2.8151,2.94,14292
2026-02-23,2.78,2.9,2.75,2.83,10025
2026-02-24,2.76,2.885,2.76,2.84,9294
2026-02-25,2.92,2.9493,2.81,2.92,43733
2026-02-26,2.92,2.95,2.82,2.95,222061
2026-02-27,2.9,2.9398,2.8075,2.86,222076
2026-03-02,2.93,2.94,2.84,2.93,222062
2026-03-03,2.98,2.98,2.82,2.93,13996
2026-03-04,2.9,3.1,2.83,3.1,50338
2026-03-05,3.03,3.08,2.8501,2.9,19655
2026-03-06,2.89,2.9517,2.8529,2.92,222065
