date,open,high,low,close,volume
2020-02-18,6.2,6.34,5.97,6.145,23440
2020-02-19,6.25,6.25,6.03,6.05,6717
2020-02-20,6.0532,6.2071,6.05,6.183,13941
2020-02-21,6.27,6.3384,6.0416,6.09,23181
2020-02-24,6.0577,6.09,6.0226,6.04,7063
2020-02-25,6.0791,6.241,5.96,5.96,22267
2020-02-26,6.0375,6.05,5.96,5.9967,3677
2020-02-27,5.9708,5.9708,5.8,5.92,12565
2020-02-28,5.71,5.8271,5.6,5.6001,20651
2020-03-02,5.8682,6.0,5.68,5.7,4642
2020-03-03,5.64,5.7,5.52,5.547,23370
2020-03-04,5.82,5.895,5.7941,5.7941,1172
2020-03-05,5.9,5.9,5.62,5.9,6331
2020-03-06,5.9,5.9,5.4,5.69,9986
2020-03-09,5.3404,5.5,5.15,5.5,2742
2020-03-10,5.4019,5.9,5.04,5.7999,8819
2020-03-11,5.7,5.71,5.04,5.2,6895
2020-03-12,4.9,5.99,4.01,4.01,4898
2020-03-13,4.4,4.9,4.1,4.52,33750
2020-03-16,3.26,4.81,3.26,3.8,19764
2020-03-17,4.1192,4.2983,4.1192,4.2,1746
2020-03-18,3.95,4.5,3.67,4.22,4760
2020-03-19,3.97,4.22,3.6422,3.89,10984
2020-03-20,3.9,4.72,3.9,4.72,1214
2020-03-23,4.69,4.69,4.69,4.69,274
2020-03-24,4.7,4.7,3.84,4.46,4141
2020-03-25,4.1053,4.34,4.1053,4.28,7690
2020-03-26,4.64,4.64,4.64,4.64,104
2020-03-27,4.74,4.74,4.49,4.49,1044
2020-03-30,4.74,4.75,4.3,4.5,1914
2020-03-31,4.74,4.7401,4.4723,4.7401,3119
2020-04-01,4.7052,4.7052,4.6,4.695,6075
2020-04-02,4.6,4.79,4.45,4.79,1113
2020-04-03,4.84,4.84,4.5977,4.6,12761
2020-04-06,4.825,4.99,4.825,4.9894,1307
2020-04-07,5.0,5.1648,4.7283,4.982,5794
2020-04-08,4.8,4.8,4.7824,4.7999,839
2020-04-09,4.7901,4.8,4.623,4.7999,1506
2020-04-13,5.0,5.0,4.2223,4.2889,21846
2020-04-14,4.21,4.4,4.19,4.4,36979
2020-04-15,4.4,4.4,4.0,4.4,15498
2020-04-16,4.0347,4.37,4.0347,4.25,3796
2020-04-17,4.16,5.0,4.16,4.4,5773
2020-04-20,4.59,4.95,4.3735,4.428,4360
2020-04-21,4.39,4.5,4.25,4.2713,6030
2020-04-22,4.49,4.49,4.15,4.15,4710
2020-04-23,4.3,4.75,4.1101,4.5771,12038
2020-04-24,4.58,5.4,4.58,5.0,7488
2020-04-27,5.32,5.5,5.1312,5.45,21060
2020-04-28,5.72,5.72,5.3,5.43,25509
2020-04-29,5.65,5.65,5.36,5.37,3760
2020-04-30,5.5,5.55,5.36,5.3601,8224
2020-05-01,5.38,5.5005,5.35,5.4999,34132
2020-05-05,5.3193,5.4,5.2692,5.2692,2824
2020-05-06,5.27,5.27,4.8778,4.8778,4637
2020-05-07,5.3,5.3,4.76,4.76,2538
2020-05-08,5.2999,5.2999,5.2326,5.2326,663
2020-05-11,5.1901,5.1901,5.115,5.115,2621
2020-05-12,5.115,5.19,4.9,4.995,8648
2020-05-13,5.16,5.23,5.0,5.0,18772
2020-05-14,5.1,5.1019,4.6,4.8199,10234
2020-05-15,4.39,4.8,4.2502,4.45,24891
2020-05-18,5.45,5.45,4.66,4.75,10981
2020-05-19,4.65,4.85,4.37,4.37,14506
2020-05-20,4.6,4.8498,4.37,4.37,8659
2020-05-21,4.61,4.8399,4.5,4.5,3113
2020-05-22,4.6759,4.6923,4.442,4.442,5538
2020-05-26,4.75,4.75,4.57,4.6002,4581
2020-05-27,4.55,4.7607,4.55,4.62,3920
2020-05-28,4.685,4.735,4.5713,4.5763,4037
2020-05-29,4.566,4.566,4.566,4.566,486
2020-06-01,4.4932,4.7,4.467,4.7,949
2020-06-02,4.74,4.98,4.5999,4.98,2699
2020-06-03,4.77,5.34,4.58,4.89,50795
2020-06-04,5.21,5.5,4.76,4.9015,39555
2020-06-05,5.15,5.24,5.02,5.237,6085
2020-06-08,5.42,5.42,5.02,5.38,21895
2020-06-09,5.35,5.38,5.1867,5.36,17925
2020-06-10,5.36,5.36,5.0,5.05,7665
2020-06-11,5.17,6.4,4.41,4.805,30274
2020-06-12,5.12,5.63,4.94,4.94,6723
2020-06-15,5.61,5.61,4.66,5.39,6814
2020-06-16,5.1,5.4,4.865,4.96,11996
2020-06-17,5.31,5.3156,4.91,4.91,9096
2020-06-18,4.97,5.87,4.97,5.55,29788
2020-06-19,5.88,5.93,4.74,4.74,39773
2020-06-22,5.4824,5.4824,5.07,5.07,4356
2020-06-23,5.32,5.32,4.86,4.86,8023
2020-06-24,5.08,5.2999,4.86,4.9899,10284
2020-06-25,4.86,5.0,4.86,4.97,7291
2020-06-26,5.07,5.13,4.9,5.0,3287
2020-06-29,4.87,4.9104,4.75,4.75,2423
2020-06-30,5.04,5.04,4.42,4.6,14794
2020-07-01,4.6,4.92,4.6,4.92,2450
2020-07-02,4.9,4.9,4.62,4.725,1571
2020-07-06,4.92,4.92,4.5701,4.7334,3846
2020-07-07,4.6598,4.6833,4.58,4.6028,2872
2020-07-08,4.8307,4.8307,4.745,4.7537,2073
2020-07-09,4.69,4.69,4.69,4.69,557
2020-07-10,4.7362,4.7362,4.6158,4.6158,1016
2020-07-13,4.76,4.9,4.6,4.61,6800
2020-07-14,4.75,4.87,4.56,4.56,4092
2020-07-15,4.89,4.89,4.5601,4.66,3996
2020-07-16,4.6,4.6615,4.5,4.5,2257
2020-07-17,4.41,4.53,4.3516,4.46,4211
2020-07-20,4.46,4.55,4.4406,4.48,3154
2020-07-21,4.55,4.8344,4.55,4.75,6169
2020-07-22,4.8999,4.8999,4.7671,4.88,3055
2020-07-23,4.8,5.05,4.8,4.91,12038
2020-07-24,4.82,5.1,4.58,5.0999,9972
2020-07-27,5.1,5.12,5.0,5.0,2998
2020-07-28,5.12,5.12,4.98,4.98,1420
2020-07-29,4.8201,5.12,4.775,5.09,1880
2020-07-30,5.15,5.15,4.95,4.95,1385
2020-07-31,5.0,5.0,4.65,4.77,5032
2020-08-03,4.67,5.2458,4.67,5.2458,2521
2020-08-04,5.13,5.13,4.8667,4.8667,6192
2020-08-05,5.17,5.17,4.61,5.01,8239
2020-08-06,4.9736,4.9736,4.88,4.94,499
2020-08-07,4.99,4.99,4.7805,4.9,2857
2020-08-10,5.0,5.06,4.78,5.06,4492
2020-08-11,4.925,4.925,4.46,4.5,22305
2020-08-12,4.3,4.5,4.14,4.23,48588
2020-08-13,4.305,4.305,4.0906,4.0906,34351
2020-08-14,4.35,4.35,3.86,4.15,26913
2020-08-17,4.27,4.3,4.18,4.3,9070
2020-08-18,4.3061,4.3499,4.22,4.22,3995
2020-08-19,4.2993,4.2993,4.11,4.29,1891
2020-08-20,4.1802,4.22,4.15,4.15,2363
2020-08-21,4.1471,4.2,4.1,4.18,5459
2020-08-24,4.205,4.22,4.05,4.05,3447
2020-08-25,4.0501,4.3,4.05,4.205,5774
2020-08-26,4.14,4.39,4.08,4.1003,73080
2020-08-27,4.28,4.28,4.05,4.16,8039
2020-08-28,4.15,4.285,4.15,4.2,13593
2020-08-31,4.2,4.2,4.0,4.18,18699
2020-09-01,4.17,4.32,4.05,4.27,15859
2020-09-02,4.0101,4.29,4.0101,4.12,2824
2020-09-03,4.0503,4.095,3.85,3.99,14763
2020-09-04,4.05,4.05,3.8201,3.93,12800
2020-09-08,3.9186,4.24,3.83,4.16,10799
2020-09-09,4.02,4.0216,3.89,3.98,10325
2020-09-10,4.07,4.07,3.79,3.9806,8596
2020-09-11,4.0039,4.0039,3.82,3.87,3413
2020-09-14,3.924,4.24,3.85,4.24,5182
2020-09-15,4.22,4.32,3.9,3.96,28078
2020-09-16,3.89,4.15,3.89,3.93,6262
2020-09-17,3.86,4.05,3.62,3.75,30296
2020-09-18,3.75,3.9969,3.75,3.8,6103
2020-09-21,3.7,3.9669,3.7,3.75,4910
2020-09-22,3.79,3.79,3.76,3.76,1887
2020-09-23,3.75,3.885,3.72,3.75,7275
2020-09-24,3.75,3.7688,3.65,3.65,7105
2020-09-25,3.78,3.825,3.78,3.825,1326
2020-09-28,3.7945,3.7945,3.65,3.66,4635
2020-09-29,3.6,3.84,3.6,3.84,823
2020-09-30,3.8296,3.8296,3.73,3.8029,1706
2020-10-01,3.75,3.75,3.68,3.75,2940
2020-10-02,3.61,3.82,3.4501,3.82,32636
2020-10-05,3.7335,3.82,3.61,3.61,3587
2020-10-06,3.6645,4.04,3.6645,3.86,17131
2020-10-07,4.14,4.47,4.075,4.36,46498
2020-10-08,4.52,4.75,3.9401,4.23,14550
2020-10-09,4.2049,4.23,4.12,4.18,1259
2020-10-12,4.25,4.455,4.0,4.0,21450
2020-10-13,4.0333,4.065,4.0,4.0,7432
2020-10-14,4.0,4.2,4.0,4.0,5168
2020-10-15,4.09,4.09,3.7732,3.78,32190
2020-10-16,4.0,4.3373,3.86,4.1436,34475
2020-10-19,4.19,4.2117,3.8,3.95,12065
2020-10-20,4.01,4.0346,3.86,4.0199,3523
2020-10-21,3.95,4.2577,3.66,3.74,530079
2020-10-22,3.64,3.71,3.55,3.65,101464
2020-10-23,3.64,3.75,3.52,3.6,43527
2020-10-26,3.59,3.74,3.4,3.58,30270
2020-10-27,3.53,3.53,3.35,3.4,18063
2020-10-28,3.4,3.4585,3.3,3.35,8030
2020-10-29,3.35,3.43,3.35,3.4,3680
2020-10-30,3.385,3.49,3.3,3.4634,5449
2020-11-02,3.385,3.6038,3.385,3.4,14235
2020-11-03,3.64,3.65,3.47,3.55,6822
2020-11-04,3.5838,3.66,3.57,3.62,2112
2020-11-05,3.71,3.725,3.5939,3.69,4916
2020-11-06,3.4,3.6,3.4,3.56,9053
2020-11-09,3.56,3.86,3.529,3.86,34485
2020-11-10,3.98,3.98,3.86,3.9,8522
2020-11-11,3.92,4.25,3.92,4.1,14702
2020-11-12,4.1937,4.35,4.03,4.12,13549
2020-11-13,3.65,4.0001,3.65,3.95,27744
2020-11-16,4.09,4.09,3.92,3.96,11022
2020-11-17,4.0,4.01,3.9,4.0,45368
2020-11-18,4.05,4.3415,4.05,4.235,21658
2020-11-19,4.34,4.405,4.24,4.39,25693
2020-11-20,4.36,4.4,4.18,4.345,12629
2020-11-23,4.36,4.82,4.36,4.72,83548
2020-11-24,4.7764,4.7764,4.44,4.4523,27947
2020-11-25,4.43,4.75,4.43,4.7201,16178
2020-11-27,4.7069,4.8768,4.65,4.79,8384
2020-11-30,4.7201,4.9,4.48,4.49,14609
2020-12-01,4.49,4.8799,4.48,4.485,13944
2020-12-02,4.6101,4.6101,4.57,4.6,3133
2020-12-03,4.6,4.61,4.35,4.35,18032
2020-12-04,4.4148,4.466,4.384,4.4423,4101
2020-12-07,4.45,4.4862,4.4,4.425,5594
2020-12-08,4.41,4.41,4.345,4.345,12669
2020-12-09,4.3047,4.33,4.25,4.265,3847
2020-12-10,4.235,4.34,4.235,4.3299,2714
2020-12-11,4.307,4.37,4.2,4.25,18707
2020-12-14,4.2961,4.2961,4.25,4.255,6332
2020-12-15,4.22,4.3707,4.15,4.19,10853
2020-12-16,4.2308,4.32,4.2308,4.29,5691
2020-12-17,4.34,4.45,4.34,4.45,22440
2020-12-18,4.5,4.52,4.4639,4.48,15124
2020-12-21,4.56,4.56,4.2901,4.37,15753
2020-12-22,4.39,4.6,4.34,4.6,17916
2020-12-23,4.5999,4.6,4.41,4.56,21205
2020-12-24,4.51,4.51,4.4,4.42,5831
2020-12-28,4.5,4.5,4.31,4.32,8531
2020-12-29,4.4,4.469,4.25,4.25,10069
2020-12-30,4.6,4.6,4.12,4.23,48065
2020-12-31,4.5283,4.55,4.19,4.24,21874
2021-01-04,4.28,4.36,4.1,4.17,7468
2021-01-05,4.1457,4.29,4.05,4.29,4879
2021-01-06,4.18,5.28,4.18,5.28,169815
2021-01-07,4.74,4.8126,4.3,4.37,84696
2021-01-08,4.51,4.77,4.41,4.77,28561
2021-01-11,4.89,4.89,4.51,4.56,20198
2021-01-12,4.59,4.99,4.59,4.85,16284
2021-01-13,4.84,4.84,4.72,4.75,9478
2021-01-14,4.79,5.58,4.7515,5.35,78360
2021-01-15,5.35,6.16,5.03,5.655,78572
2021-01-19,5.95,5.98,5.49,5.59,33071
2021-01-20,5.64,5.798,5.53,5.53,37563
2021-01-21,5.69,5.69,5.1,5.2,32518
2021-01-22,5.3,5.4136,5.1699,5.29,33998
2021-01-25,5.29,5.3,5.1703,5.21,23697
2021-01-26,5.2,5.29,5.1,5.2291,46341
2021-01-27,5.2,5.2,4.95,4.97,92489
2021-01-28,4.91,5.1,4.8,4.92,77440
2021-01-29,4.94,5.0398,4.87,4.9,16123
2021-02-01,4.83,4.9999,4.75,4.84,17300
2021-02-02,4.89,5.36,4.89,5.09,41523
2021-02-03,5.0,5.0999,4.9,4.96,40212
2021-02-04,4.99,5.1623,4.9,4.95,35281
2021-02-05,5.0,5.47,4.9511,5.24,179706
2021-02-08,5.51,5.732,5.51,5.56,42073
2021-02-09,5.71,5.71,5.24,5.24,40649
2021-02-10,5.51,5.8599,5.413,5.55,35275
2021-02-11,5.65,6.9,5.27,6.2,150770
2021-02-12,6.26,7.05,6.21,6.7,172476
2021-02-16,6.95,6.95,6.2001,6.68,77483
2021-02-17,6.72,6.87,6.455,6.84,52807
2021-02-18,6.8401,7.85,6.8401,7.17,98235
2021-02-19,7.04,7.85,7.04,7.28,82122
2021-02-22,7.23,7.3,6.6401,7.07,38170
2021-02-23,6.82,6.82,5.7701,6.18,38453
2021-02-24,6.06,6.27,5.975,6.12,13256
2021-02-25,5.98,6.27,5.7696,5.8,38350
2021-02-26,5.9,6.18,5.7101,6.03,23215
2021-03-01,6.14,6.4,6.12,6.31,38412
2021-03-02,6.31,7.47,6.2,6.85,59020
2021-03-03,6.89,6.9,6.4101,6.49,28990
2021-03-04,6.5222,6.5222,6.2,6.23,19081
2021-03-05,6.23,6.37,6.0,6.36,24284
2021-03-08,6.41,6.41,6.1,6.175,27452
2021-03-09,6.18,6.83,6.18,6.55,15073
2021-03-10,6.84,7.45,6.6216,6.96,61073
2021-03-11,7.24,7.4,7.0,7.21,48901
2021-03-12,7.27,7.27,6.6269,6.87,22067
2021-03-15,6.87,8.0,6.87,7.42,49727
2021-03-16,7.55,7.56,7.3801,7.43,11261
2021-03-17,7.42,7.56,7.0001,7.5,40679
2021-03-18,7.42,7.53,6.8901,7.16,51914
2021-03-19,7.11,8.07,7.11,8.07,82458
2021-03-22,8.5,8.5,7.87,7.95,36044
2021-03-23,8.0,8.1083,7.6401,8.02,47737
2021-03-24,8.0,10.39,8.0,9.48,153815
2021-03-25,9.44,9.62,8.5,8.63,49019
2021-03-26,8.95,11.0,8.7512,10.45,137802
2021-03-29,11.53,13.3,9.4799,9.53,191358
2021-03-30,9.71,10.31,9.03,9.34,39085
2021-03-31,9.4,10.99,9.3106,10.92,58611
2021-04-01,11.0,11.93,10.11,10.7,77528
2021-04-05,10.57,10.9868,10.0,10.8,19189
2021-04-06,10.87,11.39,10.8135,11.32,33522
2021-04-07,11.36,11.36,10.51,10.95,22063
2021-04-08,11.09,11.4999,10.7401,11.28,20857
2021-04-09,11.22,11.45,10.8,11.11,12276
2021-04-12,11.03,11.03,10.65,10.65,28568
2021-04-13,10.72,10.97,9.9,10.28,19699
2021-04-14,10.25,10.66,9.48,9.5211,24373
2021-04-15,9.47,9.62,8.55,9.0,38678
2021-04-16,9.0,9.1158,8.22,8.22,42717
2021-04-19,8.15,8.6064,7.95,8.03,21852
2021-04-20,7.99,8.24,7.97,8.155,22289
2021-04-21,8.25,8.55,7.97,8.55,14682
2021-04-22,8.6272,9.32,8.61,9.07,13937
2021-04-23,9.15,10.25,9.15,10.25,23768
2021-04-26,10.25,10.3399,9.45,9.75,12774
2021-04-27,9.54,9.69,9.3929,9.48,4849
2021-04-28,9.47,9.9847,9.44,9.45,9176
2021-04-29,9.64,9.7899,9.45,9.75,14993
2021-04-30,9.75,9.75,8.71,9.0,16107
2021-05-03,9.2,9.605,8.7501,9.06,12186
2021-05-04,9.06,9.15,8.75,8.9976,9234
2021-05-05,9.385,9.385,9.0,9.01,7142
2021-05-06,8.99,10.1899,8.99,9.9417,48201
2021-05-07,9.96,10.4505,9.96,10.13,9504
2021-05-10,9.9954,10.1,9.3535,9.45,16813
2021-05-11,9.25,9.32,8.6101,9.2,15259
2021-05-12,8.97,9.27,8.78,8.78,15317
2021-05-13,8.74,9.44,8.74,8.91,4677
2021-05-14,9.13,10.06,8.8,9.75,30164
2021-05-17,9.44,9.94,8.9643,9.02,10630
2021-05-18,9.2014,10.0999,9.079,9.079,6390
2021-05-19,9.09,9.956,9.04,9.3,10240
2021-05-20,9.09,9.9899,9.09,9.3,10130
2021-05-21,9.24,9.3087,9.24,9.3087,1200
2021-05-24,9.52,9.99,9.5114,9.52,3845
2021-05-25,9.72,10.5,9.35,9.87,30339
2021-05-26,9.91,10.0,8.55,8.68,48744
2021-05-27,8.94,9.95,8.75,9.88,42923
2021-05-28,9.88,9.94,9.5,9.75,25871
2021-06-01,9.73,10.0,9.57,9.75,22715
2021-06-02,9.77,10.0,9.5701,9.805,12528
2021-06-03,9.81,10.3999,9.72,10.0,9112
2021-06-04,9.83,9.9093,9.69,9.838,6123
2021-06-07,9.87,9.9869,9.81,9.81,6634
2021-06-08,9.73,9.85,9.6201,9.72,11262
2021-06-09,9.6,9.7145,9.34,9.59,4225
2021-06-10,9.72,9.8439,9.3131,9.763,15661
2021-06-11,9.805,10.3,9.767,9.9751,19906
2021-06-14,10.14,11.0,10.055,10.61,59273
2021-06-15,10.82,10.9322,10.34,10.7,23601
2021-06-16,10.95,11.0,10.03,10.33,23827
2021-06-17,10.11,10.45,9.7,10.37,29038
2021-06-18,10.2678,10.9499,10.2259,10.9,23474
2021-06-21,10.89,10.89,10.49,10.5153,18373
2021-06-22,10.205,10.37,9.7001,10.06,18797
2021-06-23,10.05,10.05,9.9163,9.93,3120
2021-06-24,9.93,11.0,9.92,10.83,85638
2021-06-25,10.8,11.0,10.6474,10.8,25214
2021-06-28,10.52,10.9899,9.9201,10.57,6789
2021-06-29,10.44,10.49,10.31,10.32,8358
2021-06-30,10.31,10.31,10.24,10.26,7020
2021-07-01,10.1401,10.35,10.14,10.26,17571
2021-07-02,10.28,10.32,9.72,10.3066,21543
2021-07-06,10.29,10.7829,9.7401,10.34,50477
2021-07-07,10.3001,10.4,10.06,10.2,7229
2021-07-08,10.245,10.4399,9.8555,10.0599,15209
2021-07-09,10.06,10.06,9.72,9.85,16221
2021-07-12,9.92,9.9676,9.43,9.63,14971
2021-07-13,9.35,9.73,9.08,9.27,11425
2021-07-14,9.14,9.14,8.0,8.02,35811
2021-07-15,8.25,8.91,8.01,8.1,25483
2021-07-16,8.11,8.19,7.75,7.75,8072
2021-07-19,7.96,8.0,7.14,7.71,24064
2021-07-20,7.9,8.39,7.81,8.17,10687
2021-07-21,8.1,8.77,8.04,8.41,37957
2021-07-22,8.41,8.83,8.41,8.7217,760
2021-07-23,8.37,8.9312,7.95,8.2321,7484
2021-07-26,7.9942,8.05,7.9001,7.99,3768
2021-07-27,8.75,8.85,8.2888,8.2888,2219
2021-07-28,8.0,8.4085,8.0,8.15,8369
2021-07-29,8.0,8.05,7.96,7.99,7247
2021-07-30,7.965,7.965,7.9,7.9,567
2021-08-02,8.05,8.05,7.5,7.59,2990
2021-08-03,7.8233,8.0079,7.5054,7.6077,3009
2021-08-04,7.57,7.62,7.5001,7.62,1219
2021-08-05,7.52,7.585,7.26,7.345,4744
2021-08-06,7.5485,7.5485,7.35,7.36,8456
2021-08-09,7.4,7.66,7.3,7.5403,6101
2021-08-10,7.4844,7.77,7.38,7.77,2383
2021-08-11,7.7312,7.769,7.4579,7.4579,1796
2021-08-12,7.53,8.55,7.35,8.51,9564
2021-08-13,7.7,7.7,5.13,6.08,191009
2021-08-16,6.172,6.47,5.85,5.9,38971
2021-08-17,5.8,5.8733,5.4232,5.58,28830
2021-08-18,5.46,5.64,5.29,5.296,17692
2021-08-19,5.47,5.47,5.22,5.22,8927
2021-08-20,5.11,5.275,5.11,5.27,11442
2021-08-23,5.405,5.41,5.281,5.32,7034
2021-08-24,5.35,5.8825,5.2603,5.818,8471
2021-08-25,5.82,6.49,5.8101,6.31,13592
2021-08-26,6.35,6.385,6.18,6.18,5172
2021-08-27,6.34,6.75,6.34,6.62,22477
2021-08-30,6.77,6.77,6.15,6.54,18024
2021-08-31,6.61,6.71,6.31,6.31,14359
2021-09-01,6.34,6.49,6.34,6.3837,11223
2021-09-02,6.19,6.3699,5.85,5.85,26276
2021-09-03,5.97,6.6894,5.9078,6.68,26786
2021-09-07,6.9,6.93,6.4101,6.61,8223
2021-09-08,6.67,6.75,6.5,6.73,13915
2021-09-09,6.43,6.713,6.4192,6.6,4011
2021-09-10,6.4928,6.65,6.4,6.65,3204
2021-09-13,6.5,6.59,6.39,6.5,2635
2021-09-14,6.06,6.6099,6.0,6.5,8779
2021-09-15,6.43,6.43,6.16,6.16,4776
2021-09-16,6.1216,6.282,6.0,6.01,2730
2021-09-17,6.27,6.2889,6.1,6.1,11405
2021-09-20,5.95,6.0849,5.95,6.055,7538
2021-09-21,6.15,6.1638,5.9223,6.13,2534
2021-09-22,6.2188,6.37,6.1642,6.31,3118
2021-09-23,6.16,6.34,6.04,6.34,2251
2021-09-24,6.34,6.34,6.2723,6.2723,905
2021-09-27,6.25,6.265,6.25,6.265,1272
2021-09-28,6.25,6.25,6.2,6.2,5053
2021-09-29,6.16,6.2535,6.15,6.15,1202
2021-09-30,6.17,6.3699,6.17,6.1902,888
2021-10-01,6.27,6.27,6.21,6.2201,1048
2021-10-04,6.26,6.26,6.2,6.24,1461
2021-10-05,6.23,6.2328,6.23,6.2309,899
2021-10-06,6.2001,6.28,6.185,6.185,1015
2021-10-07,6.0358,6.2199,6.0185,6.08,2590
2021-10-08,6.0,6.09,6.0,6.0,8451
2021-10-11,5.94,6.16,5.86,5.86,3624
2021-10-12,5.98,6.0264,5.85,6.0264,3893
2021-10-13,5.96,6.09,5.95,6.09,4202
2021-10-14,6.08,6.2,6.08,6.2,6563
2021-10-15,5.9614,6.04,5.9614,6.04,675
2021-10-18,6.06,6.1,5.86,5.86,10791
2021-10-19,5.86,6.01,5.8584,6.01,4325
2021-10-20,5.8632,6.01,5.8632,6.0,3228
2021-10-21,5.96,5.96,5.96,5.96,576
2021-10-22,6.05,6.4915,6.05,6.31,57696
2021-10-25,6.17,6.3199,6.05,6.14,10123
2021-10-26,6.08,6.1022,5.91,5.91,7634
2021-10-27,5.91,6.19,5.9,6.035,7926
2021-10-28,6.08,6.08,5.55,5.65,27047
2021-10-29,5.83,5.83,5.19,5.35,15912
2021-11-01,5.2,5.4169,5.2,5.355,3448
2021-11-02,5.4,5.491,5.3,5.38,9961
2021-11-03,5.53,5.8108,5.4148,5.42,9850
2021-11-04,5.36,5.36,5.205,5.2146,5786
2021-11-05,5.19,5.19,5.1,5.1,6001
2021-11-08,5.12,6.25,5.12,6.1699,62920
2021-11-09,6.5,7.29,6.35,6.41,70323
2021-11-10,6.32,6.59,6.32,6.59,8773
2021-11-11,6.22,6.535,6.19,6.3987,25959
2021-11-12,6.28,6.5768,6.11,6.5,23171
2021-11-15,6.51,6.9,6.19,6.875,39192
2021-11-16,6.61,7.02,6.2,7.02,19154
2021-11-17,7.28,7.28,6.7281,6.965,8280
2021-11-18,6.97,6.97,6.328,6.3918,7833
2021-11-19,5.81,6.1649,5.77,6.01,4619
2021-11-22,6.27,6.4149,5.63,5.705,17958
2021-11-23,5.53,5.72,5.13,5.19,11145
2021-11-24,5.15,5.43,5.15,5.26,4658
2021-11-26,5.32,5.45,5.1001,5.21,7049
2021-11-29,5.27,5.27,5.0679,5.0679,6612
2021-11-30,5.08,5.08,4.2,4.6799,22317
2021-12-01,4.77,4.91,4.72,4.72,14632
2021-12-02,4.54,4.54,4.3,4.35,21433
2021-12-03,4.3,4.3,4.195,4.24,6683
2021-12-06,4.2699,4.35,4.17,4.35,13033
2021-12-07,4.35,4.435,4.25,4.35,13737
2021-12-08,4.26,4.3532,4.25,4.33,20178
2021-12-09,4.27,5.2498,4.26,4.99,21180
2021-12-10,5.5,5.5,4.875,4.9,8784
2021-12-13,4.9001,5.475,4.9001,5.3,8869
2021-12-14,5.3796,5.82,5.25,5.81,13182
2021-12-15,5.8101,6.3299,5.71,6.32,25248
2021-12-16,6.3,6.3995,5.884,5.9637,11187
2021-12-17,5.7446,5.9,5.7446,5.88,2997
2021-12-20,6.037,6.235,5.5,5.5,7444
2021-12-21,6.276,6.297,5.69,5.87,3333
2021-12-22,5.79,5.85,5.75,5.85,2776
2021-12-23,6.19,6.5,5.8446,6.39,19766
2021-12-27,6.09,6.19,6.027,6.19,3200
2021-12-28,6.1,6.4,6.04,6.16,10224
2021-12-29,6.095,6.095,6.095,6.095,428
2021-12-30,5.94,6.09,5.42,5.42,15989
2021-12-31,5.3849,5.6,5.01,5.1299,17380
2022-01-03,5.12,5.12,5.0,5.1,3684
2022-01-04,5.138,5.45,5.138,5.2,2725
2022-01-05,5.01,5.185,5.01,5.12,3463
2022-01-06,5.265,5.5967,5.0001,5.38,6471
2022-01-07,5.05,5.5384,5.0201,5.0201,1062
2022-01-10,5.25,5.355,5.25,5.35,3777
2022-01-11,5.45,5.46,5.16,5.38,4542
2022-01-12,5.47,5.47,5.47,5.47,158
2022-01-13,5.46,5.6,5.46,5.6,2654
2022-01-14,5.59,6.0942,5.59,6.0942,819
2022-01-18,5.835,5.8863,5.6004,5.6004,2101
2022-01-19,5.77,5.77,5.3,5.39,4681
2022-01-20,5.6482,5.6482,5.6,5.6,451
2022-01-21,5.29,5.4249,5.0,5.15,28610
2022-01-24,5.0,5.13,4.65,5.13,12929
2022-01-25,5.14,5.4764,4.95,5.127,4415
2022-01-26,5.65,5.65,5.58,5.58,845
2022-01-27,5.5,5.9,5.3,5.74,45182
2022-01-28,5.74,5.7402,5.2593,5.44,5970
2022-01-31,5.79,5.79,5.26,5.26,2609
2022-02-01,5.35,5.37,5.25,5.37,1359
2022-02-02,5.25,5.5339,5.07,5.07,20147
2022-02-03,5.05,5.62,5.05,5.62,11818
2022-02-04,5.0,5.0,4.5,4.62,63386
2022-02-07,4.87,4.9,4.615,4.64,14046
2022-02-08,4.8,5.095,4.6501,4.94,65810
2022-02-09,5.21,5.21,4.97,5.07,21207
2022-02-10,5.1,5.2,4.99,5.2,26043
2022-02-11,5.2,5.425,5.2,5.21,13619
2022-02-14,5.53,5.53,4.65,4.75,21611
2022-02-15,5.0198,5.0198,4.59,4.59,16235
2022-02-16,4.8099,4.81,4.665,4.6799,1536
2022-02-17,4.7104,4.7104,4.7,4.7,2793
2022-02-18,4.8,4.99,4.7126,4.99,9448
2022-02-23,4.7317,4.9,4.7317,4.85,6720
2022-02-24,4.78,6.24,4.725,6.1,75132
2022-02-25,5.7,5.9412,5.5,5.7,27723
2022-02-28,5.95,5.97,5.56,5.84,10977
2022-03-01,5.7,5.825,5.5473,5.65,20584
2022-03-02,5.41,5.62,5.41,5.62,6032
2022-03-03,5.79,5.79,5.53,5.53,8482
2022-03-04,5.5269,5.54,5.3974,5.54,4404
2022-03-07,6.0,6.04,5.5801,5.925,9534
2022-03-08,5.4464,6.09,5.3,6.09,19132
2022-03-09,5.63,6.08,5.5321,6.03,18643
2022-03-10,6.0032,6.0032,5.56,5.96,4582
2022-03-11,6.1,6.1,5.82,6.0,2905
2022-03-14,6.1,6.1,5.8918,5.91,19319
2022-03-15,6.0,6.1,5.85,5.86,15994
2022-03-16,6.04,6.04,5.84,5.84,5696
2022-03-17,6.0,6.2,5.75,5.76,69399
2022-03-18,5.89,6.1,5.65,5.7,44932
2022-03-21,5.7714,6.0,5.7714,5.92,4350
2022-03-22,6.04,6.05,5.975,6.04,11096
2022-03-23,6.09,6.09,5.86,5.86,8605
2022-03-24,6.0687,6.0687,5.93,5.96,9724
2022-03-25,5.96,5.97,5.85,5.85,5621
2022-03-28,6.0,6.0,5.8001,5.85,6230
2022-03-29,5.9,5.9568,5.81,5.81,37356
2022-03-30,5.8,5.9321,5.7519,5.8568,2203
2022-03-31,6.03,6.03,5.0,5.5,10688
2022-04-01,5.31,5.61,5.2808,5.36,23106
2022-04-04,5.23,5.4,5.23,5.27,20876
2022-04-05,5.46,5.4601,5.35,5.35,2498
2022-04-06,5.22,5.27,5.13,5.17,3289
2022-04-07,5.0302,5.095,4.7,4.7,5396
2022-04-08,4.7,4.765,4.55,4.765,2578
2022-04-11,4.8567,4.95,4.8,4.8,4461
2022-04-12,4.675,4.675,4.54,4.55,7507
2022-04-13,4.55,4.66,4.55,4.57,3660
2022-04-14,4.64,4.7,4.55,4.55,6082
2022-04-18,4.55,4.785,4.55,4.6969,12566
2022-04-19,4.6824,4.6824,4.35,4.5197,5926
2022-04-20,4.315,4.315,4.25,4.25,1443
2022-04-21,4.275,4.3699,4.26,4.3699,1787
2022-04-22,4.15,4.15,4.14,4.14,907
2022-04-25,4.14,4.26,4.14,4.26,4508
2022-04-26,4.14,4.254,4.14,4.21,970
2022-04-27,4.14,4.14,3.95,4.0,5758
2022-04-28,4.0001,4.0001,3.705,3.79,8277
2022-04-29,3.7525,3.77,3.395,3.65,7460
2022-05-02,3.69,3.8983,3.1,3.1,11676
2022-05-03,3.1,3.4,3.1,3.35,4513
2022-05-04,3.41,3.5108,3.3,3.44,1980
2022-05-05,3.3226,3.5447,3.3226,3.5447,6914
2022-05-06,3.63,3.7437,3.35,3.7437,3097
2022-05-09,3.785,3.785,3.3,3.3,3912
2022-05-10,3.45,3.55,3.45,3.45,2601
2022-05-11,3.4538,3.6,3.4501,3.6,979
2022-05-12,3.66,3.66,3.3,3.36,11594
2022-05-13,3.5027,3.565,3.371,3.415,2210
2022-05-16,3.6,3.61,3.6,3.61,635
2022-05-17,3.4103,3.4834,3.3899,3.4834,1821
2022-05-18,3.47,3.47,3.36,3.36,1683
2022-05-19,3.4,3.59,3.31,3.31,2649
2022-05-20,3.68,3.69,3.32,3.45,6795
2022-05-24,3.47,3.47,3.26,3.26,1086
2022-05-25,3.3,3.485,3.3,3.456,4950
2022-05-26,3.354,3.64,3.354,3.52,2042
2022-05-31,3.52,3.93,3.52,3.52,6964
2022-06-01,3.52,4.025,3.52,4.025,3107
2022-06-02,4.25,4.435,4.1206,4.185,2819
2022-06-03,4.2,4.22,4.2,4.22,456
2022-06-06,4.525,4.525,4.48,4.48,596
2022-06-07,4.5128,4.5783,4.49,4.49,1904
2022-06-08,4.59,4.69,4.3985,4.5,2650
2022-06-09,4.4146,4.46,4.4146,4.45,1472
2022-06-13,4.5,4.6734,4.2503,4.2503,1166
2022-06-14,4.6,4.6,4.11,4.11,13445
2022-06-15,4.16,4.45,4.04,4.04,1955
2022-06-16,4.02,4.39,3.75,4.0,10655
2022-06-17,4.129,4.15,3.95,4.15,3084
2022-06-21,4.32,4.35,4.28,4.28,1735
2022-06-22,3.96,3.96,3.96,3.96,319
2022-06-23,4.145,4.195,4.05,4.15,3669
2022-06-24,4.3,4.34,3.91,3.91,13114
2022-06-27,4.05,4.05,3.905,3.905,994
2022-06-28,3.75,3.925,3.536,3.75,19393
2022-06-29,3.78,4.05,3.62,3.75,8363
2022-06-30,3.75,3.83,3.75,3.83,1201
2022-07-01,4.11,4.11,4.11,4.11,209
2022-07-05,3.81,4.0,3.72,3.72,1277
2022-07-06,3.69,3.69,3.69,3.69,306
2022-07-07,3.88,3.88,3.88,3.88,733
2022-07-08,3.73,3.85,3.73,3.85,772
2022-07-11,3.85,3.85,3.85,3.85,704
2022-07-12,3.55,3.55,3.55,3.55,534
2022-07-13,3.57,3.8399,3.54,3.645,1566
2022-07-14,3.6501,3.6501,3.65,3.6501,1460
2022-07-15,3.65,3.65,3.65,3.65,186
2022-07-18,3.71,3.71,3.71,3.71,512
2022-07-19,3.8065,3.92,3.8,3.92,1368
2022-07-20,3.8,3.8,3.8,3.8,426
2022-07-21,3.75,3.9,3.7332,3.81,5959
2022-07-22,3.9,3.9,3.7101,3.805,2344
2022-07-25,3.88,4.0,3.88,3.99,2129
2022-07-26,3.9999,4.0,3.9709,4.0,3361
2022-07-27,4.0,4.0368,4.0,4.0,2409
2022-07-28,4.11,4.12,4.0355,4.06,2019
2022-07-29,4.4,4.41,4.0,4.0001,3063
2022-08-01,4.1,4.1612,4.1,4.16,5417
2022-08-02,4.1,4.1025,3.9,3.9,4027
2022-08-03,3.87,3.87,3.5201,3.735,6625
2022-08-04,3.8,3.81,3.8,3.8,682
2022-08-05,3.87,4.025,3.87,3.9,1007
2022-08-08,4.01,4.21,4.01,4.21,6282
2022-08-09,4.21,4.21,3.8851,4.15,1568
2022-08-10,4.11,4.181,4.11,4.181,1363
2022-08-11,3.9278,4.19,3.9278,4.19,629
2022-08-12,4.06,4.74,4.06,4.45,12046
2022-08-15,4.45,4.8,3.905,3.94,68497
2022-08-16,4.1199,4.1199,3.96,4.01,11695
2022-08-17,4.04,4.289,4.0,4.16,6694
2022-08-18,4.14,4.35,4.112,4.34,4908
2022-08-19,4.29,4.5,4.2277,4.375,11277
2022-08-22,4.46,4.46,4.28,4.39,1666
2022-08-23,4.341,4.5,4.25,4.5,2384
2022-08-24,4.26,4.26,4.18,4.2,763
2022-08-25,4.35,4.8399,4.35,4.5,6394
2022-08-26,4.425,4.425,4.35,4.35,1464
2022-08-29,4.35,4.35,4.3,4.3,382
2022-08-30,4.3395,4.3395,4.07,4.17,3454
2022-08-31,4.2205,4.33,4.12,4.18,2646
2022-09-02,4.01,4.1,4.01,4.1,2098
2022-09-06,4.17,4.17,4.17,4.17,298
2022-09-07,4.255,4.255,4.255,4.255,208
2022-09-08,4.02,4.2511,4.02,4.2511,642
2022-09-09,4.2,4.2,4.03,4.03,698
2022-09-12,4.15,4.39,4.15,4.35,2296
2022-09-13,4.3077,4.375,4.1,4.3299,10479
2022-09-14,4.24,4.3199,4.06,4.06,6251
2022-09-15,4.07,4.26,4.05,4.15,4920
2022-09-16,4.0532,4.17,4.0532,4.17,3484
2022-09-19,4.14,4.14,4.01,4.075,4151
2022-09-20,4.08,4.08,3.9,3.9,6451
2022-09-21,3.86,3.86,3.79,3.79,3199
2022-09-22,3.78,3.79,3.725,3.79,2137
2022-09-23,3.53,3.7,3.53,3.675,717
2022-09-26,3.71,3.7845,3.71,3.769,1407
2022-09-27,3.91,3.91,3.91,3.91,406
2022-09-29,3.65,3.65,3.65,3.65,565
2022-09-30,3.8,4.225,3.8,4.06,4561
2022-10-03,4.0,4.0,3.61,3.61,16904
2022-10-04,3.5,3.7,3.5,3.55,2908
2022-10-05,3.5501,3.65,3.5,3.5,16387
2022-10-06,3.5123,3.75,3.5,3.55,29294
2022-10-07,3.53,3.925,3.51,3.56,20706
2022-10-10,4.04,4.04,3.5509,3.65,3540
2022-10-11,3.78,3.78,3.5001,3.62,3596
2022-10-12,3.7232,3.7232,3.6,3.6,1245
2022-10-13,3.6093,3.6093,3.6093,3.6093,999
2022-10-14,3.6,3.6,3.6,3.6,214
2022-10-17,3.56,3.65,3.56,3.6473,1301
2022-10-18,3.65,3.846,3.65,3.72,6114
2022-10-19,3.75,3.75,3.5811,3.6,6767
2022-10-20,4.1,4.1049,3.8101,3.98,15386
2022-10-21,3.99,4.045,3.99,4.0,7713
2022-10-25,3.8,4.0,3.8,4.0,936
2022-10-26,4.0,4.0,3.81,3.81,3743
2022-10-27,3.83,3.975,3.6,3.8,10862
2022-10-28,3.69,3.79,3.49,3.49,6723
2022-10-31,3.5,3.52,3.25,3.25,8908
2022-11-01,3.25,3.33,3.2,3.2,10022
2022-11-02,3.2,3.53,3.2,3.3,5152
2022-11-03,3.58,3.58,3.33,3.33,1591
2022-11-04,3.35,3.35,3.33,3.34,2137
2022-11-07,3.5351,3.6342,3.5351,3.6342,877
2022-11-09,3.59,3.6899,3.48,3.48,7417
2022-11-10,3.4646,3.4999,3.3001,3.3001,4413
2022-11-11,3.3,3.5199,3.3,3.3048,3071
2022-11-14,3.4545,3.4545,3.3,3.4,11410
2022-11-15,3.48,3.49,3.1,3.15,49863
2022-11-16,3.24,3.2499,3.0,3.0,13484
2022-11-17,3.15,3.15,2.72,2.8,46482
2022-11-18,2.8,2.8,2.775,2.8,4265
2022-11-21,2.71,2.78,2.7,2.705,8018
2022-11-22,2.78,2.9841,2.76,2.81,24957
2022-11-23,3.12,3.12,2.61,2.91,14427
2022-11-25,2.8604,2.9,2.8604,2.9,865
2022-11-28,2.9,2.9,2.8,2.8,6536
2022-11-29,2.883,2.98,2.79,2.79,2117
2022-11-30,2.75,2.845,2.55,2.55,31448
2022-12-01,2.574,2.91,2.574,2.74,7718
2022-12-02,2.7762,2.7762,2.718,2.718,2260
2022-12-05,2.6068,2.8,2.6068,2.705,10312
2022-12-06,2.6,2.62,2.01,2.18,17640
2022-12-07,2.35,2.478,2.08,2.145,14240
2022-12-08,2.23,2.4,2.1095,2.38,11984
2022-12-09,2.45,2.5,2.3033,2.49,3941
2022-12-12,2.32,2.49,2.1069,2.174,11906
2022-12-13,2.26,2.3116,2.01,2.09,11008
2022-12-14,2.065,2.1,2.03,2.03,12943
2022-12-15,2.09,2.09,1.98,2.0614,23660
2022-12-16,2.04,2.14,2.0,2.14,11861
2022-12-19,2.295,2.575,2.295,2.545,1502
2022-12-20,2.42,2.42,1.9001,2.0,33222
2022-12-21,2.01,2.1999,1.9788,1.99,7706
2022-12-22,2.0188,2.0643,2.0,2.0,16408
2022-12-23,2.0,2.3,2.0,2.1,9720
2022-12-27,2.25,2.25,2.0909,2.0909,1521
2022-12-28,2.26,2.26,1.95,1.98,5378
2022-12-29,1.98,2.0,1.8008,1.85,33251
2022-12-30,1.95,2.77,1.8601,2.0,40913
2023-01-03,2.3364,2.3364,2.1,2.1,5078
2023-01-04,2.1622,2.3237,2.1622,2.2,1675
2023-01-05,2.21,2.21,1.91,1.91,2603
2023-01-06,2.01,2.01,2.0,2.0,1562
2023-01-09,2.09,2.09,1.97,1.97,5533
2023-01-10,1.97,2.1699,1.97,2.095,2730
2023-01-11,2.25,2.25,2.14,2.14,1096
2023-01-12,2.3796,2.38,2.14,2.14,18148
2023-01-13,2.3,2.9299,2.18,2.4,72229
2023-01-17,2.81,2.81,2.53,2.67,15242
2023-01-18,2.97,3.0999,2.755,3.0,34063
2023-01-19,3.1501,3.1501,2.975,3.02,9926
2023-01-20,3.1,3.2887,2.975,3.005,27103
2023-01-23,2.95,3.33,2.88,2.95,47158
2023-01-24,2.85,3.1871,2.85,3.015,6036
2023-01-25,2.9507,3.1,2.91,3.0,11258
2023-01-26,3.05,3.7499,3.05,3.301,49814
2023-01-27,3.59,3.98,3.4107,3.86,83590
2023-01-30,3.94,4.15,3.76,3.97,58524
2023-01-31,3.95,5.12,3.8,4.67,314059
2023-02-01,4.73,4.75,4.2001,4.35,76353
2023-02-02,4.68,4.68,4.25,4.25,45016
2023-02-03,4.15,5.2,4.15,4.5,140904
2023-02-06,4.48,5.34,4.48,5.02,144868
2023-02-07,5.27,5.5,4.6201,5.18,134531
2023-02-08,5.16,5.16,4.3,4.68,52439
2023-02-09,4.68,5.05,4.6131,4.745,50411
2023-02-10,4.7,5.0,4.4,4.69,41720
2023-02-13,4.75,4.76,3.975,4.38,40128
2023-02-14,4.42,4.57,4.0,4.47,31059
2023-02-15,4.61,4.702,4.03,4.18,63187
2023-02-16,4.08,4.37,3.76,4.36,45355
2023-02-17,4.18,4.4999,3.67,4.06,40410
2023-02-21,4.37,4.37,3.86,3.92,13117
2023-02-22,3.78,3.9911,3.62,3.75,28423
2023-02-23,3.9,4.1,3.56,3.77,48375
2023-02-24,3.95,4.49,3.9,4.31,52748
2023-02-27,4.51,4.88,4.32,4.575,46989
2023-02-28,4.82,5.5,4.5566,5.18,226033
2023-03-01,5.2,5.46,4.37,4.71,130551
2023-03-02,4.65,5.04,4.21,4.7,65636
2023-03-03,4.9716,5.7,4.69,5.15,118502
2023-03-06,5.15,5.2102,4.7,4.88,32345
2023-03-07,4.99,5.2,4.9501,5.1,37335
2023-03-08,5.24,5.29,4.8927,5.29,23915
2023-03-09,5.29,5.29,4.2,4.41,40837
2023-03-10,4.45,4.4768,3.9612,4.08,24182
2023-03-13,4.0,4.18,3.6901,4.13,28331
2023-03-14,3.87,4.38,3.65,3.72,24864
2023-03-15,3.77,3.77,3.14,3.56,74682
2023-03-16,3.56,3.79,3.252,3.75,34428
2023-03-17,3.66,3.85,3.49,3.49,39540
2023-03-20,3.39,3.6299,2.6895,2.92,88144
2023-03-21,2.75,3.25,2.75,3.1,62992
2023-03-22,3.0,3.32,2.85,2.92,76078
2023-03-23,2.98,3.03,2.61,2.87,113791
2023-03-24,2.89,2.89,2.64,2.69,37755
2023-03-27,2.61,2.9714,2.61,2.77,42312
2023-03-28,2.77,2.995,2.63,2.9,29833
2023-03-29,2.79,3.06,2.61,2.89,41395
2023-03-30,2.79,3.15,2.65,2.77,129077
2023-03-31,2.53,3.08,2.4621,2.8,262691
2023-04-03,2.95,3.8699,2.92,3.8,123090
2023-04-04,4.16,4.17,3.75,4.1,70861
2023-04-05,4.14,4.14,3.71,3.8,47726
2023-04-06,3.7,4.03,3.605,3.77,23746
2023-04-10,3.95,3.98,3.71,3.92,26340
2023-04-11,4.0,4.17,3.925,4.12,42217
2023-04-12,4.0,4.2083,3.9004,4.0,32607
2023-04-13,3.99,4.205,3.92,4.145,22738
2023-04-14,4.14,4.19,3.92,3.96,34195
2023-04-17,4.13,4.4,3.97,4.38,52064
2023-04-18,4.4,4.4,4.1026,4.4,28085
2023-04-19,4.4,4.6,4.1615,4.5,124239
2023-04-20,4.49,4.6,4.36,4.54,13141
2023-04-21,4.6,4.65,4.45,4.6,37789
2023-04-24,4.67,4.6836,4.4501,4.615,47842
2023-04-25,4.62,4.645,4.08,4.44,47800
2023-04-26,4.285,4.44,3.9699,4.07,15129
2023-04-27,3.98,4.0465,3.615,3.6501,27968
2023-04-28,3.65,3.98,3.65,3.98,11295
2023-05-01,4.0,4.15,3.79,3.81,10768
2023-05-02,3.7894,3.8983,3.6,3.73,7777
2023-05-03,3.69,3.8169,3.68,3.7,6668
2023-05-04,3.9164,3.9164,3.6878,3.75,10218
2023-05-05,3.7077,3.75,3.65,3.73,4948
2023-05-08,3.84,3.97,3.6701,3.97,9974
2023-05-09,3.9328,4.0411,3.815,4.01,3047
2023-05-10,3.7701,3.9473,3.725,3.9473,7942
2023-05-11,3.85,4.0,3.85,3.97,4038
2023-05-12,3.9484,3.9484,3.7,3.7,6645
2023-05-15,3.85,4.03,3.7,3.85,31285
2023-05-16,3.88,3.93,3.72,3.87,51321
2023-05-17,3.91,4.1099,3.8701,3.98,14663
2023-05-18,4.15,4.7095,4.0701,4.63,46203
2023-05-19,4.73,4.73,4.54,4.54,12699
2023-05-22,4.73,4.7519,4.53,4.6,10706
2023-05-23,4.7927,4.9,4.68,4.89,22725
2023-05-24,5.0,5.02,4.56,4.56,9152
2023-05-25,4.7,4.928,4.6,4.6,16409
2023-05-26,4.78,4.8883,4.54,4.83,14113
2023-05-30,4.64,4.995,4.62,4.72,12945
2023-05-31,4.72,5.23,4.72,5.23,40914
2023-06-01,5.19,5.84,5.01,5.63,62059
2023-06-02,5.83,5.9799,5.5201,5.54,58049
2023-06-05,5.71,5.8407,5.42,5.6,20476
2023-06-06,5.75,5.8999,5.4,5.44,41587
2023-06-07,5.33,5.88,5.31,5.32,11367
2023-06-08,5.4,5.8,5.3,5.3,33439
2023-06-09,5.43,5.43,4.81,4.81,25972
2023-06-12,4.84,5.26,4.81,4.91,24339
2023-06-13,5.14,5.3,4.51,4.53,45442
2023-06-14,4.6,4.8799,4.52,4.7,12074
2023-06-15,4.75,4.7799,4.5419,4.66,14323
2023-06-16,4.89,6.0,4.825,6.0,107948
2023-06-20,6.0,6.06,5.6009,5.84,91125
2023-06-21,5.98,6.0,5.51,5.52,35000
2023-06-22,5.64,6.945,5.64,6.85,222652
2023-06-23,6.85,7.19,6.45,6.68,89275
2023-06-26,6.45,6.68,5.71,6.01,60620
2023-06-27,6.32,6.39,6.06,6.2901,44581
2023-06-28,6.44,6.44,6.03,6.03,26133
2023-06-29,6.11,6.5,5.56,5.65,94121
2023-06-30,5.85,5.95,5.65,5.94,32006
2023-07-03,6.0,6.1,5.91,6.07,22141
2023-07-05,5.86,6.1,5.86,5.98,25241
2023-07-06,5.99,6.0,5.7801,5.94,14737
2023-07-07,5.93,6.0539,5.77,5.99,25043
2023-07-10,6.05,6.09,5.8617,6.01,18200
2023-07-11,6.1,6.7,6.075,6.5,76043
2023-07-12,6.74,6.98,6.51,6.64,70350
2023-07-13,6.69,7.025,6.69,7.0,65851
2023-07-14,7.06,7.2,6.13,6.73,144876
2023-07-17,6.42,6.7299,6.24,6.53,33936
2023-07-18,6.61,7.2,6.52,6.96,80109
2023-07-19,6.79,7.0,6.76,6.98,76414
2023-07-20,7.07,7.07,6.76,6.9,37104
2023-07-21,6.79,6.9899,6.72,6.88,12542
2023-07-24,6.73,6.99,6.4372,6.54,33876
2023-07-25,6.5,6.51,5.8461,5.95,61399
2023-07-26,5.9,6.14,5.9,6.07,34460
2023-07-27,6.09,6.27,6.0,6.16,16911
2023-07-28,6.2,6.2609,6.09,6.2,26011
2023-07-31,6.2,6.55,6.1,6.21,37117
2023-08-01,6.32,6.54,5.8,6.53,21367
2023-08-02,6.49,6.49,6.2101,6.36,18531
2023-08-03,6.41,6.46,6.0501,6.31,14926
2023-08-04,6.53,6.739,5.43,5.62,90416
2023-08-07,5.62,5.8599,5.43,5.44,30966
2023-08-08,5.41,5.5375,5.2,5.24,15684
2023-08-09,5.23,5.3299,5.0,5.2,16241
2023-08-10,5.2,5.31,5.0001,5.29,18988
2023-08-11,5.3,5.73,5.3,5.72,11582
2023-08-14,5.7,5.7099,5.3601,5.59,18155
2023-08-15,5.07,5.07,4.65,5.03,70082
2023-08-16,4.88,5.03,4.7036,4.86,15129
2023-08-17,4.86,5.009,4.86,4.94,9592
2023-08-18,4.9,4.9,4.59,4.88,25291
2023-08-21,4.84,4.99,4.7,4.75,11872
2023-08-22,4.73,4.88,4.7,4.75,10352
2023-08-23,4.9,4.981,4.8693,4.97,6489
2023-08-24,4.95,5.059,4.6,4.68,12626
2023-08-25,4.625,4.95,4.5951,4.82,34122
2023-08-28,4.81,4.95,4.73,4.78,8165
2023-08-29,4.8,5.14,4.78,5.12,7881
2023-08-30,5.3,5.48,5.1001,5.48,10867
2023-08-31,5.42,5.48,5.3,5.34,10445
2023-09-01,5.47,5.8,5.4413,5.64,12317
2023-09-05,5.79,5.98,5.61,5.67,11155
2023-09-06,5.76,5.76,5.3441,5.54,6824
2023-09-07,5.49,5.58,5.42,5.56,3904
2023-09-08,5.51,5.55,5.13,5.26,12736
2023-09-11,5.4,5.447,5.25,5.3519,4787
2023-09-12,5.22,5.35,5.2,5.2,6364
2023-09-13,5.25,5.25,5.03,5.05,3261
2023-09-14,5.02,5.445,5.02,5.31,14199
2023-09-15,5.38,5.49,5.21,5.22,16826
2023-09-18,5.12,5.36,5.05,5.21,3427
2023-09-19,5.03,5.27,5.03,5.1,11281
2023-09-20,5.15,5.3604,5.0,5.0,6351
2023-09-21,4.81,5.0,4.81,4.95,5871
2023-09-22,4.97,5.09,4.9512,5.08,3795
2023-09-25,4.9685,5.09,4.9685,5.04,2596
2023-09-26,4.99,4.99,4.81,4.81,3915
2023-09-27,4.9,5.14,4.9,5.04,4786
2023-09-28,5.1,5.1471,5.1,5.11,4053
2023-09-29,5.1143,5.15,5.1143,5.1341,1604
2023-10-02,5.22,5.22,4.95,5.13,6494
2023-10-03,4.98,5.0,4.8,4.9,5963
2023-10-04,4.7242,5.1799,4.7,4.95,6810
2023-10-05,4.76,4.76,4.58,4.58,14434
2023-10-06,4.45,4.605,4.25,4.45,13578
2023-10-09,4.59,4.75,4.55,4.725,7591
2023-10-10,4.73,4.75,4.5401,4.75,4713
2023-10-11,4.59,5.0445,4.56,4.64,7201
2023-10-12,4.6,4.8499,4.34,4.5,20085
2023-10-13,4.4,4.46,4.19,4.22,38497
2023-10-16,4.24,4.65,4.24,4.39,15477
2023-10-17,4.47,4.515,4.3,4.4,9851
2023-10-18,4.48,4.48,4.36,4.36,1836
2023-10-19,4.31,4.41,4.3,4.3,8934
2023-10-20,4.37,4.37,3.67,3.99,30936
2023-10-23,3.86,3.86,3.63,3.65,18063
2023-10-24,3.59,3.92,3.4,3.43,45861
2023-10-25,3.43,3.5499,3.2501,3.3,7811
2023-10-26,3.27,3.4699,3.2,3.25,15773
2023-10-27,3.2,3.37,3.01,3.1,17887
2023-10-30,3.05,3.13,3.0153,3.1,13166
2023-10-31,3.1455,3.38,3.14,3.22,10444
2023-11-01,3.37,3.655,3.0,3.1379,10942
2023-11-02,3.31,3.35,3.0342,3.22,9117
2023-11-03,3.26,3.62,3.26,3.62,10676
2023-11-06,3.39,3.67,3.39,3.48,6615
2023-11-07,3.67,3.8,3.5636,3.69,3960
2023-11-08,3.945,3.989,3.86,3.89,4257
2023-11-09,3.91,3.9143,3.7501,3.7501,4860
2023-11-10,3.75,4.08,3.5,3.8,11801
2023-11-13,3.81,4.0107,3.52,3.7754,9000
2023-11-14,3.8,3.8799,3.6101,3.8,20913
2023-11-15,3.46,3.46,2.93,3.19,37350
2023-11-16,3.11,3.19,3.025,3.12,15365
2023-11-17,2.99,3.13,2.99,3.02,14857
2023-11-20,3.03,3.2363,3.03,3.1685,6477
2023-11-21,3.12,3.19,3.0301,3.05,4419
2023-11-22,3.03,3.1899,3.011,3.0401,8284
2023-11-24,3.15,3.15,3.07,3.09,6140
2023-11-27,3.19,3.19,3.01,3.06,8595
2023-11-28,3.16,3.31,3.0515,3.19,18510
2023-11-29,3.36,3.36,3.1676,3.23,9040
2023-11-30,3.26,3.39,3.04,3.04,8413
2023-12-01,3.04,3.29,3.04,3.16,7245
2023-12-04,3.15,3.33,3.1,3.1,15690
2023-12-05,3.1,3.1,2.9001,3.03,27093
2023-12-06,3.07,3.1618,2.95,2.95,13913
2023-12-07,2.93,3.15,2.93,3.09,11275
2023-12-08,3.09,3.18,2.9126,3.18,22999
2023-12-11,3.08,3.2299,2.9911,3.05,13432
2023-12-12,3.01,3.065,2.9305,2.98,10127
2023-12-13,3.0,3.089,3.0,3.0,5454
2023-12-14,3.01,3.1794,2.935,3.05,17287
2023-12-15,3.09,3.09,2.98,2.98,5752
2023-12-18,3.08,3.08,2.91,2.91,13579
2023-12-19,2.91,2.93,2.88,2.9,20924
2023-12-20,2.86,2.9848,2.85,2.9,13085
2023-12-21,2.96,3.0,2.9,2.94,20974
2023-12-22,2.95,3.02,2.95,2.99,82277
2023-12-26,3.03,3.03,2.9,2.9,26174
2023-12-27,2.85,3.03,2.84,2.86,22195
2023-12-28,2.85,3.088,2.85,3.02,63407
2023-12-29,3.3523,3.3523,2.88,2.9,33319
2024-01-02,2.89,2.9721,2.61,2.7,48907
2024-01-03,2.63,2.65,2.05,2.12,110068
2024-01-04,2.14,2.18,1.935,2.025,66640
2024-01-05,2.3,2.58,2.25,2.57,119343
2024-01-08,2.61,2.9899,2.6,2.815,75075
2024-01-09,2.87,2.905,2.7001,2.84,21385
2024-01-10,2.83,2.8695,2.7258,2.85,11962
2024-01-11,2.82,3.37,2.82,3.2,66110
2024-01-12,3.29,3.3307,3.0,3.0692,21531
2024-01-16,3.11,3.16,2.9,3.13,14302
2024-01-17,3.44,3.45,3.2292,3.44,68791
2024-01-18,3.49,3.49,3.3917,3.3917,21408
2024-01-19,3.43,3.4799,3.01,3.4,16222
2024-01-22,3.11,3.295,3.11,3.22,20453
2024-01-23,3.23,3.65,3.23,3.58,71143
2024-01-24,3.65,4.2,3.65,4.11,54621
2024-01-25,4.26,4.7518,4.16,4.37,73611
2024-01-26,4.52,4.53,4.3201,4.42,17982
2024-01-29,4.45,4.54,4.354,4.54,20596
2024-01-30,4.5,4.6701,4.2797,4.465,23441
2024-01-31,4.5,4.51,4.25,4.35,5720
2024-02-01,4.79,5.0,4.37,4.5,27039
2024-02-02,4.64,4.64,4.5001,4.63,7606
2024-02-05,4.63,4.64,4.0011,4.4599,30485
2024-02-06,4.38,4.42,4.1863,4.37,8479
2024-02-07,4.38,4.38,3.93,4.19,56100
2024-02-08,4.11,4.1399,3.9,3.9,17934
2024-02-09,4.09,4.1,3.7631,3.87,22133
2024-02-12,3.81,4.01,3.81,3.92,11138
2024-02-13,3.99,3.99,3.8,3.9499,15353
2024-02-14,3.93,3.9874,3.67,3.72,14320
2024-02-15,3.7435,3.88,3.62,3.8565,25279
2024-02-16,3.93,4.0,3.8,3.8884,18600
2024-02-20,3.86,4.0,3.8,3.8,18058
2024-02-21,3.76,3.9699,3.7501,3.7501,12176
2024-02-22,3.88,3.89,3.61,3.6201,28667
2024-02-23,3.84,3.84,3.5,3.66,19693
2024-02-26,3.59,3.7274,3.5,3.57,30445
2024-02-27,3.49,3.69,3.49,3.6208,23520
2024-02-28,3.7,3.7,3.6033,3.62,8530
2024-02-29,3.61,3.8637,3.5172,3.74,58145
2024-03-01,3.82,4.25,3.65,4.25,19651
2024-03-04,4.45,4.46,4.2786,4.46,42080
2024-03-05,4.29,4.345,3.82,3.89,29941
2024-03-06,3.9,4.05,3.8901,3.92,11529
2024-03-07,4.05,4.1199,3.8301,3.99,9082
2024-03-08,4.0,4.08,3.8701,3.98,15313
2024-03-11,4.0,4.24,3.95,4.175,17933
2024-03-12,4.19,4.46,4.15,4.3,40657
2024-03-13,4.29,4.46,4.29,4.3,24121
2024-03-14,4.35,4.35,4.0101,4.14,14200
2024-03-15,4.3764,4.3764,4.0441,4.33,19463
2024-03-18,4.38,4.67,4.3373,4.34,43162
2024-03-19,4.37,4.37,3.9,3.99,13850
2024-03-20,3.95,3.9786,3.9,3.97,12959
2024-03-21,4.08,4.9,4.08,4.9,98401
2024-03-22,4.92,5.35,4.9,5.15,70289
2024-03-25,5.25,5.74,4.4552,4.74,90178
2024-03-26,5.24,5.2854,4.5,4.5,42382
2024-03-27,4.44,4.7412,4.28,4.4,22913
2024-03-28,4.42,4.555,4.12,4.34,28381
2024-04-01,4.39,4.39,3.66,3.89,72776
2024-04-02,3.61,3.61,3.2104,3.48,82363
2024-04-03,3.48,3.5,3.26,3.42,50359
2024-04-04,3.42,3.58,3.3,3.44,20524
2024-04-05,3.44,3.46,3.2301,3.285,26457
2024-04-08,3.5,3.66,3.2,3.29,30025
2024-04-09,3.28,3.44,3.1,3.1,47089
2024-04-10,3.32,3.32,3.07,3.07,28728
2024-04-11,3.18,3.3871,3.1,3.21,22645
2024-04-12,3.3,3.35,2.9695,3.08,23689
2024-04-15,3.07,3.1399,2.95,2.97,20598
2024-04-16,2.94,3.05,2.81,3.05,26124
2024-04-17,3.05,3.1399,3.0,3.05,8793
2024-04-18,3.1171,3.13,3.0,3.045,11849
2024-04-19,3.06,3.2,3.02,3.065,32159
2024-04-22,3.13,3.15,3.06,3.09,11982
2024-04-23,3.12,3.2,3.0329,3.1274,10829
2024-04-24,3.1,3.19,3.0201,3.1888,29910
2024-04-25,3.23,3.29,3.15,3.16,13470
2024-04-26,3.22,3.22,3.1,3.18,12473
2024-04-29,3.22,3.22,3.08,3.175,8387
2024-04-30,3.05,3.145,3.05,3.05,13958
2024-05-01,3.0,3.1,3.0,3.0499,5389
2024-05-02,3.185,3.185,3.045,3.08,4967
2024-05-03,3.06,3.1,3.03,3.07,14963
2024-05-06,3.14,3.2,3.08,3.14,31795
2024-05-07,3.17,3.8921,2.85,3.07,115902
2024-05-08,3.1,3.1,2.9,2.9,28209
2024-05-09,2.9,2.9359,2.71,2.72,29700
2024-05-10,2.77,2.7952,2.45,2.46,46165
2024-05-13,2.5,2.6,2.42,2.55,44070
2024-05-14,2.59,2.9552,2.555,2.9,60578
2024-05-15,3.0,3.0,2.7,2.9,20004
2024-05-16,2.84,2.9651,2.7,2.75,28458
2024-05-17,2.5789,2.9,2.5789,2.71,28487
2024-05-20,2.61,2.705,2.5132,2.6,22248
2024-05-21,2.7,2.7,2.25,2.25,100539
2024-05-22,2.56,2.56,2.25,2.35,35832
2024-05-23,2.38,2.45,2.2601,2.36,21364
2024-05-24,2.4,2.4,2.2,2.34,59898
2024-05-28,2.39,2.39,2.13,2.14,47803
2024-05-29,2.17,2.37,2.1207,2.17,34058
2024-05-30,2.17,2.34,2.17,2.3,40332
2024-05-31,2.31,2.45,2.22,2.4,60851
2024-06-03,2.42,2.42,2.2,2.3,55276
2024-06-04,2.34,2.34,2.13,2.26,41517
2024-06-05,2.2,2.3969,2.17,2.35,38780
2024-06-06,2.33,2.3964,2.26,2.3,33342
2024-06-07,2.27,2.62,2.26,2.57,47220
2024-06-10,2.6,2.8,2.55,2.8,63124
2024-06-11,2.89,2.8999,2.68,2.88,36336
2024-06-12,2.89,3.2799,2.885,3.21,105353
2024-06-13,3.23,3.355,3.0,3.03,98060
2024-06-14,3.01,3.01,2.8,2.925,21929
2024-06-17,2.93,3.09,2.93,2.95,22374
2024-06-18,2.97,3.13,2.81,2.81,33543
2024-06-20,2.81,2.88,2.55,2.55,24301
2024-06-21,2.55,2.73,2.3302,2.67,68929
2024-06-24,2.66,2.68,2.551,2.56,15127
2024-06-25,2.56,3.3999,2.49,2.62,213073
2024-06-26,2.69,2.886,2.6,2.63,39773
2024-06-27,2.67,2.8301,2.67,2.72,29386
2024-06-28,2.78,2.8821,2.78,2.86,8226
2024-07-01,2.83,3.06,2.81,2.96,38556
2024-07-02,3.0,3.05,2.75,2.82,29336
2024-07-03,2.77,2.92,2.71,2.83,21505
2024-07-05,2.83,2.8601,2.7,2.77,32684
2024-07-08,2.71,2.8537,2.6501,2.67,23448
2024-07-09,2.72,2.9399,2.695,2.74,13953
2024-07-10,2.72,2.8786,2.72,2.76,10077
2024-07-11,2.78,3.09,2.78,2.8,70657
2024-07-12,2.81,3.03,2.81,2.92,43227
2024-07-15,2.93,3.1782,2.93,2.93,43840
2024-07-16,2.95,3.0999,2.89,3.02,33508
2024-07-17,3.05,3.21,3.01,3.08,67696
2024-07-18,3.14,3.1475,2.91,2.95,41625
2024-07-19,2.91,3.09,2.79,2.79,19879
2024-07-22,2.79,2.9773,2.7601,2.77,15585
2024-07-23,2.76,3.11,2.76,3.07,39181
2024-07-24,3.05,3.1,2.84,2.89,15441
2024-07-25,2.92,3.03,2.9,3.03,25180
2024-07-26,3.11,3.2,2.9007,3.2,52494
2024-07-29,3.19,3.25,3.0,3.01,31354
2024-07-30,3.03,3.2441,2.865,2.9,29842
2024-07-31,2.89,2.98,2.858,2.87,13180
2024-08-01,2.95,2.99,2.655,2.89,45251
2024-08-02,2.84,2.945,2.5503,2.63,34046
2024-08-05,2.5,2.53,2.025,2.36,35116
2024-08-06,2.4,2.51,2.36,2.51,19347
2024-08-07,2.5,2.7101,2.4001,2.445,21522
2024-08-08,2.57,2.7,2.57,2.59,12562
2024-08-09,2.67,2.76,2.56,2.67,34648
2024-08-12,2.7,2.7,2.4538,2.49,26904
2024-08-13,2.53,2.5303,2.49,2.5,18599
2024-08-14,2.5,2.5,2.3395,2.43,20109
2024-08-15,2.33,2.505,2.33,2.44,32828
2024-08-16,2.38,2.58,2.32,2.44,18170
2024-08-19,2.43,2.53,2.38,2.51,56485
2024-08-20,2.5,2.76,2.4101,2.6,18378
2024-08-21,2.54,2.6902,2.43,2.51,17099
2024-08-22,2.43,2.74,2.33,2.49,55556
2024-08-23,2.45,2.64,2.4,2.58,17905
2024-08-26,2.58,2.64,2.46,2.46,15664
2024-08-27,2.34,2.51,2.34,2.44,15855
2024-08-28,2.42,2.4351,2.32,2.4,25961
2024-08-29,2.4,2.4589,2.3,2.33,39637
2024-08-30,2.32,2.4,2.245,2.33,17235
2024-09-03,2.35,2.35,2.22,2.22,12612
2024-09-04,2.25,2.4,2.2275,2.37,14457
2024-09-05,2.37,2.38,2.3,2.35,36207
2024-09-06,2.38,2.38,2.2609,2.35,19804
2024-09-09,2.36,2.37,2.26,2.37,7426
2024-09-10,2.37,2.39,2.28,2.32,12872
2024-09-11,2.3,2.4,2.25,2.4,10727
2024-09-12,2.39,2.4,2.3427,2.4,9800
2024-09-13,2.4,2.47,2.3,2.4372,15190
2024-09-16,2.68,2.8,2.49,2.6,81648
2024-09-17,2.6,2.63,2.55,2.61,15606
2024-09-18,2.65,2.95,2.62,2.65,27797
2024-09-19,2.9,2.9,2.38,2.71,35076
2024-09-20,2.71,2.71,2.41,2.49,26246
2024-09-23,2.5,2.6,2.4,2.49,14720
2024-09-24,2.45,2.74,2.4,2.59,31519
2024-09-25,2.56,2.61,2.45,2.55,49408
2024-09-26,2.58,2.63,2.54,2.63,18285
2024-09-27,2.64,2.8201,2.61,2.79,32156
2024-09-30,2.79,3.15,2.79,3.0,45535
2024-10-01,3.1,3.1,2.8401,3.06,52228
2024-10-02,3.11,3.1299,3.0,3.1,34753
2024-10-03,3.13,3.1391,2.97,2.98,36273
2024-10-04,3.12,3.12,2.8336,3.01,57538
2024-10-07,3.18,3.48,3.1,3.4,61830
2024-10-08,3.55,3.55,3.1,3.2,192013
2024-10-09,3.28,3.28,3.05,3.25,58199
2024-10-10,3.28,3.28,3.1,3.13,22756
2024-10-11,3.15,3.38,3.1,3.34,41266
2024-10-14,3.4,3.4219,3.13,3.4,63179
2024-10-15,3.43,3.77,3.43,3.77,60021
2024-10-16,3.83,4.34,3.83,4.14,138828
2024-10-17,4.03,4.19,3.4026,3.83,83758
2024-10-18,3.83,3.92,3.75,3.91,41830
2024-10-21,3.95,4.0999,3.75,3.97,45172
2024-10-22,3.94,3.994,3.81,3.98,22413
2024-10-23,3.97,4.37,3.97,4.23,85105
2024-10-24,4.23,4.29,3.97,4.15,41806
2024-10-25,4.15,4.22,4.07,4.22,34702
2024-10-28,4.21,4.21,4.12,4.16,23106
2024-10-29,4.14,4.22,4.08,4.18,48796
2024-10-30,4.2,4.3,4.19,4.3,11101
2024-10-31,4.31,4.8,4.31,4.76,47626
2024-11-01,4.8,4.8,4.25,4.33,43373
2024-11-04,4.31,4.32,4.088,4.28,11555
2024-11-05,4.25,4.4787,4.0801,4.33,150494
2024-11-06,4.5,4.814,4.44,4.64,38921
2024-11-07,4.72,4.8,4.55,4.69,35915
2024-11-08,4.77,4.8,4.5837,4.79,21009
2024-11-11,4.75,4.91,4.6701,4.91,48131
2024-11-12,4.83,4.94,4.7741,4.89,9697
2024-11-13,4.83,4.83,4.51,4.56,27832
2024-11-14,4.49,4.55,3.88,3.94,79888
2024-11-15,3.89,4.2499,3.71,3.76,26590
2024-11-18,3.71,4.4349,3.71,4.38,58592
2024-11-19,4.38,4.7973,4.29,4.6,31093
2024-11-20,4.97,6.44,4.8871,5.2,553045
2024-11-21,5.3,5.3954,4.8,4.89,104474
2024-11-22,4.91,5.0208,4.3,4.58,224588
2024-11-25,4.65,5.0425,4.44,4.57,65472
2024-11-26,4.56,5.6426,4.56,5.49,220702
2024-11-27,5.58,5.6485,5.0,5.4,77675
2024-11-29,5.3,5.6,5.16,5.53,53224
2024-12-02,5.58,6.05,4.86,5.08,165108
2024-12-03,5.14,5.16,4.85,5.04,106988
2024-12-04,5.08,5.5,4.95,5.45,88513
2024-12-05,5.49,5.6,5.2,5.6,103216
2024-12-06,5.6,5.667,4.9,5.07,135605
2024-12-09,5.17,5.2335,4.5,4.74,217090
2024-12-10,4.71,4.72,4.32,4.38,62703
2024-12-11,4.42,4.49,4.0,4.48,108622
2024-12-12,4.48,4.48,4.22,4.48,49038
2024-12-13,4.45,4.49,3.96,4.1,196270
2024-12-16,4.13,4.3935,4.0,4.24,50130
2024-12-17,4.3,4.79,4.26,4.53,56360
2024-12-18,4.62,4.89,4.49,4.5,66248
2024-12-19,4.79,4.7915,4.35,4.51,79252
2024-12-20,4.54,5.8,4.53,5.7,157779
2024-12-23,5.94,5.998,5.2701,5.45,71285
2024-12-24,5.46,5.5794,5.0,5.37,23837
2024-12-26,5.42,6.81,5.36,6.69,148853
2024-12-27,6.69,6.75,6.15,6.38,107232
2024-12-30,6.33,6.54,5.65,6.17,53388
2024-12-31,6.22,6.2865,5.71,5.98,29183
2025-01-02,6.44,7.13,5.98,7.11,132148
2025-01-03,7.32,8.18,6.7388,7.54,185663
2025-01-06,8.47,8.53,7.64,7.84,227982
2025-01-07,7.99,8.05,6.95,7.19,139124
2025-01-08,7.11,7.15,5.7,5.935,176213
2025-01-10,5.94,6.23,5.5,5.66,129848
2025-01-13,5.44,5.44,4.6,4.93,382920
2025-01-14,5.27,5.6099,5.0,5.29,130474
2025-01-15,5.5,5.6,5.01,5.25,100370
2025-01-16,5.2,5.4,4.9,5.37,100943
2025-01-17,5.45,5.92,5.3,5.8,180684
2025-01-21,5.86,6.0788,5.5701,5.9,119267
2025-01-22,6.09,7.25,5.85,6.8,427135
2025-01-23,6.69,7.55,6.15,7.29,223864
2025-01-24,7.37,7.402,6.55,6.59,141161
2025-01-27,6.32,6.32,5.5,5.71,196114
2025-01-28,5.95,6.135,5.5,5.96,102680
2025-01-29,5.97,6.13,5.64,5.9,60340
2025-01-30,5.98,5.98,5.5,5.88,90908
2025-01-31,5.9,6.32,5.63,6.01,125851
2025-02-03,5.76,6.82,5.26,6.51,172172
2025-02-04,6.55,6.75,6.14,6.42,53644
2025-02-05,6.74,7.95,6.65,7.28,573681
2025-02-06,7.5,7.53,6.51,6.99,211302
2025-02-07,7.02,7.35,6.78,7.16,79909
2025-02-10,7.21,7.63,7.0025,7.58,188652
2025-02-11,7.4,7.4,6.8,7.02,111963
2025-02-12,7.0,7.27,6.36,7.17,86476
2025-02-13,7.25,7.4,6.96,7.32,57152
2025-02-14,7.12,7.99,7.12,7.71,202371
2025-02-18,7.74,7.99,7.1,7.31,233263
2025-02-19,7.17,7.31,6.66,6.73,105916
2025-02-20,6.7,7.1,6.3,6.62,107064
2025-02-21,6.59,6.9699,6.4,6.83,126179
2025-02-24,6.81,6.98,6.41,6.51,70659
2025-02-25,6.99,6.995,6.0,6.57,209623
2025-02-26,6.6,6.94,6.0,6.13,95362
2025-02-27,6.16,6.26,5.7,5.82,55257
2025-02-28,5.73,6.11,5.53,6.04,60579
2025-03-03,6.0,6.1,5.72,5.73,79469
2025-03-04,5.63,6.1,5.23,5.86,295999
2025-03-05,5.75,5.91,5.1,5.41,151349
2025-03-06,5.36,5.48,5.15,5.22,139754
2025-03-07,5.24,5.5822,5.23,5.55,70981
2025-03-10,5.38,5.4897,5.0,5.01,33845
2025-03-11,4.92,5.2285,4.76,5.06,64001
2025-03-12,5.11,6.0,5.11,5.76,95998
2025-03-13,5.65,5.66,5.41,5.55,37833
2025-03-14,5.66,5.97,5.12,5.89,54474
2025-03-17,5.91,6.5499,5.7299,6.47,92195
2025-03-18,6.36,6.6799,6.14,6.22,35914
2025-03-19,6.34,6.47,6.1,6.3,53895
2025-03-20,6.23,6.3899,6.08,6.28,37828
2025-03-21,6.14,6.26,5.87,6.17,60228
2025-03-24,6.1,6.29,6.024,6.18,28249
2025-03-25,6.135,6.3809,5.97,6.15,39228
2025-03-26,6.19,6.25,5.8976,6.04,96951
2025-03-27,6.05,6.2,5.82,6.05,46652
2025-03-28,5.93,6.0,5.27,5.31,167938
2025-03-31,5.3,5.66,5.1,5.64,92278
2025-04-01,5.35,5.52,4.4,5.22,194166
2025-04-02,5.22,5.698,4.99,5.18,117215
2025-04-03,4.85,5.17,4.77,4.92,73608
2025-04-04,4.76,4.9217,4.34,4.69,84961
2025-04-07,4.49,4.81,4.123,4.5,159516
2025-04-08,4.71,4.71,4.02,4.14,82895
2025-04-09,4.01,4.84,3.842,4.455,94196
2025-04-10,4.36,4.79,4.09,4.47,65110
2025-04-11,4.46,4.9296,4.2,4.69,55801
2025-04-14,4.85,4.97,4.74,4.87,29982
2025-04-15,4.95,5.425,4.95,5.15,149173
2025-04-16,5.25,5.86,5.2,5.68,154924
2025-04-17,5.75,6.35,5.3907,5.75,321071
2025-04-21,5.72,6.03,5.61,5.62,62100
2025-04-22,5.74,6.12,5.602,5.9,55720
2025-04-23,6.15,6.4,5.89,6.14,120485
2025-04-24,6.14,6.55,6.05,6.4,118129
2025-04-25,6.4,6.8,6.38,6.69,100568
2025-04-28,6.69,7.33,6.35,7.12,232175
2025-04-29,7.12,8.0,6.82,7.63,306441
2025-04-30,7.43,7.71,6.92,6.955,112623
2025-05-01,7.13,7.2791,6.68,6.69,116087
2025-05-02,6.85,7.3,6.7101,6.905,78694
2025-05-05,6.89,7.0,6.44,6.57,79982
2025-05-06,6.41,6.85,6.41,6.58,38782
2025-05-07,6.62,6.77,6.3501,6.495,45871
2025-05-08,6.54,7.335,6.54,7.29,97647
2025-05-09,7.29,7.49,6.9,7.43,115142
2025-05-12,7.68,7.75,7.03,7.12,71743
2025-05-13,7.19,7.6499,7.1,7.47,101438
2025-05-14,7.5,7.5,7.08,7.25,77569
2025-05-15,7.28,7.49,6.76,7.38,335598
2025-05-16,7.41,8.7229,7.38,8.07,349354
2025-05-19,8.24,8.62,7.39,7.5,156104
2025-05-20,7.44,7.85,7.28,7.545,53701
2025-05-21,7.5,7.88,6.9,7.22,119896
2025-05-22,7.04,7.49,7.02,7.18,42193
2025-05-23,7.19,8.65,7.0,8.46,214792
2025-05-27,8.73,9.12,8.1,8.27,171070
2025-05-28,8.33,9.2699,8.33,9.0,106999
2025-05-29,9.02,9.15,8.261,8.375,109635
2025-05-30,8.37,8.4097,7.51,7.65,136839
2025-06-02,7.78,7.9576,7.3,7.95,128540
2025-06-03,7.79,7.93,7.31,7.33,165977
2025-06-04,7.39,8.3699,7.36,8.16,116041
2025-06-05,8.1,8.4148,7.8,8.05,60079
2025-06-06,8.21,8.75,8.0922,8.59,91111
2025-06-09,8.73,8.73,7.85,7.98,202603
2025-06-10,7.95,8.2575,7.51,8.03,134350
2025-06-11,8.14,8.35,7.78,8.31,94164
2025-06-12,8.22,8.3368,7.9,7.96,42448
2025-06-13,7.84,8.1476,7.5,7.78,62740
2025-06-16,7.89,8.11,7.51,7.56,117607
2025-06-17,7.5,7.98,7.5,7.61,68659
2025-06-18,7.6,7.68,7.1216,7.23,80071
2025-06-20,7.22,7.5397,6.801,7.21,218336
2025-06-23,7.2,8.02,6.504,7.38,423961
2025-06-24,7.45,7.8894,7.2698,7.3,245357
2025-06-25,7.4,7.64,7.3,7.52,104616
2025-06-26,7.55,7.6875,7.4,7.575,54965
2025-06-27,7.59,7.59,7.05,7.2,82960
2025-06-30,7.2,7.55,7.1,7.15,234978
2025-07-01,7.36,7.3657,7.045,7.26,56303
2025-07-02,7.3,7.9982,7.25,7.84,203593
2025-07-03,7.96,8.3091,7.85,7.97,67294
2025-07-07,8.03,8.0508,7.63,7.85,118074
2025-07-08,7.81,7.8443,7.55,7.75,95447
2025-07-09,7.77,8.197,7.56,7.92,145644
2025-07-10,7.92,8.01,7.5,7.625,106226
2025-07-11,7.68,7.9702,7.11,7.12,340452
2025-07-14,7.15,7.51,7.12,7.27,152830
2025-07-15,7.22,7.39,6.9,7.0,592788
2025-07-16,6.98,7.97,6.425,7.92,483191
2025-07-17,7.92,8.38,7.75,7.85,124403
2025-07-18,7.99,8.1,7.88,7.93,33382
2025-07-21,7.96,8.2971,7.82,8.05,95137
2025-07-22,8.03,8.119,7.86,7.92,77358
2025-07-23,7.97,8.4,7.85,8.21,150996
2025-07-24,8.24,8.37,8.07,8.07,102323
2025-07-25,8.09,8.226,7.91,8.0,117696
2025-07-28,7.99,8.1138,7.61,7.755,114114
2025-07-29,7.72,7.72,7.25,7.42,129984
2025-07-30,7.5,7.888,7.4,7.53,179209
2025-07-31,6.6,6.82,6.31,6.77,1880668
2025-08-01,6.61,6.895,6.49,6.57,147385
2025-08-04,6.7,6.92,6.545,6.83,413565
2025-08-05,6.84,7.1127,6.78,6.9,357749
2025-08-06,6.94,7.06,6.5,7.0,278026
2025-08-07,7.08,7.08,6.44,6.465,428218
2025-08-08,6.5,6.69,6.3,6.35,562107
2025-08-11,6.35,6.4164,5.97,6.06,463328
2025-08-12,6.18,6.33,6.11,6.26,205404
2025-08-13,6.35,6.3533,6.12,6.14,330066
2025-08-14,6.09,6.27,5.96,6.19,392165
2025-08-15,6.3,6.3775,6.02,6.25,400104
2025-08-18,6.25,6.5796,6.21,6.31,574474
2025-08-19,6.23,6.5,6.0,6.04,395692
2025-08-20,5.99,6.14,5.775,6.0,460892
2025-08-21,6.01,6.09,5.85,6.0,412802
2025-08-22,6.08,6.6,5.98,6.48,1051639
2025-08-25,6.51,6.61,6.2,6.2,376120
2025-08-26,6.32,6.5999,6.22,6.47,334153
2025-08-27,6.51,6.6,6.37,6.41,401808
2025-08-28,6.47,6.57,6.4,6.45,205037
2025-08-29,6.46,6.46,6.26,6.4,190043
2025-09-02,6.29,6.5549,6.09,6.25,283921
2025-09-03,6.3,6.38,6.105,6.17,238953
2025-09-04,6.15,6.73,6.02,6.44,463620
2025-09-05,6.49,6.8884,6.41,6.71,328753
2025-09-08,6.71,6.86,6.5368,6.69,294373
2025-09-09,6.67,6.71,6.51,6.6,189341
2025-09-10,6.62,7.19,6.62,6.84,314641
2025-09-11,6.91,7.95,6.91,7.84,567082
2025-09-12,7.72,7.9,7.5,7.65,210759
2025-09-15,7.895,7.905,7.5901,7.83,273528
2025-09-16,7.98,8.25,7.6,7.79,202649
2025-09-17,7.79,8.035,7.3612,7.42,239745
2025-09-18,7.51,7.85,7.33,7.77,211528
2025-09-19,7.79,7.84,7.5,7.56,469237
2025-09-22,7.78,7.958,7.6161,7.74,333874
2025-09-23,7.76,7.89,7.45,7.49,422688
2025-09-24,7.49,7.83,7.46,7.52,153930
2025-09-25,7.48,7.73,7.2,7.73,235170
2025-09-26,7.71,7.8,7.47,7.51,119656
2025-09-29,7.61,7.83,7.37,7.7,199142
2025-09-30,7.64,7.73,7.3,7.36,113203
2025-10-01,7.31,7.55,7.1807,7.34,142775
2025-10-02,7.36,7.7,7.36,7.59,125155
2025-10-03,7.7,8.28,7.7,7.91,403016
2025-10-06,8.01,8.45,7.89,7.93,438877
2025-10-07,8.06,8.24,7.86,8.06,223386
2025-10-08,8.11,8.52,8.1,8.33,304565
2025-10-09,8.5,8.6,8.2254,8.5,200766
2025-10-10,8.65,9.6,8.45,8.49,493938
2025-10-13,8.79,9.27,8.355,9.01,298371
2025-10-14,8.94,8.9945,8.5,8.67,284953
2025-10-15,8.81,9.3178,8.69,8.89,179396
2025-10-16,9.035,9.07,8.11,8.15,358415
2025-10-17,8.01,8.13,7.7,7.72,253567
2025-10-20,7.94,8.49,7.8757,8.38,330976
2025-10-21,8.32,8.7,8.26,8.68,186488
2025-10-22,8.55,8.62,8.3,8.46,472628
2025-10-23,8.46,9.2,8.46,9.03,406361
2025-10-24,9.11,9.56,9.05,9.48,509800
2025-10-27,9.6,10.65,9.52,10.1,812869
2025-10-28,10.1,10.67,9.88,9.93,491126
2025-10-29,10.0,10.185,9.665,9.99,193937
2025-10-30,9.79,10.055,9.41,9.6,201828
2025-10-31,9.7,10.45,9.65,10.35,408044
2025-11-03,10.45,10.6999,10.11,10.47,430729
2025-11-04,10.11,10.5,9.77,10.09,223636
2025-11-05,10.08,10.77,9.9982,10.66,341146
2025-11-06,10.78,11.23,10.02,10.33,249516
2025-11-07,10.04,10.2,9.42,9.92,331447
2025-11-10,10.21,10.64,9.92,9.99,209855
2025-11-11,9.87,10.2436,9.575,9.65,328919
2025-11-12,9.66,9.885,8.64,8.89,539127
2025-11-13,9.44,10.215,8.76,8.99,662107
2025-11-14,8.69,9.0484,8.45,8.8,413297
2025-11-17,8.75,8.75,8.03,8.13,507901
2025-11-18,8.0,8.69,8.0,8.48,229341
2025-11-19,8.5,9.07,8.41,8.84,384108
2025-11-20,8.84,9.53,8.44,8.46,330491
2025-11-21,8.57,8.92,8.1,8.86,256907
2025-11-24,8.89,9.6099,8.86,9.6,376858
2025-11-25,9.62,9.7479,9.28,9.61,177718
2025-11-26,9.67,9.9,9.54,9.8,210623
2025-11-28,9.95,10.14,9.7674,10.07,104405
2025-12-01,9.84,10.81,9.74,10.6,306187
2025-12-02,10.81,11.1999,10.69,10.73,400970
2025-12-03,10.71,10.755,10.1,10.23,242423
2025-12-04,10.2,10.3899,9.95,10.1,135251
2025-12-05,10.02,10.05,9.6506,9.77,116540
2025-12-08,9.88,10.01,9.54,9.93,133086
2025-12-09,9.9,10.24,9.765,10.22,135569
2025-12-10,10.22,10.33,9.95,10.11,155898
2025-12-11,10.02,10.67,9.7003,10.37,157564
2025-12-12,10.35,10.35,9.74,9.79,110787
2025-12-15,9.85,9.85,9.0,9.03,165437
2025-12-16,9.02,9.345,8.885,9.24,174843
2025-12-17,9.3,9.5,9.01,9.08,122676
2025-12-18,9.25,9.75,9.25,9.49,118030
2025-12-19,9.56,9.64,9.17,9.54,242072
2025-12-22,9.6,9.8899,9.47,9.58,158909
2025-12-23,9.47,9.65,9.365,9.65,103750
2025-12-24,9.65,9.76,9.37,9.73,42382
2025-12-26,9.77,9.78,9.2525,9.65,69414
2025-12-29,9.65,10.29,9.52,10.17,236097
2025-12-30,10.605,12.17,10.407,11.87,887662
2025-12-31,11.87,11.99,11.07,11.25,298716
2026-01-02,11.48,11.61,10.71,10.8,323705
2026-01-05,10.92,10.92,9.85,10.05,403175
2026-01-06,10.03,10.4699,9.68,10.35,302743
2026-01-07,10.4,10.84,10.01,10.12,165691
2026-01-08,10.19,10.42,9.82,10.06,150668
2026-01-09,10.12,10.36,10.06,10.19,139491
2026-01-12,10.1,10.57,9.6301,10.52,174801
2026-01-13,10.46,10.48,9.86,10.31,171771
2026-01-14,10.26,10.435,10.0,10.3,124993
2026-01-15,10.36,10.84,10.15,10.38,186715
2026-01-16,10.45,11.23,10.45,11.21,279272
2026-01-20,10.63,11.09,10.41,10.75,240705
2026-01-21,10.85,10.995,10.155,10.41,262333
2026-01-22,10.57,11.24,10.57,11.2,218411
2026-01-23,11.14,11.1828,10.65,10.75,173964
2026-01-26,10.65,10.74,10.32,10.45,165185
2026-01-27,10.55,11.38,10.3,11.08,192483
2026-01-28,11.24,11.2566,10.749,10.83,110747
2026-01-29,10.83,10.83,9.82,10.05,246785
2026-01-30,9.88,10.135,9.37,9.4,269296
2026-02-02,9.37,9.9488,9.31,9.72,119868
2026-02-03,9.77,10,9.0286,9.88,350652
2026-02-04,9.87,9.87,8.445,8.75,537500
2026-02-05,8.57,8.93,8.26,8.38,314904
2026-02-06,8.55,9.62,8.45,9.56,238630
2026-02-09,9.56,10.07,9.31,9.88,155947
2026-02-10,9.99,10.2389,9.66,9.995,168602
2026-02-11,10.13,10.13,8.85,9.28,461956
2026-02-12,9.24,9.298,8.502,8.78,230129
2026-02-13,8.78,9.34,8.68,8.99,72246
2026-02-17,8.9,8.9,8.58,8.79,114167
2026-02-18,8.79,9.105,8.58,8.94,116685
2026-02-19,8.76,8.93,8.603,8.92,75308
2026-02-20,8.8,9.16,8.7,8.75,99940
2026-02-23,8.66,8.67,8.04,8.34,150209
2026-02-24,8.51,8.6899,8.1,8.48,123800
2026-02-25,8.55,9,8.41,8.66,109100
2026-02-26,8.69,8.9473,8.495,8.77,169386
2026-02-27,7.5,7.9,7.305,7.55,11
2026-03-02,7.38,7.75,7.3,7.635,985010
2026-03-03,7.59,7.665,7.2,7.415,1236218
2026-03-04,7.65,8.13,7.49,7.59,689893
2026-03-05,7.5,7.75,7.4,7.5,407238
2026-03-06,7.28,7.59,7.23,7.53,1024414
