date,open,high,low,close,volume
2021-12-15,24.9,25.25,23.75,24.7,12675100
2021-12-16,24.94,25.0,23.11,23.23,2939185
2021-12-17,23.0,23.09,21.8,22.32,2994603
2021-12-20,22.9,24.05,22.5,23.82,1465223
2021-12-21,24.08,26.2,24.0452,25.36,3550655
2021-12-22,25.81,27.38,25.7,27.0,655889
2021-12-23,27.0,27.69,26.12,27.61,746370
2021-12-27,27.9,31.41,27.51,29.37,1215528
2021-12-28,30.0,30.39,27.27,27.54,680231
2021-12-29,27.46,28.0,25.71,26.96,593720
2021-12-30,27.0,27.9999,26.22,26.57,460954
2021-12-31,28.09,28.89,26.21,28.11,877046
2022-01-03,28.75,29.1,26.7,26.77,780159
2022-01-04,27.17,27.17,24.02,25.03,1256055
2022-01-05,25.48,25.48,22.51,23.01,1631524
2022-01-06,23.01,24.19,21.81,22.99,2057899
2022-01-07,22.99,23.525,22.75,23.22,809579
2022-01-10,22.64,23.11,20.89,22.99,3226253
2022-01-11,22.9,24.68,22.71,24.43,871700
2022-01-12,24.99,26.8,24.5,24.75,1239542
2022-01-13,25.21,26.35,24.18,24.2,1527476
2022-01-14,23.88,24.3,22.655,22.91,2050281
2022-01-18,22.4,22.59,20.73,21.31,1953175
2022-01-19,21.31,21.71,19.5,20.35,3216763
2022-01-20,20.56,21.72,20.46,21.12,1611391
2022-01-21,21.12,21.69,19.15,19.4,1125818
2022-01-24,18.9,18.99,14.5501,17.62,5765995
2022-01-25,17.34,18.25,16.65,17.65,1650392
2022-01-26,18.1,18.43,16.59,17.28,779222
2022-01-27,17.73,18.315,16.08,16.11,1249334
2022-01-28,16.0,17.24,14.94,16.66,1061290
2022-01-31,16.75,18.47,16.75,18.1,1627961
2022-02-01,18.1,21.75,17.9699,21.22,1816760
2022-02-02,21.3,21.839,18.9801,21.6,2492162
2022-02-03,20.52,20.98,18.095,18.51,2491859
2022-02-04,18.52,21.0,17.53,20.56,2844494
2022-02-07,20.2,21.48,19.99,20.25,2757911
2022-02-08,20.04,21.9,19.52,21.89,700670
2022-02-09,22.27,24.69,21.84,24.47,1584248
2022-02-10,23.81,25.42,23.05,23.34,1179594
2022-02-11,23.27,24.045,20.87,20.93,722613
2022-02-14,20.76,22.75,20.57,21.71,541760
2022-02-15,21.99,22.73,21.65,22.44,431732
2022-02-16,22.24,23.5194,20.54,20.96,952772
2022-02-17,20.5,20.89,18.365,18.8,3123649
2022-02-18,18.71,18.8,16.55,17.11,1959563
2022-02-22,17.11,18.13,16.01,16.37,1093650
2022-02-23,16.52,17.0,15.66,15.89,840558
2022-02-24,15.03,17.15,15.03,16.86,1274257
2022-02-25,16.9,17.47,15.64,17.01,894632
2022-02-28,16.92,17.57,16.4838,17.48,1468349
2022-03-01,17.42,18.55,17.16,17.47,959493
2022-03-02,17.53,17.88,16.275,16.56,1402118
2022-03-03,18.725,19.45,16.11,16.82,4422096
2022-03-04,16.51,18.0499,15.38,15.52,1967964
2022-03-07,15.87,17.44,14.52,14.65,1580564
2022-03-08,14.77,17.34,14.21,16.21,1640329
2022-03-09,16.56,18.22,16.56,17.44,1472262
2022-03-10,16.98,17.52,16.39,16.85,792443
2022-03-11,16.81,17.2,15.1,15.15,1304550
2022-03-14,15.45,15.64,13.78,13.99,2059874
2022-03-15,14.03,14.9,12.51,13.69,3164880
2022-03-16,13.99,15.55,13.9001,15.16,1874456
2022-03-17,15.4,16.7,14.62,16.52,2264948
2022-03-18,15.89,17.32,15.89,16.81,4475144
2022-03-21,16.67,17.36,15.95,16.54,1292532
2022-03-22,16.8,17.78,16.1406,17.48,969308
2022-03-23,16.82,17.79,16.25,17.62,888745
2022-03-24,17.35,18.08,16.84,17.94,1095346
2022-03-25,17.85,17.91,17.0,17.47,836909
2022-03-28,17.3,18.26,16.9,17.9,825875
2022-03-29,17.9,18.48,17.65,17.94,936606
2022-03-30,17.81,18.41,17.05,17.2,745034
2022-03-31,16.97,17.32,15.65,16.02,1771281
2022-04-01,15.85,17.24,15.72,16.3,768023
2022-04-04,16.43,17.65,16.15,17.37,659254
2022-04-05,17.27,17.54,15.62,15.91,933209
2022-04-06,15.49,15.655,13.685,14.47,2901291
2022-04-07,14.4,14.78,13.57,14.32,1042408
2022-04-08,14.1,14.14,13.41,13.44,1567217
2022-04-11,13.18,13.66,12.89,13.34,781324
2022-04-12,13.55,14.4,13.35,13.53,783288
2022-04-13,13.58,14.58,13.25,14.34,1063627
2022-04-14,14.29,14.59,13.25,13.31,881449
2022-04-18,13.32,13.6,12.69,13.18,1110532
2022-04-19,13.18,14.39,12.83,14.24,863338
2022-04-20,14.31,14.39,12.98,13.26,1055684
2022-04-21,13.85,14.35,12.9,13.06,1716039
2022-04-22,13.24,13.7,12.82,13.14,1272688
2022-04-25,13.1,13.95,13.0,13.86,874782
2022-04-26,13.84,13.9,12.78,13.09,1265388
2022-04-27,13.21,13.85,13.01,13.25,723375
2022-04-28,13.44,13.75,12.69,13.23,1709676
2022-04-29,13.25,14.1206,12.3,12.34,1393614
2022-05-02,12.24,12.765,12.01,12.74,1233769
2022-05-03,12.63,13.12,12.4,12.66,604249
2022-05-04,12.75,12.92,11.52,12.87,1333690
2022-05-05,12.5,12.62,11.535,11.95,818226
2022-05-06,11.83,12.0,11.05,11.05,1766413
2022-05-09,10.65,10.84,9.3401,9.68,2007835
2022-05-10,9.96,10.21,8.8502,9.54,2632820
2022-05-11,9.4,9.74,9.0331,9.2,3259845
2022-05-12,8.94,10.07,8.72,10.04,1376103
2022-05-13,10.33,11.43,10.32,11.19,2181243
2022-05-16,10.96,11.27,10.25,10.39,1723795
2022-05-17,10.69,11.11,10.02,10.69,923526
2022-05-18,10.4,10.65,9.8,10.09,1443294
2022-05-19,10.19,10.95,10.19,10.66,1250733
2022-05-20,10.82,11.34,10.34,10.69,1342329
2022-05-23,10.67,10.73,10.0,10.35,809397
2022-05-24,10.16,10.16,9.56,9.71,1765499
2022-05-25,9.71,10.77,9.71,10.76,1540200
2022-05-26,10.6,11.4,10.52,11.01,1082553
2022-05-27,11.08,11.6438,11.08,11.5,1036661
2022-05-31,11.56,11.69,10.91,11.25,2455389
2022-06-01,11.09,11.91,11.09,11.43,1891136
2022-06-02,11.43,12.03,11.11,11.93,2216382
2022-06-03,11.67,11.98,10.1015,11.55,2359865
2022-06-06,11.55,12.36,10.66,10.87,4272803
2022-06-07,10.65,12.2,10.5,11.94,2705867
2022-06-08,11.84,12.06,11.42,11.62,999088
2022-06-09,11.53,12.54,11.17,12.02,2127357
2022-06-10,11.51,11.53,10.8875,10.97,1933722
2022-06-13,10.79,10.905,10.0,10.06,2427192
2022-06-14,10.12,10.97,9.86,10.71,1621030
2022-06-15,10.91,11.54,10.67,11.38,3698399
2022-06-16,11.1,11.61,9.86,9.99,2086065
2022-06-17,10.1,11.49,10.01,11.35,6193334
2022-06-21,11.44,12.51,11.295,12.4,2133296
2022-06-22,12.0,12.525,11.78,11.89,1714053
2022-06-23,12.0,13.05,11.745,12.48,2470355
2022-06-24,12.58,12.788,12.12,12.51,1554721
2022-06-27,12.1,12.45,11.606,11.84,845117
2022-06-28,11.72,12.1844,11.3,11.41,1476584
2022-06-29,11.4,11.54,11.04,11.48,780155
2022-06-30,11.29,11.35,10.58,11.17,1203206
2022-07-01,11.21,12.5,11.0348,12.39,1922331
2022-07-05,12.1,13.28,11.8,13.16,2059482
2022-07-06,13.0,13.31,12.7,13.13,1158871
2022-07-07,13.13,14.1,13.13,13.89,1501015
2022-07-08,13.67,14.81,13.22,14.55,2651864
2022-07-11,14.43,14.66,13.58,13.7,922044
2022-07-12,13.7,14.09,13.23,13.55,848578
2022-07-13,13.1,14.5199,13.03,14.27,2137356
2022-07-14,14.21,14.39,13.71,13.91,1005402
2022-07-15,14.06,14.4199,13.6,14.19,1013418
2022-07-18,14.49,14.98,13.9,13.91,1577126
2022-07-19,14.13,14.43,13.648,14.31,1620420
2022-07-20,14.46,15.325,14.38,14.87,2285602
2022-07-21,14.76,15.1899,14.52,14.99,1323577
2022-07-22,15.06,15.185,14.0201,14.22,1000634
2022-07-25,14.23,14.3691,13.63,13.98,806187
2022-07-26,13.65,13.9042,13.09,13.2,761363
2022-07-27,13.42,13.93,13.12,13.91,649587
2022-07-28,14.02,14.75,13.73,14.69,1576233
2022-07-29,14.56,14.7504,14.24,14.46,856408
2022-08-01,14.34,15.17,14.06,14.89,701051
2022-08-02,14.7,15.15,14.67,15.0,858658
2022-08-03,15.16,15.91,15.15,15.58,1531053
2022-08-04,15.59,16.08,15.23,16.0,1203913
2022-08-05,15.57,16.43,15.5,16.17,1473355
2022-08-08,16.2,16.66,15.65,16.48,984104
2022-08-09,16.39,16.4,15.67,16.04,928712
2022-08-10,16.74,17.0,16.45,16.48,1609193
2022-08-11,16.71,16.99,16.28,16.4,898794
2022-08-12,16.54,16.78,16.3,16.54,607536
2022-08-15,16.4,16.93,16.26,16.72,890187
2022-08-16,16.55,16.99,16.18,16.86,949862
2022-08-17,16.63,16.712,16.24,16.26,697193
2022-08-18,16.21,17.49,16.01,17.37,1663184
2022-08-19,17.06,17.26,15.55,15.93,1324183
2022-08-22,15.28,15.66,15.07,15.57,923149
2022-08-23,15.53,15.9328,15.29,15.31,685482
2022-08-24,15.27,15.94,15.27,15.64,723520
2022-08-25,15.8,15.98,15.605,15.9,595057
2022-08-26,15.95,16.12,15.01,15.35,807041
2022-08-29,15.09,15.66,14.41,14.42,1042924
2022-08-30,14.71,15.13,14.08,14.65,1017724
2022-08-31,14.77,15.43,14.7,14.87,2621803
2022-09-01,14.86,15.0,11.75,12.94,3813645
2022-09-02,13.46,13.48,12.5,12.79,1859861
2022-09-06,12.79,13.38,12.71,13.04,1541841
2022-09-07,12.65,12.865,12.18,12.78,3388885
2022-09-08,12.47,13.05,12.43,12.74,1312488
2022-09-09,12.76,13.19,12.76,13.05,1460168
2022-09-12,13.09,13.43,13.06,13.36,1118835
2022-09-13,12.75,13.15,12.64,12.76,1088561
2022-09-14,12.89,13.48,12.6501,13.24,2054143
2022-09-15,13.07,13.36,11.5,12.8,5098373
2022-09-16,12.51,12.86,12.35,12.63,3769851
2022-09-19,12.33,12.48,12.08,12.39,2019031
2022-09-20,12.13,12.51,12.13,12.31,1854092
2022-09-21,12.42,12.83,12.14,12.52,1144483
2022-09-22,12.79,12.82,11.83,11.84,866190
2022-09-23,11.7,11.81,11.33,11.66,909665
2022-09-26,11.59,12.105,11.57,11.6,959914
2022-09-27,11.82,12.01,11.505,11.92,731794
2022-09-28,11.9,12.44,11.9,12.32,909248
2022-09-29,12.17,12.3,11.89,12.14,622563
2022-09-30,11.98,12.48,11.96,12.07,799045
2022-10-03,12.24,12.28,11.66,11.87,858536
2022-10-04,12.18,12.93,12.18,12.89,1135428
2022-10-05,12.66,13.39,12.61,13.33,856866
2022-10-06,13.35,13.86,13.35,13.67,595052
2022-10-07,13.26,13.33,12.94,13.11,680130
2022-10-10,13.11,13.11,12.34,12.43,613261
2022-10-11,12.33,12.38,11.69,11.97,1094990
2022-10-12,11.95,11.97,11.58,11.67,967148
2022-10-13,11.44,11.56,10.58,11.13,1634427
2022-10-14,11.31,11.3988,10.74,11.0,1569651
2022-10-17,11.2,11.52,10.97,11.02,1191687
2022-10-18,11.25,12.07,11.24,11.87,866991
2022-10-19,11.76,11.86,11.35,11.45,1142295
2022-10-20,11.39,12.02,11.34,11.53,685527
2022-10-21,11.42,11.54,11.08,11.49,963895
2022-10-24,11.5,11.67,11.05,11.48,678255
2022-10-25,11.5,12.47,11.5,12.31,1180073
2022-10-26,12.13,12.59,11.93,12.01,597689
2022-10-27,12.12,12.68,12.05,12.28,794215
2022-10-28,12.23,12.67,12.16,12.39,727376
2022-10-31,12.23,12.47,12.075,12.31,1269970
2022-11-01,12.57,12.68,11.83,11.84,927074
2022-11-02,11.84,11.84,10.531,10.6,1436060
2022-11-03,10.51,10.65,10.09,10.11,1059602
2022-11-04,10.3,10.4,9.4,9.67,1803804
2022-11-07,9.68,9.78,9.115,9.25,1671103
2022-11-08,9.43,9.8125,9.12,9.32,2680508
2022-11-09,9.19,9.2,8.42,8.7,2664144
2022-11-10,9.4,10.0,9.23,9.44,4219917
2022-11-11,9.59,10.485,9.19,10.1,3017286
2022-11-14,9.92,10.21,9.08,10.13,1982846
2022-11-15,10.55,10.89,10.51,10.72,1174680
2022-11-16,10.58,10.58,9.85,9.88,742965
2022-11-17,9.55,9.83,9.33,9.51,1248196
2022-11-18,9.75,9.8,9.215,9.35,1505317
2022-11-21,9.3,9.49,9.07,9.33,777805
2022-11-22,9.39,9.5,9.19,9.47,543290
2022-11-23,9.48,10.14,9.38,9.88,989547
2022-11-25,9.81,9.96,9.73,9.96,317688
2022-11-28,9.82,10.15,9.53,9.56,943327
2022-11-29,9.56,9.768,9.22,9.23,792583
2022-11-30,9.29,9.535,8.86,9.53,1674554
2022-12-01,9.55,9.97,9.445,9.9,1836133
2022-12-02,11.8,12.62,11.64,11.9,4974962
2022-12-05,11.78,11.96,11.345,11.4,1660538
2022-12-06,11.38,11.68,10.85,11.67,1497184
2022-12-07,11.52,12.27,11.4,11.9,1552864
2022-12-08,12.14,12.61,11.77,12.44,965373
2022-12-09,12.37,13.28,12.34,13.05,2029509
2022-12-12,13.2,14.155,13.16,13.7,2581372
2022-12-13,14.27,14.45,13.155,13.49,1905251
2022-12-14,13.41,13.79,13.28,13.49,1451161
2022-12-15,13.0,13.18,12.03,12.82,3968344
2022-12-16,12.69,13.07,12.47,12.77,2902537
2022-12-19,12.7,12.71,12.28,12.36,1220175
2022-12-20,12.16,12.46,12.0,12.18,987529
2022-12-21,12.18,12.8,12.0,12.79,1023584
2022-12-22,12.5,12.6,12.17,12.47,778048
2022-12-23,12.31,12.44,12.02,12.27,660817
2022-12-27,12.09,12.09,11.59,11.86,950360
2022-12-28,11.77,11.91,11.275,11.44,901794
2022-12-29,11.54,12.305,11.465,12.21,935023
2022-12-30,11.88,12.47,11.84,12.43,724737
2023-01-03,12.55,12.58,11.67,11.92,1510282
2023-01-04,12.0,12.2,11.77,12.11,1001724
2023-01-05,11.91,11.955,10.73,10.74,931304
2023-01-06,10.82,11.2,10.48,11.2,785239
2023-01-09,11.38,11.86,11.31,11.85,1246341
2023-01-10,11.71,11.82,11.28,11.42,850186
2023-01-11,11.51,12.01,11.35,11.72,647398
2023-01-12,11.72,11.72,11.24,11.56,674919
2023-01-13,11.26,12.01,11.26,12.01,754009
2023-01-17,11.71,12.675,11.55,12.6,1406399
2023-01-18,12.94,13.0362,12.37,12.46,1281135
2023-01-19,12.38,12.6,12.18,12.27,759149
2023-01-20,12.32,12.55,12.17,12.51,536292
2023-01-23,12.59,13.43,12.45,13.24,1354357
2023-01-24,13.2,13.65,12.98,13.34,1267432
2023-01-25,13.03,13.22,12.3,13.12,918955
2023-01-26,13.41,13.71,13.05,13.46,790189
2023-01-27,13.34,14.12,13.32,13.76,1026353
2023-01-30,13.52,13.74,13.34,13.46,512312
2023-01-31,13.57,13.765,13.28,13.64,676762
2023-02-01,13.73,14.46,13.35,14.4,1567114
2023-02-02,14.98,15.21,14.52,14.85,1891787
2023-02-03,14.24,15.205,14.13,14.71,1950576
2023-02-06,14.4,15.28,14.26,14.88,1520466
2023-02-07,14.95,15.37,14.65,15.32,1382206
2023-02-08,15.21,15.39,14.59,14.91,921571
2023-02-09,15.12,15.34,14.94,15.04,1462675
2023-02-10,14.8,15.27,14.78,15.16,1519203
2023-02-13,15.26,15.97,15.215,15.84,1366021
2023-02-14,15.66,15.93,15.48,15.79,1368107
2023-02-15,15.68,16.21,15.41,16.2,2431305
2023-02-16,15.62,16.17,15.46,15.85,2256124
2023-02-17,15.62,15.9,15.32,15.84,3136134
2023-02-21,15.58,16.23,15.55,16.21,2159355
2023-02-22,16.35,16.82,16.08,16.49,2963109
2023-02-23,16.65,16.8,15.57,16.12,7426841
2023-02-24,15.65,16.245,15.6052,16.04,1531105
2023-02-27,16.36,16.485,16.06,16.25,1892772
2023-02-28,16.22,16.745,16.12,16.66,2248813
2023-03-01,16.68,16.75,16.27,16.31,1273623
2023-03-02,16.15,17.23,16.08,16.88,3263137
2023-03-03,19.26,20.73,17.82,19.48,25114687
2023-03-06,20.01,20.43,19.63,19.86,6877796
2023-03-07,19.82,21.26,19.72,20.91,5143622
2023-03-08,20.9,21.24,20.5289,21.1,2565222
2023-03-09,21.15,21.49,20.11,20.25,3180117
2023-03-10,20.25,20.25,19.03,19.36,4162700
2023-03-13,19.19,19.85,18.79,19.51,3538487
2023-03-14,19.86,20.22,19.39,19.69,2652690
2023-03-15,19.1,19.815,18.9,19.75,4761221
2023-03-16,19.14,19.56,18.54,19.47,7631983
2023-03-17,19.35,19.61,18.8,19.02,5761611
2023-03-20,18.87,19.06,18.24,18.32,5483398
2023-03-21,18.42,18.88,17.78,18.77,3956322
2023-03-22,18.99,18.99,18.19,18.26,2995162
2023-03-23,18.13,18.39,17.49,18.12,4424001
2023-03-24,18.21,18.28,17.74,18.13,2134851
2023-03-27,18.3,19.2196,18.21,18.59,3621229
2023-03-28,18.55,18.8,17.58,18.19,2976432
2023-03-29,18.33,18.85,18.31,18.71,2989541
2023-03-30,18.92,19.79,18.92,19.49,6472252
2023-03-31,19.5,20.26,19.4,19.72,4928087
2023-04-03,19.74,20.14,19.5,19.98,2466646
2023-04-04,20.0,20.005,19.53,19.66,2445187
2023-04-05,19.51,19.53,18.18,18.7,3177230
2023-04-06,18.63,19.01,18.33,19.0,1265042
2023-04-10,18.68,19.05,18.44,18.99,1693611
2023-04-11,19.1,19.68,19.01,19.19,1469114
2023-04-12,19.53,20.195,19.38,19.51,2291101
2023-04-13,19.52,19.99,19.34,19.45,1680467
2023-04-14,19.19,20.04,19.07,19.92,2103226
2023-04-17,20.2,21.57,20.2,21.32,5134816
2023-04-18,21.71,22.4,21.66,21.95,5523051
2023-04-19,21.52,22.14,21.03,22.07,4072512
2023-04-20,21.97,22.591,21.69,21.9,2753713
2023-04-21,21.86,22.22,21.45,22.16,2140224
2023-04-24,21.98,22.16,21.15,21.24,2229501
2023-04-25,21.06,21.18,19.54,19.73,3420024
2023-04-26,20.16,20.17,19.03,19.14,3085045
2023-04-27,19.16,19.195,18.62,19.05,2012457
2023-04-28,18.81,18.81,17.67,18.05,3587103
2023-05-01,18.19,18.2,17.75,17.98,1631735
2023-05-02,17.86,18.06,17.0199,17.2,3454143
2023-05-03,17.3,17.3,16.75,16.89,1740025
2023-05-04,16.77,18.015,16.63,18.01,3583614
2023-05-05,18.15,18.3,17.77,18.03,3256671
2023-05-08,18.13,18.98,18.05,18.94,2767944
2023-05-09,18.85,19.36,18.69,19.24,1715342
2023-05-10,19.53,19.95,19.28,19.31,1653627
2023-05-11,19.45,19.51,18.97,19.12,1422999
2023-05-12,18.94,19.41,18.81,18.97,1355318
2023-05-15,19.01,20.28,18.88,20.25,1905397
2023-05-16,19.96,20.42,19.62,19.67,1882254
2023-05-17,19.85,20.34,19.4611,19.95,1851459
2023-05-18,20.03,20.68,20.01,20.65,1275367
2023-05-19,20.64,20.91,20.14,20.19,1671087
2023-05-22,20.21,20.7399,19.95,20.25,1389748
2023-05-23,20.2,20.52,19.73,19.76,1664414
2023-05-24,19.22,19.37,18.66,19.22,2138512
2023-05-25,19.54,19.67,18.455,18.5,3132550
2023-05-26,18.5,19.53,18.24,19.06,2661131
2023-05-30,19.48,20.18,19.16,19.63,3531487
2023-05-31,19.5,19.73,18.8701,19.25,6661537
2023-06-01,19.01,19.405,18.61,19.01,5425426
2023-06-02,22.95,25.0599,22.2,24.31,21409282
2023-06-05,24.52,27.39,24.52,27.21,11051003
2023-06-06,27.24,29.0599,26.97,28.09,7644983
2023-06-07,27.97,28.59,26.31,26.57,6016993
2023-06-08,26.91,28.11,26.6,27.77,5150242
2023-06-09,29.0,30.91,28.65,28.98,7097212
2023-06-12,29.1,30.3399,29.0,29.9,5001236
2023-06-13,30.08,30.73,29.29,30.31,3345129
2023-06-14,30.17,30.89,30.03,30.63,3632663
2023-06-15,30.09,30.09,28.38,29.05,7490507
2023-06-16,29.08,29.37,27.73,28.9,8780598
2023-06-20,28.84,28.91,27.99,28.2,3809344
2023-06-21,27.99,28.38,27.0,27.32,3281363
2023-06-22,26.97,28.4699,26.7682,27.65,2769299
2023-06-23,27.43,27.89,26.02,26.11,2970930
2023-06-26,26.0,26.08,24.7,25.16,4908812
2023-06-27,25.49,25.99,24.95,25.75,3377337
2023-06-28,25.65,27.79,25.64,27.03,3657069
2023-06-29,27.14,28.3,27.0045,27.65,2805394
2023-06-30,27.8,28.28,27.62,27.71,1996888
2023-07-03,27.75,27.97,27.1501,27.5,1205298
2023-07-05,27.28,27.56,26.31,27.22,4086519
2023-07-06,26.67,26.9899,25.91,26.48,2575057
2023-07-07,26.73,27.15,26.24,26.26,2014845
2023-07-10,25.95,27.65,25.06,27.25,3264219
2023-07-11,27.48,28.6,27.02,27.65,3053091
2023-07-12,28.26,28.38,27.01,27.42,1795503
2023-07-13,27.79,29.18,27.651,27.7,3509252
2023-07-14,27.29,29.08,26.59,26.95,4091821
2023-07-17,26.91,28.465,26.81,28.37,2075760
2023-07-18,28.76,29.47,28.15,29.06,3694584
2023-07-19,29.36,29.7899,27.495,28.61,2947879
2023-07-20,28.04,28.3479,27.01,27.06,1775440
2023-07-21,27.34,27.76,26.86,27.08,1500722
2023-07-24,27.14,27.17,26.22,26.35,1488397
2023-07-25,26.6,26.95,26.26,26.59,1227781
2023-07-26,26.26,26.64,25.83,26.0,3409574
2023-07-27,26.66,27.1999,25.72,26.01,2196648
2023-07-28,26.5,27.78,26.18,27.71,2704628
2023-07-31,28.19,28.95,27.512,27.94,2896296
2023-08-01,27.68,28.1,27.27,27.46,1534948
2023-08-02,26.77,26.99,25.21,26.11,3105533
2023-08-03,26.0,26.79,25.7913,26.74,2347329
2023-08-04,26.91,27.19,25.75,25.86,1828802
2023-08-07,26.0,26.2,25.09,25.29,2120759
2023-08-08,24.92,24.92,24.11,24.67,2582745
2023-08-09,24.71,24.72,23.6,23.75,2070980
2023-08-10,23.94,24.37,23.61,23.85,1583184
2023-08-11,23.7,24.08,23.22,23.75,1670650
2023-08-14,23.47,24.14,23.29,24.12,1200879
2023-08-15,24.02,24.18,23.62,23.65,1363879
2023-08-16,23.65,23.85,23.335,23.36,1061411
2023-08-17,23.2,23.31,22.79,22.84,1167699
2023-08-18,22.28,24.2399,21.89,24.01,2822710
2023-08-21,23.91,24.26,23.23,23.73,1992444
2023-08-22,24.14,24.14,23.26,23.93,1451432
2023-08-23,24.0,25.505,23.88,25.18,3195738
2023-08-24,25.51,25.76,24.73,25.03,3923120
2023-08-25,24.72,25.75,24.51,25.26,2523105
2023-08-28,25.42,26.1,25.16,25.28,1838446
2023-08-29,25.05,26.09,24.8,25.92,2335363
2023-08-30,26.03,26.7968,25.84,26.77,1965165
2023-08-31,27.3,27.53,26.68,27.36,7288144
2023-09-01,27.0,31.1197,26.7,30.93,9734302
2023-09-05,30.96,31.86,30.64,31.83,6547410
2023-09-06,31.75,32.41,31.2527,31.58,4117469
2023-09-07,30.6,31.43,30.31,30.91,3179429
2023-09-08,30.87,31.7312,30.24,30.57,2992773
2023-09-11,30.99,31.204,30.46,30.85,2279206
2023-09-12,30.5,31.0,30.06,30.27,2490391
2023-09-13,29.75,29.75,28.46,29.32,4785559
2023-09-14,29.59,29.64,27.87,29.03,3742187
2023-09-15,28.28,28.438,26.77,28.14,10550340
2023-09-18,27.92,28.38,27.39,27.45,2086320
2023-09-19,27.28,27.28,25.91,27.15,4494671
2023-09-20,27.15,27.36,25.15,25.22,4509703
2023-09-21,24.33,25.1,23.41,23.55,4943057
2023-09-22,23.6,23.84,23.04,23.13,3734853
2023-09-25,22.79,23.94,22.7,23.61,2561990
2023-09-26,23.3,23.6,23.21,23.54,2154828
2023-09-27,23.82,25.41,23.82,24.91,4405190
2023-09-28,24.71,25.27,24.49,25.0,2266345
2023-09-29,25.28,25.71,24.945,25.21,1749283
2023-10-02,25.22,25.885,25.19,25.43,1552805
2023-10-03,25.3,25.41,24.1,24.27,3201529
2023-10-04,24.42,24.79,23.875,24.69,2320136
2023-10-05,24.49,24.65,23.83,24.39,2117485
2023-10-06,23.88,25.98,23.88,25.7,2683464
2023-10-09,25.19,25.818,25.03,25.58,1356147
2023-10-10,25.5,26.24,24.92,25.04,2846765
2023-10-11,25.63,26.09,25.07,25.43,1795656
2023-10-12,25.48,25.67,24.335,24.65,1648330
2023-10-13,24.2,24.5187,22.74,23.46,2797597
2023-10-16,23.7,24.65,23.53,24.43,1683580
2023-10-17,24.11,25.12,23.92,24.9,1604433
2023-10-18,24.62,24.82,23.505,23.56,1529537
2023-10-19,23.78,23.97,23.18,23.23,1670057
2023-10-20,23.0,23.55,22.15,22.82,4043004
2023-10-23,22.57,23.5599,22.28,23.15,1660340
2023-10-24,23.56,24.06,23.39,23.68,1564434
2023-10-25,23.68,23.68,21.765,22.16,3374684
2023-10-26,22.26,22.75,21.76,22.14,1890348
2023-10-27,22.41,22.8103,22.135,22.21,1163602
2023-10-30,22.73,23.05,22.31,22.95,1372575
2023-10-31,23.11,23.45,22.62,23.07,1385378
2023-11-01,22.86,22.95,21.48,22.34,3374698
2023-11-02,22.99,23.51,22.19,22.71,3072163
2023-11-03,22.76,25.05,22.66,25.03,4701768
2023-11-06,25.23,25.45,23.44,24.14,1915849
2023-11-07,24.3,25.99,24.3,25.14,2756772
2023-11-08,25.15,25.235,24.48,24.8,1182233
2023-11-09,25.1,25.66,23.51,23.56,2444346
2023-11-10,23.35,24.0,23.12,24.0,1634256
2023-11-13,23.57,23.9499,23.35,23.57,1588557
2023-11-14,24.99,26.32,24.82,26.3,3728869
2023-11-15,26.43,27.9529,26.31,26.63,3682098
2023-11-16,26.28,26.6971,25.88,26.58,1815695
2023-11-17,26.63,27.4,26.22,26.88,2011885
2023-11-20,27.0,27.355,26.62,27.16,1691029
2023-11-21,26.91,27.57,25.76,26.39,2432561
2023-11-22,26.88,27.12,26.415,26.72,1042546
2023-11-24,26.48,27.47,26.2418,27.27,983286
2023-11-27,27.19,27.6799,26.78,26.79,2190269
2023-11-28,26.65,26.995,26.1278,26.88,2078790
2023-11-29,27.34,28.71,27.32,28.14,4334025
2023-11-30,28.55,28.6896,26.86,27.54,5156289
2023-12-01,31.0,34.74,29.63,34.59,16766615
2023-12-04,34.2,35.69,32.8,34.3,7735876
2023-12-05,34.11,35.24,33.5,34.67,6876940
2023-12-06,35.15,35.99,34.23,34.62,4790271
2023-12-07,34.42,34.85,33.63,33.73,2750395
2023-12-08,33.4,34.69,32.27,33.67,4699077
2023-12-11,33.35,34.43,33.1,33.91,3165644
2023-12-12,33.76,35.18,33.17,34.18,4589486
2023-12-13,34.29,35.98,33.95,35.92,4827491
2023-12-14,36.7,36.91,34.87,35.64,5452074
2023-12-15,35.73,35.8,32.61,33.99,9636343
2023-12-18,33.77,35.06,33.7,34.29,2983312
2023-12-19,34.45,34.93,33.87,34.18,3139169
2023-12-20,33.55,34.25,32.74,33.12,3342782
2023-12-21,33.64,33.9,32.75,33.79,2695596
2023-12-22,33.86,35.04,33.66,34.01,2662597
2023-12-26,34.26,35.575,34.15,34.82,2671203
2023-12-27,34.89,35.7,33.212,33.46,4052818
2023-12-28,33.4,34.28,33.1,33.87,2046803
2023-12-29,33.68,33.99,33.01,33.38,2253924
2024-01-02,32.75,32.975,31.102,31.38,3477165
2024-01-03,30.78,31.1,30.3,30.32,2601597
2024-01-04,30.08,30.93,29.8,30.17,1784763
2024-01-05,29.89,30.84,29.8,30.5,1473117
2024-01-08,30.77,32.26,30.7,32.23,2794732
2024-01-09,31.84,32.99,31.84,32.95,2607665
2024-01-10,33.0,33.2379,32.2,32.86,2364981
2024-01-11,32.97,33.63,32.02,33.25,2436986
2024-01-12,33.38,33.79,32.78,33.17,1708972
2024-01-16,32.83,34.3677,32.81,33.63,3432493
2024-01-17,32.98,33.28,31.33,32.36,3380678
2024-01-18,33.02,33.17,31.46,31.85,2565738
2024-01-19,32.11,32.39,31.49,32.26,1806390
2024-01-22,33.18,35.18,32.68,33.3,4285373
2024-01-23,33.56,33.6,31.96,32.57,3693269
2024-01-24,33.03,33.26,31.24,31.26,2517167
2024-01-25,31.68,31.94,30.65,31.07,2955600
2024-01-26,30.94,32.11,30.785,30.85,2347981
2024-01-29,31.04,32.32,30.89,32.29,3221650
2024-01-30,32.34,32.6,31.5,32.09,3052747
2024-01-31,31.6,32.378,30.81,31.4,2888767
2024-02-01,31.676,31.94,30.91,31.63,1726668
2024-02-02,31.25,32.98,31.16,32.51,3204554
2024-02-05,32.65,33.33,31.51,31.77,2342896
2024-02-06,32.0,32.05,30.71,31.72,2264745
2024-02-07,31.75,32.93,31.2,32.41,2272155
2024-02-08,32.68,34.8269,32.68,34.31,3977006
2024-02-09,35.07,35.77,34.81,35.47,3747917
2024-02-12,36.28,36.78,33.93,34.49,4997941
2024-02-13,32.3,33.7,31.5,32.67,3936473
2024-02-14,33.31,34.7279,32.95,34.59,2354537
2024-02-15,35.05,35.2871,34.08,34.98,1970645
2024-02-16,34.5,34.82,33.63,34.44,3421751
2024-02-20,34.0,34.14,32.25,32.93,3251655
2024-02-21,32.0,32.55,31.18,31.57,2402063
2024-02-22,32.71,33.509,32.5,32.69,2327660
2024-02-23,33.03,33.87,33.02,33.31,2289491
2024-02-26,33.6,34.5,33.3503,33.49,2278571
2024-02-27,33.78,34.1,33.14,33.78,2405235
2024-02-28,33.31,33.72,32.93,33.21,2831038
2024-02-29,33.55,35.34,33.4503,34.55,14216798
2024-03-01,34.86,35.24,33.35,34.99,5151929
2024-03-04,35.54,36.49,34.72,35.9,5337650
2024-03-05,35.0,35.2,32.25,32.8,6110780
2024-03-06,33.61,34.3,33.16,33.35,3810553
2024-03-07,34.0,34.4,33.05,34.36,7593193
2024-03-08,37.1,39.88,36.3,39.16,17657605
2024-03-11,39.11,40.54,38.15,38.35,7231975
2024-03-12,38.63,39.31,37.57,39.07,4606000
2024-03-13,39.07,40.305,38.2,38.36,3376488
2024-03-14,38.4,38.6,36.44,36.87,4052596
2024-03-15,36.52,36.58,34.405,35.76,8615295
2024-03-18,35.98,37.28,35.53,36.95,3254551
2024-03-19,36.22,37.025,35.195,36.8,3018793
2024-03-20,36.28,36.48,35.31,36.0,7918309
2024-03-21,36.41,38.21,36.14,37.18,6279287
2024-03-22,36.86,37.25,36.01,37.1,3113060
2024-03-25,36.9,38.77,36.67,38.54,4102686
2024-03-26,39.0,39.77,38.6,39.4,5391149
2024-03-27,39.5,39.95,37.83,38.39,2989394
2024-03-28,38.12,38.61,37.59,37.79,2462427
2024-04-01,37.6,37.89,35.95,36.0,3561409
2024-04-02,35.15,35.53,33.92,35.52,3886535
2024-04-03,35.29,35.43,34.3801,34.48,2459339
2024-04-04,34.85,35.38,33.73,33.75,2335961
2024-04-05,33.95,34.31,33.68,33.89,2132226
2024-04-08,34.19,34.4,33.7,33.75,1307744
2024-04-09,33.75,34.2,33.235,33.44,2047856
2024-04-10,32.3,33.12,31.76,32.36,1947296
2024-04-11,32.84,32.84,31.88,32.4,2623469
2024-04-12,32.09,32.45,31.74,31.88,2399970
2024-04-15,31.97,32.0,30.22,30.43,3442348
2024-04-16,30.5,31.28,29.8,30.94,4430685
2024-04-17,30.94,31.38,30.65,30.97,2503737
2024-04-18,31.22,31.55,30.62,31.01,3380689
2024-04-19,30.75,31.0,29.85,30.16,2050529
2024-04-22,30.67,31.36,29.7,31.35,3151449
2024-04-23,31.94,33.79,31.7511,33.71,4894514
2024-04-24,33.97,34.665,33.59,34.65,4546663
2024-04-25,33.6,34.55,33.33,34.39,3215387
2024-04-26,35.26,36.165,34.87,35.99,2864112
2024-04-29,36.33,36.82,35.45,35.7,2698816
2024-04-30,35.4,36.4,34.79,34.93,3224835
2024-05-01,34.92,36.4125,33.83,35.25,3336646
2024-05-02,35.8,37.0,34.805,36.82,3478680
2024-05-03,37.68,38.14,37.2201,38.03,2550542
2024-05-06,38.4,39.34,38.3,38.97,2093547
2024-05-07,38.97,39.04,37.5575,38.27,2297051
2024-05-08,37.78,38.59,37.59,38.41,2146590
2024-05-09,38.42,39.85,38.19,39.75,2753428
2024-05-10,39.95,40.69,39.35,39.84,2777636
2024-05-13,40.2,40.4899,39.42,39.46,2570890
2024-05-14,39.6,40.63,39.5,39.55,2714990
2024-05-15,40.5,42.275,39.91,42.06,4147276
2024-05-16,41.9,42.17,40.56,40.62,2857193
2024-05-17,40.75,41.38,40.52,40.9,2835159
2024-05-20,40.81,41.14,40.1372,41.14,1755278
2024-05-21,40.94,41.3499,40.62,40.95,1366751
2024-05-22,41.01,41.3248,40.295,40.46,1579914
2024-05-23,41.18,41.24,38.98,39.47,2378802
2024-05-24,39.52,39.64,38.26,39.37,3015289
2024-05-28,39.28,39.38,37.09,37.82,4382540
2024-05-29,37.19,38.24,37.1,37.63,2193777
2024-05-30,37.19,37.2,35.15,35.26,4610413
2024-05-31,35.15,35.19,32.67,33.93,9593497
2024-06-03,34.5,34.92,33.36,34.11,3897172
2024-06-04,34.0,34.27,33.01,33.45,3985843
2024-06-05,33.86,34.27,33.62,34.0,4412409
2024-06-06,33.85,34.97,33.7,34.86,7338623
2024-06-07,32.84,33.08,29.42,30.56,19097586
2024-06-10,30.22,31.0,29.58,30.95,6759509
2024-06-11,30.64,30.74,29.38,29.65,7040087
2024-06-12,30.72,31.58,29.395,29.41,5125568
2024-06-13,29.37,30.19,28.53,28.6,5833546
2024-06-14,28.46,29.21,28.02,28.07,3266297
2024-06-17,28.0,28.62,27.14,28.28,6785060
2024-06-18,28.27,29.64,28.12,29.61,6325178
2024-06-20,29.89,30.24,29.09,29.6,5200050
2024-06-21,29.18,29.51,28.76,29.32,6377938
2024-06-24,29.0,29.65,28.69,29.42,3561245
2024-06-25,29.6,29.87,29.06,29.84,3477228
2024-06-26,29.86,31.47,29.86,31.16,5488603
2024-06-27,31.2,32.99,31.11,32.63,5739752
2024-06-28,32.77,33.97,32.64,33.7,9502943
2024-07-01,33.6,35.0,33.22,34.85,4324060
2024-07-02,34.85,35.93,34.85,35.47,4291460
2024-07-03,35.5,36.08,35.42,35.67,1537408
2024-07-05,35.62,36.81,35.62,36.73,2348190
2024-07-08,36.77,36.8095,35.6801,36.13,2926702
2024-07-09,36.0,36.2,34.25,35.13,4236350
2024-07-10,35.6,35.6,34.42,35.18,2018314
2024-07-11,35.6,36.78,35.59,36.26,2756030
2024-07-12,36.01,37.79,35.85,37.51,2721267
2024-07-15,38.0,38.43,37.24,37.65,2509641
2024-07-16,37.91,38.47,37.34,38.26,1823857
2024-07-17,37.5,38.07,36.0,37.11,4155665
2024-07-18,37.23,37.68,34.93,35.35,3798345
2024-07-19,35.38,36.54,35.155,35.73,1511942
2024-07-22,36.21,37.26,35.5,37.12,1763751
2024-07-23,37.37,38.76,37.19,37.86,2329415
2024-07-24,37.28,37.51,35.37,35.41,2790782
2024-07-25,36.35,38.23,35.21,37.12,2559531
2024-07-26,37.69,38.15,36.94,37.51,1676425
2024-07-29,38.18,38.33,36.64,36.71,1461777
2024-07-30,36.99,37.79,36.2601,36.94,1967760
2024-07-31,37.66,39.21,37.32,38.28,2703093
2024-08-01,38.11,38.74,36.12,36.66,2895963
2024-08-02,35.0,35.425,33.3,35.4,3828756
2024-08-05,32.82,36.66,32.22,35.56,4234609
2024-08-06,36.23,37.605,35.67,36.82,2537042
2024-08-07,37.85,38.41,35.77,35.81,2431110
2024-08-08,36.9,38.42,35.77,38.37,2191462
2024-08-09,38.4,38.66,37.62,38.23,2226375
2024-08-12,38.37,38.49,37.72,38.18,1375109
2024-08-13,38.55,40.18,38.325,39.83,3735896
2024-08-14,40.05,41.32,39.62,39.74,3481598
2024-08-15,40.14,40.56,38.95,39.28,2987234
2024-08-16,39.12,39.475,38.22,39.33,2722964
2024-08-19,39.3,40.49,39.26,40.34,2544790
2024-08-20,40.44,40.91,39.9601,40.72,2675835
2024-08-21,40.75,41.6799,40.4,41.27,2734077
2024-08-22,41.32,41.9626,40.5603,40.86,3212467
2024-08-23,41.14,41.8,40.55,41.69,2124663
2024-08-26,41.7,42.49,41.4,41.55,2128356
2024-08-27,41.21,42.32,41.12,41.98,4381622
2024-08-28,41.87,42.25,40.93,41.25,2389226
2024-08-29,41.58,42.3,40.49,40.61,2074385
2024-08-30,41.01,41.23,39.78,41.07,3483062
2024-09-03,40.73,41.42,38.92,39.21,3046872
2024-09-04,38.64,39.3,37.62,38.66,2774080
2024-09-05,37.85,39.35,37.85,38.75,4535238
2024-09-06,43.15,45.43,42.37,44.02,12523425
2024-09-09,43.63,46.22,43.0914,46.14,8111517
2024-09-10,46.59,47.68,45.72,47.29,4252051
2024-09-11,45.29,46.11,42.33,46.03,10491771
2024-09-12,45.77,46.96,45.2,46.27,4085115
2024-09-13,46.21,47.54,45.86,47.44,4183318
2024-09-16,47.05,47.79,45.16,46.94,5968196
2024-09-17,46.86,47.79,45.88,47.55,6587217
2024-09-18,47.38,48.11,46.25,47.55,5332425
2024-09-19,48.64,48.98,46.78,47.6,4473277
2024-09-20,47.41,49.56,47.09,49.39,7912549
2024-09-23,49.64,49.78,48.975,49.47,2793307
2024-09-24,49.75,49.805,48.59,49.75,2501055
2024-09-25,49.63,50.07,49.31,49.38,2318287
2024-09-26,49.98,49.98,48.318569,48.54,2426133
2024-09-27,48.8,48.94,47.485,47.52,2632616
2024-09-30,47.75,48.69,47.2901,48.12,4418292
2024-10-01,48.01,48.05,46.38,46.74,3152653
2024-10-02,46.0,46.39,45.32,45.65,3380645
2024-10-03,45.5,46.0499,45.31,45.73,2690534
2024-10-04,46.43,47.97,46.11,47.6,2228671
2024-10-07,47.36,48.09,46.85,47.78,2153422
2024-10-08,48.02,48.69,47.19,47.26,1868802
2024-10-09,47.76,48.26,47.57,47.93,1715316
2024-10-10,47.43,50.66,47.25,50.61,5040081
2024-10-11,50.99,51.53,50.405,50.5,2466112
2024-10-14,50.89,50.89,49.44,50.49,1933300
2024-10-15,50.43,51.07,50.1,50.27,1786188
2024-10-16,50.11,50.208,48.31,49.5,1952056
2024-10-17,49.89,50.0843,48.83,49.17,1280214
2024-10-18,49.24,50.66,49.04,50.0,1520226
2024-10-21,49.68,50.79,48.91,49.14,1641813
2024-10-22,48.19,48.4699,46.46,46.64,3528112
2024-10-23,46.5,47.29,46.06,47.27,2041383
2024-10-24,48.09,48.695,47.78,48.27,1577200
2024-10-25,48.33,48.798,47.66,47.69,1689283
2024-10-28,48.25,48.25,47.46,47.59,1304807
2024-10-29,47.65,48.93,47.3018,48.58,1275667
2024-10-30,48.51,49.77,48.37,49.35,1821848
2024-10-31,48.64,49.11,47.67,47.79,1901602
2024-11-01,48.0,48.0,45.98,46.22,2979823
2024-11-04,45.98,47.26,45.76,46.66,1590990
2024-11-05,46.56,48.51,46.11,48.24,2133280
2024-11-06,49.5,50.3,48.7749,50.26,4709092
2024-11-07,50.6,51.83,50.3,51.77,2374885
2024-11-08,52.23,52.81,51.42,52.72,2127391
2024-11-11,53.24,53.68,52.5,52.52,2111049
2024-11-12,52.265,53.62,51.9,52.34,2404189
2024-11-13,52.92,53.98,52.52,52.86,3576728
2024-11-14,52.855,53.43,50.7151,50.91,2428819
2024-11-15,50.535,50.535,49.0,49.51,2263357
2024-11-18,50.27,50.27,49.3,49.49,1924573
2024-11-19,48.81,52.26,48.6127,52.23,3359138
2024-11-20,52.78,53.17,51.24,52.63,2054073
2024-11-21,53.0,55.39,52.93,54.88,2854446
2024-11-22,55.385,56.76,54.7701,56.35,3269060
2024-11-25,57.28,57.51,55.09,55.5,3673631
2024-11-26,55.325,55.89,54.43,55.39,1822577
2024-11-27,54.9999,55.25,53.02,53.74,2037802
2024-11-29,54.095,54.4301,53.17,53.49,1046733
2024-12-02,54.7595,55.27,53.37,53.65,2322244
2024-12-03,52.6111,54.67,52.4,54.63,2726834
2024-12-04,55.945,56.78,54.75,55.84,3716891
2024-12-05,55.7,56.2,54.87,55.13,4681347
2024-12-06,52.53,54.43,51.62,52.27,10742267
2024-12-09,51.84,51.93,49.8,50.13,5900379
2024-12-10,47.5,48.25,45.0,45.43,9690824
2024-12-11,45.47,46.53,44.59,46.4,4566228
2024-12-12,45.86,46.59,45.69,46.43,3304190
2024-12-13,46.245,46.39,45.0,46.08,3923336
2024-12-16,46.0,47.32,44.8812,47.16,4956493
2024-12-17,46.87,47.82,46.375,46.78,5801291
2024-12-18,46.72,46.903,43.31,43.64,3496596
2024-12-19,44.03,44.06,42.47,42.67,3938854
2024-12-20,42.35,44.4223,42.0,44.32,5983390
2024-12-23,44.88,45.78,44.32,45.63,3833984
2024-12-24,45.495,45.86,45.08,45.55,1368344
2024-12-26,45.5,45.71,44.785,45.56,1524522
2024-12-27,45.265,45.31,43.7301,44.42,1790318
2024-12-30,43.51,44.32,43.1701,43.91,2039336
2024-12-31,44.105,44.66,43.54,43.69,3364705
2025-01-02,44.155,44.405,43.045,43.99,2179126
2025-01-03,44.49,45.975,44.14,45.91,2430290
2025-01-06,46.51,46.775,44.726,44.97,1851769
2025-01-07,45.24,45.24,42.38,42.92,3054600
2025-01-08,42.89,44.485,42.54,44.18,2773341
2025-01-10,43.0,44.11,42.36,43.78,3055055
2025-01-13,43.015,43.83,42.83,43.53,1868792
2025-01-14,44.15,44.75,43.63,44.04,2221342
2025-01-15,45.0,45.99,44.71,45.67,3479961
2025-01-16,45.665,46.39,45.27,45.82,2615876
2025-01-17,46.215,46.87,45.45,46.87,2292756
2025-01-21,47.4,47.81,46.11,47.22,2574911
2025-01-22,47.51,47.86,46.61,47.81,2330164
2025-01-23,47.37,48.0,46.87,47.99,2080090
2025-01-24,48.22,49.01,47.87,48.19,2827657
2025-01-27,46.36,49.68,46.01,49.33,3374407
2025-01-28,49.575,52.16,48.6525,51.82,3321263
2025-01-29,51.2,51.82,50.44,50.97,2899435
2025-01-30,51.25,52.15,50.97,51.99,1822187
2025-01-31,52.0039,52.94,51.01,51.5,1752837
2025-02-03,49.2048,51.68,49.1955,51.41,3038279
2025-02-04,51.95,52.7,51.685,52.59,1923110
2025-02-05,52.78,54.27,52.2,54.0,2477265
2025-02-06,54.0,54.4,53.455,54.02,2146915
2025-02-07,54.42,55.3,54.05,54.59,3283618
2025-02-10,55.3,56.04,54.89,55.02,2750219
2025-02-11,54.85,55.79,54.65,55.24,2426067
2025-02-12,54.2,56.37,53.76,55.77,2676933
2025-02-13,56.305,56.5369,54.6021,56.37,2857840
2025-02-14,56.57,59.04,55.72,58.96,3564732
2025-02-18,59.7923,61.14,59.35,60.96,4337293
2025-02-19,60.99,61.8999,58.14,58.83,5421014
2025-02-20,58.265,58.43,52.1716,54.65,6868104
2025-02-21,55.398,55.425,51.95,52.82,3913345
2025-02-24,52.89,53.0,49.41,50.63,4025506
2025-02-25,50.03,50.1,47.51,50.01,4132105
2025-02-26,50.11,50.62,49.62,50.04,3762963
2025-02-27,50.1,51.01,47.26,47.36,2366335
2025-02-28,47.41,48.47,46.8,47.68,6009455
2025-03-03,48.54,48.6573,45.545,45.82,4324196
2025-03-04,44.3768,45.54,43.08,44.16,5417460
2025-03-05,44.255,44.54,43.07,43.59,4388586
2025-03-06,42.5,44.1,41.72,41.88,6033875
2025-03-07,39.0,39.99,34.3301,35.36,13185514
2025-03-10,35.89,35.96,32.97,34.06,10708486
2025-03-11,34.045,36.7,34.0,35.9,6797696
2025-03-12,37.27,39.21,37.0,38.02,7393932
2025-03-13,37.84,38.32,36.77,37.14,6098395
2025-03-14,37.815,38.88,37.7331,38.06,5638004
2025-03-17,38.16,39.425,37.45,38.96,5339414
2025-03-18,37.91,38.25,36.88,38.11,4125107
2025-03-19,38.34,40.51,38.33,39.82,5594128
2025-03-20,39.515,40.455,39.21,39.49,3412809
2025-03-21,39.34,40.49,38.7001,40.16,7499999
2025-03-24,41.43,42.39,41.29,42.08,3133047
2025-03-25,42.46,43.26,42.19,42.61,3058753
2025-03-26,42.5,42.75,41.13,41.67,3556541
2025-03-27,41.2,41.37,40.17,40.68,3052986
2025-03-28,40.296,40.67,38.585,38.93,4265124
2025-03-31,37.6,38.35,36.55,38.33,3866587
2025-04-01,38.195,38.82,37.35,38.8,3798071
2025-04-02,37.86,38.81,37.33,38.0,6526415
2025-04-03,35.01,35.6399,33.03,34.11,10860615
2025-04-04,33.09,33.88,31.66,33.46,13035956
2025-04-07,31.49,35.147,31.4,33.64,9620600
2025-04-08,35.0,35.65,33.46,34.16,9512397
2025-04-09,34.16,39.97,33.69,39.46,8079051
2025-04-10,38.5,39.575,36.771,37.4,4498997
2025-04-11,36.79,38.4,36.76,37.79,2642455
2025-04-14,38.795,38.97,36.8,37.25,2224931
2025-04-15,37.465,38.97,37.315,38.68,3029347
2025-04-16,38.3703,39.23,37.89,38.85,3458385
2025-04-17,38.29,38.89,36.915,37.52,2785058
2025-04-21,37.14,37.16,35.36,35.5,3861718
2025-04-22,35.75,35.95,34.34,35.47,6647055
2025-04-23,37.35,39.05,36.93,37.22,3974762
2025-04-24,37.585,39.475,37.5,39.22,3159652
2025-04-25,38.815,39.7764,38.61,39.42,2163203
2025-04-28,39.51,40.2899,39.01,39.8,2280224
2025-04-29,39.95,40.38,39.09,39.24,2310897
2025-04-30,37.67,39.7,37.0701,39.66,2426361
2025-05-01,40.4,41.07,39.68,40.05,2185896
2025-05-02,41.245,41.98,40.81,41.39,2604519
2025-05-05,41.065,42.19,40.93,41.36,2301028
2025-05-06,40.64,41.77,40.217,41.4,2188493
2025-05-07,41.37,42.15,41.23,41.96,2934410
2025-05-08,42.69,43.88,42.36,43.42,2188916
2025-05-09,43.71,43.9095,42.3592,43.3,2002435
2025-05-12,45.0,45.6999,44.82,45.25,3137147
2025-05-13,45.56,47.065,45.2,46.63,1591344
2025-05-14,47.01,47.84,46.82,47.74,3302516
2025-05-15,47.35,47.65,46.53,46.93,1974664
2025-05-16,47.325,47.87,46.8,47.42,2950007
2025-05-19,46.31,47.675,46.01,47.62,2438451
2025-05-20,47.36,47.635,47.02,47.31,1587209
2025-05-21,47.02,47.49,45.62,45.65,2081282
2025-05-22,45.35,46.6,45.35,46.14,3065706
2025-05-23,45.4,46.11,44.97,45.5,1910159
2025-05-27,46.485,47.07,45.8601,46.79,2370210
2025-05-28,46.6525,47.0998,46.06,46.48,3029849
2025-05-29,46.655,46.78,45.37,45.78,2815001
2025-05-30,45.49,46.68,45.145,46.54,6667065
2025-06-02,46.5,47.54,45.635,46.64,3899639
2025-06-03,46.55,46.92,45.56,45.87,4327954
2025-06-04,46.055,47.01,45.9175,46.73,4439166
2025-06-05,47.39,48.405,46.89,47.25,8164937
2025-06-06,42.75,45.815,41.6,45.1,14851387
2025-06-09,45.11,45.43,44.31,44.69,5082024
2025-06-10,40.62,42.23,39.21,41.94,18681645
2025-06-11,41.61,42.89,41.0,42.34,7956185
2025-06-12,41.11,41.3,40.08,40.69,9472065
2025-06-13,39.75,40.23,38.74,39.21,5493543
2025-06-16,39.355,39.64,38.62,39.12,8021507
2025-06-17,38.72,39.02,38.1,38.22,6780315
2025-06-18,38.165,39.3899,37.8,38.69,7723969
2025-06-20,38.62,39.36,38.16,39.17,11061218
2025-06-23,39.035,39.72,38.04,39.23,6291144
2025-06-24,39.73,40.35,39.005,40.28,7598676
2025-06-25,40.625,41.04,38.65,38.65,8029542
2025-06-26,39.62,40.01,38.47,39.72,5718162
2025-06-27,39.52,40.59,39.16,39.6,29780469
2025-06-30,40.02,40.1824,38.99,39.78,7598940
2025-07-01,39.75,40.05,38.21,39.16,5525884
2025-07-02,38.94,39.16,37.95,38.38,6666553
2025-07-03,38.535,39.52,38.4,39.11,4249709
2025-07-07,39.04,39.27,38.53,39.08,4006069
2025-07-08,39.26,39.355,38.46,38.58,4657981
2025-07-09,38.94,39.61,38.68,39.28,4201196
2025-07-10,39.415,39.53,37.625,37.69,4699485
2025-07-11,37.62,37.89,36.86,37.39,4123803
2025-07-14,37.3,37.73,36.88,37.56,4648819
2025-07-15,37.95,38.05,37.13,37.62,3034804
2025-07-16,37.85,37.99,36.8,37.99,3056135
2025-07-17,37.975,38.48,37.73,38.15,3192910
2025-07-18,38.345,39.27,37.8828,39.24,4421329
2025-07-21,39.5,39.5499,38.15,38.15,6126414
2025-07-22,38.245,38.32,37.525,37.77,4105463
2025-07-23,38.1,39.0808,37.685,38.61,2739956
2025-07-24,38.51,38.76,38.0,38.12,2913671
2025-07-25,38.27,39.01,37.77,38.99,1989552
2025-07-28,39.1,40.78,38.85,39.66,6826485
2025-07-29,40.05,40.29,38.321,39.24,3239254
2025-07-30,39.45,39.66,38.39,38.53,4673369
2025-07-31,39.3604,39.4199,37.87,38.03,2660071
2025-08-01,37.206,37.33,35.56,36.01,4417763
2025-08-04,36.5,37.86,36.44,37.6,2633429
2025-08-05,37.745,37.83,35.75,35.91,4883051
2025-08-06,36.25,36.87,35.85,36.77,4088934
2025-08-07,37.23,37.4,34.08,34.58,7472549
2025-08-08,34.61,35.1,33.7,33.74,4809435
2025-08-11,33.975,34.4199,32.36,32.5,7183206
2025-08-12,32.855,33.0,32.06,32.69,5197376
2025-08-13,32.86,33.09,32.31,33.0,6848918
2025-08-14,32.42,32.5799,31.68,32.22,6173889
2025-08-15,32.75,33.695,32.41,33.53,3776265
2025-08-18,33.34,34.092,33.21,33.9,2813424
2025-08-19,34.04,34.1953,33.025,33.12,3330310
2025-08-20,32.8,33.11,32.06,33.0,3047815
2025-08-21,32.69,33.045,32.28,32.84,2636771
2025-08-22,32.95,34.99,32.55,34.79,5980429
2025-08-25,34.85,35.35,34.34,34.4,6681487
2025-08-26,34.47,34.57,33.44,33.6,7609931
2025-08-27,33.99,35.775,33.97,35.65,4553989
2025-08-28,35.85,37.045,35.825,36.45,5405385
2025-08-29,36.545,36.82,35.88,36.14,3663990
2025-09-02,35.49,35.905,34.73,35.49,4389012
2025-09-03,35.725,36.11,35.215,35.51,6093937
2025-09-04,35.0,36.49,34.69,35.84,9995414
2025-09-05,40.39,42.8716,38.39,42.09,23981779
2025-09-08,42.22,42.49,40.5,41.53,9276329
2025-09-09,40.0,40.1,37.37,38.6,16432496
2025-09-10,39.01,39.02,37.71,38.75,8949137
2025-09-11,38.97,39.27,38.28,38.69,6424057
2025-09-12,38.9,39.155,38.125,38.26,5905221
2025-09-15,38.4,39.79,38.13,39.45,5568899
2025-09-16,39.325,39.665,38.98,39.48,4374547
2025-09-17,39.41,39.7,38.52,38.87,9149433
2025-09-18,39.35,40.81,39.11,39.97,6284671
2025-09-19,40.0,40.27,39.445,40.08,5937883
2025-09-22,39.85,39.9464,38.86,39.31,4637842
2025-09-23,39.38,39.57,38.39,38.41,4399410
2025-09-24,38.375,38.47,36.9,36.94,3732395
2025-09-25,36.87,38.6051,35.77,38.51,7171034
2025-09-26,38.45,38.45,37.01,38.02,8755767
2025-09-29,38.12,38.22,37.05,37.22,4368014
2025-09-30,37.2,37.49,35.86,37.25,5923806
2025-10-01,38.12,38.905,37.095,38.13,6746212
2025-10-02,38.21,39.39,38.0801,39.13,6888782
2025-10-03,39.225,39.47,38.755,39.1,3447890
2025-10-06,39.67,40.445,39.12,40.08,5323636
2025-10-07,40.32,40.38,37.25,38.72,8393980
2025-10-08,39.065,40.425,38.71,40.29,10266846
2025-10-09,40.08,40.59,39.61,40.07,4073948
2025-10-10,40.1,40.19,36.85,36.86,3819698
2025-10-13,37.8,37.8,36.615,37.56,2856130
2025-10-14,36.775,38.165,36.06,38.04,3810627
2025-10-15,38.41,38.5,37.25,37.71,3620367
2025-10-16,38.075,38.49,35.865,36.42,2958848
2025-10-17,36.03,36.73,35.84,36.54,2528148
2025-10-20,36.96,37.57,36.745,37.21,2266480
2025-10-21,37.335,39.22,37.05,39.15,5576176
2025-10-22,37.335,39.25,37.335,38.14,2398645
2025-10-23,38.36,38.7703,38.03,38.65,1686419
2025-10-24,39.105,39.51,38.9,39.25,2740083
2025-10-27,39.94,40.09,39.6,39.91,2706837
2025-10-28,39.93,40.72,39.835,39.99,3099857
2025-10-29,39.2465,40.36,39.2,39.32,2380365
2025-10-30,38.7385,39.395,38.44,38.57,2542297
2025-10-31,38.985,40.305,38.58,40.17,4395513
2025-11-03,40.28,41.27,39.89,40.49,3771019
2025-11-04,39.53,39.83,38.07,38.72,4980686
2025-11-05,38.41,38.97,37.97,38.75,2830180
2025-11-06,38.84,39.0379,36.96,38.1,4229949
2025-11-07,37.525,39.08,36.73,38.83,3937816
2025-11-10,39.34,40.15,38.71,39.83,3970069
2025-11-11,39.465,40.2399,38.98,39.83,3994390
2025-11-12,39.865,40.38,39.285,39.44,5032189
2025-11-13,39.0987,39.791,38.345,38.72,5868085
2025-11-14,37.805,39.175,37.61,37.81,2737148
2025-11-17,37.565,37.79,36.08,36.45,4805938
2025-11-18,36.25,37.14,35.96,36.29,3626018
2025-11-19,36.55,36.73,35.56,36.45,3056997
2025-11-20,36.79,37.49,34.93,35.03,4076951
2025-11-21,35.1,37.0,34.78,36.72,5667628
2025-11-24,37.46,37.5,36.18,36.28,7707093
2025-11-25,36.155,37.525,35.88,37.45,4055709
2025-11-26,37.37,37.61,36.99,37.35,2636561
2025-11-28,37.76,38.468,37.54,38.03,2076473
2025-12-01,37.01,38.31,36.8803,37.27,4454858
2025-12-02,37.64,38.35,37.1396,37.98,4720631
2025-12-03,38.04,39.2482,37.51,39.01,4850362
2025-12-04,39.65,41.1,38.88,40.71,11667235
2025-12-05,41.92,47.47,41.52,45.22,21626727
2025-12-08,45.36,45.5993,43.09,43.76,9023372
2025-12-09,44.44,45.11,43.54,43.79,7014932
2025-12-10,44.6,45.06,43.54,45.02,5801124
2025-12-11,44.71,45.5,43.72,43.85,5455546
2025-12-12,43.695,43.695,40.78,41.39,6764817
2025-12-15,41.61,41.61,39.6,39.67,9317677
2025-12-16,39.65,40.555,38.79,38.98,6129126
2025-12-17,38.23,39.34,38.05,38.23,5297981
2025-12-18,38.65,39.0,38.12,38.15,7015617
2025-12-19,38.425,38.76,37.82,38.19,13254764
2025-12-22,38.28,38.77,38.01,38.37,3399206
2025-12-23,38.07,38.31,36.8,37.15,3913270
2025-12-24,37.05,37.25,36.5,36.56,1489400
2025-12-26,36.735,37.055,36.43,36.48,2484116
2025-12-29,36.3,36.82,36.06,36.28,3178471
2025-12-30,36.15,36.28,35.7104,35.98,3619652
2025-12-31,35.85,35.97,35.295,35.45,2857789
2026-01-02,35.9,35.91,33.67,33.92,4516572
2026-01-05,34.0,35.18,33.8,34.28,5288471
2026-01-06,34.34,35.165,33.625,34.96,7746681
2026-01-07,34.98,36.89,34.92,36.31,6752873
2026-01-08,35.98,36.05,33.52,33.8,6388459
2026-01-09,33.98,34.084,32.79,33.67,6169246
2026-01-12,33.465,33.78,32.715,33.46,8164500
2026-01-13,33.595,34.13,32.97,33.98,8414543
2026-01-14,33.95,34.9,33.37,33.85,7467745
2026-01-15,34.39,35.21,33.995,34.26,8778766
2026-01-16,34.2,35.87,34.07,34.89,8001801
2026-01-20,33.68,33.8199,31.91,31.99,10887280
2026-01-21,31.804,32.3583,31.25,31.8,6211940
2026-01-22,32.365,33.025,31.86,32.08,5939091
2026-01-23,32.36,32.5,31.71,32.1,4871445
2026-01-26,32.21,32.8,31.99,32.19,4998888
2026-01-27,32.26,32.26,30.41,30.58,8085725
2026-01-28,30.955,31.38,30.0601,30.12,9314438
2026-01-29,29.81,29.85,28.18,29.09,13380969
2026-01-30,28.91,29.03,27.845,28.05,5312749
2026-02-02,27.595,27.91,26.21,26.41,11089177
2026-02-03,26.25,26.285,23.71,24.65,19394275
2026-02-04,24.45,25.47,23.38,25.1,15668976
2026-02-05,24.75,25.13,23.9,24.25,11331694
2026-02-06,24.8,25.44,23.85,25.42,7638892
2026-02-09,25.225,27.26,24.89,27.23,12113963
2026-02-10,27.425,28.21,27.31,27.9,10727979
