date,open,high,low,close,volume
2010-08-23,14.3247,14.3247,14.2985,14.2985,2434.152139405
2010-08-24,14.3363,14.4887,14.3363,14.4887,3732.091917505
2010-08-25,14.5324,14.5324,14.5324,14.5324,1673.930269375
2010-08-26,14.4674,14.7838,14.4674,14.7838,606.735340715
2010-08-27,14.4674,14.7518,14.4674,14.7518,1370.04754355
2010-08-30,14.8275,14.8275,14.5324,14.612,1673.930269375
2010-08-31,14.5324,14.5324,14.5227,14.5227,302.85261489
2010-09-01,14.744,14.744,14.744,14.744,302.85261489
2010-09-02,14.7237,14.744,14.5606,14.7237,606.735340715
2010-09-07,14.6256,14.6256,14.6256,14.6256,606.735340715
2010-09-08,14.8178,14.8178,14.8178,14.8178,302.85261489
2010-09-10,14.8499,14.8499,14.8499,14.8499,302.85261489
2010-09-13,14.9081,15.0129,14.8974,15.0129,4412.99524554
2010-09-14,15.0129,15.0129,14.744,14.744,2100.396196465
2010-09-15,15.0129,15.0129,15.0129,15.0129,1752.218700435
2010-09-17,15.0129,15.0906,15.0129,15.0906,4885.816164705
2010-09-20,15.2566,15.2566,15.2566,15.2566,1201.10935021
2010-09-21,15.2566,15.2566,15.2566,15.2566,1522.50396193
2010-09-28,15.0129,15.0129,15.0129,15.0129,150.39619651
2010-09-30,15.1129,15.1129,15.1129,15.1129,150.39619651
2010-10-01,15.0324,15.0324,15.0324,15.0324,302.85261489
2010-10-04,15.1129,15.1129,14.8178,15.0129,5600.713153595
2010-10-05,14.9285,15.0906,14.9285,15.0906,859.11251979
2010-10-06,15.0984,15.2566,15.0984,15.2566,2055.071315325
2010-10-07,15.4352,15.4352,15.4352,15.4352,150.39619651
2010-10-11,15.5129,15.5207,15.5129,15.5129,1179.477020575
2010-10-12,15.242,15.343,15.1644,15.309,1492.630744815
2010-10-13,15.178,15.309,14.8499,15.309,7616.64025339
2010-10-14,15.4265,15.4265,15.4265,15.4265,760.22187003
2010-10-19,15.1129,15.1838,15.1129,15.1838,1370.04754355
2010-10-20,15.1838,15.1838,15.1838,15.1838,150.39619651
2010-10-21,16.3953,16.3953,15.1178,15.1178,12203.724246945
2010-10-22,15.242,15.309,15.242,15.242,1140.332805045
2010-10-25,15.2751,15.2751,14.8178,15.242,9703.6450077
2010-10-26,15.242,15.4411,15.2382,15.4411,12738.35182221
2010-10-28,15.6051,15.6177,15.6051,15.6051,913.708399345
2010-10-29,15.6051,15.6051,15.4411,15.4411,2969.809825605
2010-11-01,15.4411,15.4411,15.4411,15.4411,150.39619651
2010-11-02,16.0973,16.0973,16.0973,16.0973,1110.45958793
2010-11-03,15.8342,15.8342,15.5459,15.5459,302.85261489
2010-11-05,15.5721,15.5721,15.5381,15.5381,2131.299524515
2010-11-09,15.5381,15.7022,15.3935,15.7022,2466.08557839
2010-11-10,15.4411,15.4411,15.3809,15.3809,606.735340715
2010-11-11,15.6847,15.8866,15.6692,15.7828,4665.372424615
2010-11-15,15.8342,15.9012,15.8342,15.9012,455.30903327
2010-11-16,15.8342,15.8478,15.8342,15.8478,3135.65768614
2010-11-17,15.5003,15.8342,15.2751,15.7692,3753.72424714
2010-11-18,15.2168,15.7507,15.2168,15.7507,2741.125198035
2010-11-19,15.7507,15.7507,15.7507,15.7507,150.39619651
2010-11-22,15.675,15.675,14.9615,14.9615,1219.65134704
2010-11-23,15.1178,15.1644,15.1178,15.1644,302.85261489
2010-11-24,15.5847,15.6915,15.3498,15.6915,2741.125198035
2010-11-26,15.6051,15.7022,15.309,15.7022,7414.73851013
2010-11-29,15.9012,16.0653,15.7692,15.9653,8979.477020395
2010-11-30,16.0323,16.3458,16.0323,16.3458,3195.40412037
2010-12-01,16.3138,16.3138,15.9915,15.9915,302.85261489
2010-12-03,15.7692,15.7692,15.4459,15.5255,4185.340728905
2010-12-06,15.4605,15.4605,15.4546,15.4605,1522.50396193
2010-12-07,15.4546,15.4605,15.4459,15.4459,1979.87321707
2010-12-08,15.7255,15.7692,15.5993,15.5993,3271.63232956
2010-12-09,15.4546,15.4546,15.4459,15.4459,1370.04754355
2010-12-13,15.4459,15.4459,15.4459,15.4459,455.30903327
2010-12-14,15.4459,15.4459,15.4459,15.4459,988.9064976
2010-12-15,15.1129,15.1129,14.9285,14.9285,7760.85578429
2010-12-17,14.8275,14.9479,14.8275,14.9479,455.30903327
2010-12-20,14.7838,15.21,14.7838,15.21,3946.354991985
2010-12-21,15.2168,15.2168,14.7838,14.7838,2374.405705175
2010-12-22,14.7838,14.7838,14.1334,14.4548,5326.703644885
2010-12-23,14.4548,14.4548,14.4548,14.4548,150.39619651
2010-12-27,14.4548,14.4548,14.4421,14.4548,1263.946117245
2010-12-28,14.4548,14.4548,14.2839,14.2926,1447.305863675
2011-01-03,14.4674,14.4674,14.4625,14.4625,2436.212361275
2011-01-05,14.3111,14.4548,14.2985,14.4217,2381.61648172
2011-01-06,14.4887,14.4887,14.4887,14.4887,302.85261489
2011-01-07,14.9547,14.9751,14.9547,14.9751,988.9064976
2011-01-11,14.9867,15.0129,14.9867,15.0129,7760.85578429
2011-01-13,14.9479,15.1644,14.7838,14.7838,16656.89381895
2011-01-19,15.0469,15.1129,15.0469,15.0469,6849.207606815
2011-01-21,15.0469,15.0469,14.7838,14.7838,2741.125198035
2011-01-24,15.1061,15.1061,15.1061,15.1061,302.85261489
2011-01-25,14.7305,14.9139,14.6848,14.9139,1826.386687755
2011-01-26,14.9139,15.0877,14.9139,15.0877,1219.65134704
2011-01-31,15.1459,15.1459,15.1459,15.1459,455.30903327
2011-02-02,14.9139,14.9139,14.646,14.646,6242.4722661
2011-02-03,14.6654,14.6654,14.6586,14.6586,455.30903327
2011-02-08,14.6586,14.6586,14.6586,14.6586,150.39619651
2011-02-09,14.8363,14.8363,14.8275,14.8275,2131.299524515
2011-02-10,14.8363,14.9285,14.8275,14.8275,2339.381933385
2011-02-14,14.8275,14.8275,14.8275,14.8275,3195.40412037
2011-02-15,14.6518,14.6848,14.6518,14.6848,837.480190155
2011-02-18,14.6916,14.6916,14.4674,14.646,1058.95404118
2011-02-24,14.6848,14.6848,14.6848,14.6848,760.22187003
2011-02-25,14.6518,14.8101,14.6518,14.8101,906.4976228
2011-02-28,14.6654,14.7838,14.4936,14.6712,6733.835182095
2011-03-01,14.5227,15.2498,14.5227,15.1061,3649.683042705
2011-03-02,15.0984,15.1061,15.0877,15.1061,6775.039619495
2011-03-03,14.777,14.777,14.777,14.777,717.987321695
2011-03-07,14.7644,15.21,14.744,15.21,2741.125198035
2011-03-08,15.178,15.178,15.178,15.178,150.39619651
2011-03-09,15.1644,15.178,15.1644,15.178,302.85261489
2011-03-11,14.9809,15.1644,14.9479,14.9479,4107.052297845
2011-03-15,14.9479,15.1314,14.9479,15.1129,3195.40412037
2011-03-18,14.9615,14.9615,14.9479,14.9479,913.708399345
2011-03-21,15.178,15.1906,15.178,15.1906,1826.386687755
2011-03-22,15.2042,15.2751,15.2042,15.242,6617.43264644
2011-03-25,15.3352,15.3352,15.3352,15.3352,2131.299524515
2011-03-28,15.2566,15.2566,15.242,15.242,797.30586369
2011-03-30,15.242,15.3352,15.0906,15.3352,3651.743264575
2011-03-31,15.3352,15.3352,15.3352,15.3352,1208.320126755
2011-04-01,15.0654,15.3284,15.0654,15.3284,943.58161646
2011-04-05,14.9867,14.9867,14.9867,14.9867,185.4199683
2011-04-06,15.0129,15.0799,15.0129,15.0799,2191.045958745
2011-04-07,14.9994,14.9994,14.9547,14.9809,5326.703644885
2011-04-08,14.9867,14.9867,14.9809,14.9809,1522.50396193
2011-04-11,14.9479,14.9479,14.9401,14.9479,1522.50396193
2011-04-12,14.8101,14.8236,14.7965,14.8178,4528.36767026
2011-04-15,15.0401,15.0401,15.0401,15.0401,302.85261489
2011-04-18,15.0401,15.2896,14.7838,14.8178,1065.13470679
2011-04-20,14.8974,14.9751,14.8819,14.9751,1911.88589536
2011-04-21,14.9023,14.9751,14.9023,14.9751,1370.04754355
2011-04-25,15.309,15.5847,15.0654,15.0654,1902.614896945
2011-04-29,15.4731,15.4731,15.4731,15.4731,339.93660855
2011-05-02,15.2751,15.2751,15.2751,15.2751,1522.50396193
2011-05-03,15.5721,15.5847,15.408,15.4411,3501.347068065
2011-05-04,15.2828,15.2828,15.2751,15.2751,2830.74484938
2011-05-05,15.376,15.376,15.3682,15.376,1673.930269375
2011-05-06,15.5459,15.5459,15.5459,15.5459,219.413629155
2011-05-09,15.2896,15.2896,15.2751,15.2751,2586.608557785
2011-05-11,15.4411,15.4411,15.2751,15.2751,1330.90332802
2011-05-12,15.6051,15.6051,15.4546,15.4673,676.782884295
2011-05-13,15.5779,15.6177,15.5779,15.6051,913.708399345
2011-05-16,15.7255,15.7255,15.6915,15.7255,1905.70522975
2011-05-17,15.309,15.7692,15.309,15.6051,5279.318541875
2011-05-18,15.4411,15.6575,15.343,15.6575,1979.87321707
2011-05-19,15.4459,15.7692,15.4411,15.7692,4907.44849434
2011-05-20,15.7692,15.7692,15.5207,15.5207,1752.218700435
2011-05-23,15.8342,15.9653,15.8342,15.9653,1065.13470679
2011-05-24,15.9808,16.0245,15.7692,15.9012,5367.908082285
2011-05-25,15.7896,16.0245,15.7692,16.0245,2248.732171105
2011-05-26,16.0128,16.0973,16.0128,16.0973,6353.72424708
2011-05-27,16.0847,17.0846,16.0847,16.4264,15066.40253531
2011-05-31,16.3633,16.3633,15.6381,15.6381,15540.25356541
2011-06-01,15.6381,15.8692,15.5847,15.8342,2322.900158425
2011-06-02,15.842,15.9342,15.842,15.9342,2358.95404115
2011-06-06,15.7692,15.8022,15.7692,15.7692,4107.052297845
2011-06-08,15.6575,15.7507,15.4867,15.4944,3095.483359675
2011-06-09,15.6575,15.675,15.4944,15.4944,4044.21553081
2011-06-10,15.5605,15.5605,15.5381,15.5381,606.735340715
2011-06-14,15.4605,15.5042,15.4411,15.4411,3804.199682955
2011-06-15,15.4411,15.4673,15.3022,15.4673,1876.86212357
2011-06-20,15.4673,15.4673,15.2751,15.309,1119.730586345
2011-06-22,15.4411,15.4673,15.178,15.4265,8323.2963548
2011-06-24,15.2896,15.408,15.2751,15.2751,606.735340715
2011-06-27,15.2751,15.4265,15.2634,15.4265,5229.873216995
2011-06-28,15.2751,15.5605,15.2751,15.5605,874.564183815
2011-06-29,15.5605,15.6381,15.5605,15.6381,913.708399345
2011-07-01,15.6381,15.6692,15.6381,15.6692,760.22187003
2011-07-05,15.4546,15.6051,15.4411,15.6051,2386.767036395
2011-07-07,15.4799,15.4867,15.4799,15.4867,302.85261489
2011-07-08,15.4411,15.4411,15.3682,15.376,1621.39461169
2011-07-11,15.2828,15.343,15.2828,15.343,6988.27258304
2011-07-12,15.408,15.6381,15.408,15.6381,3784.62757519
2011-07-15,15.5129,15.5129,15.4411,15.4411,606.735340715
2011-07-18,15.4411,15.4411,15.3158,15.3158,1219.65134704
2011-07-19,15.7177,15.7177,15.7022,15.7022,520.206022175
2011-07-20,15.6323,15.6323,15.5517,15.5517,302.85261489
2011-07-21,15.4605,15.4605,15.4411,15.4411,4793.106180555
2011-07-26,15.5042,15.5255,15.5042,15.5042,606.735340715
2011-07-27,15.6051,15.6051,15.6051,15.6051,302.85261489
2011-07-29,15.4731,15.4731,15.4411,15.4731,2334.23137871
2011-08-01,15.1391,15.408,15.0877,15.376,2091.12519805
2011-08-02,15.408,15.6245,15.3886,15.6245,9381.220285045
2011-08-04,15.7294,15.7294,15.5042,15.5042,5172.187004635
2011-08-05,15.7352,15.7954,15.5847,15.7954,2929.63549914
2011-08-08,15.6381,15.6381,14.7518,14.7518,13643.819334075
2011-08-09,14.5868,15.1129,14.5868,15.1129,5389.54041192
2011-08-10,15.4216,15.9983,15.4216,15.9983,1308.24088745
2011-08-11,15.309,15.5779,15.2751,15.2751,3824.801901655
2011-08-15,15.7507,15.7692,15.5042,15.5042,3043.977812925
2011-08-16,15.9653,15.9653,15.7692,15.7692,1076.465927075
2011-08-17,15.7692,15.7692,15.4731,15.4731,1206.259904885
2011-08-19,15.5993,15.5993,15.4216,15.5129,837.480190155
2011-08-22,15.4216,15.5042,15.1129,15.5042,3799.04912828
2011-08-24,15.4411,15.8692,15.4411,15.8692,9347.22662419
2011-08-25,15.875,15.875,15.6643,15.6915,1673.930269375
2011-08-30,15.7255,15.7692,15.709,15.709,760.22187003
2011-08-31,15.7294,15.7294,15.7294,15.7294,150.39619651
2011-09-01,15.6973,15.6973,15.6847,15.6847,7153.09033264
2011-09-02,15.6847,15.6847,15.6847,15.6847,302.85261489
2011-09-06,15.6847,15.7255,15.6847,15.7255,2131.299524515
2011-09-08,15.6575,15.6575,15.6575,15.6575,2131.299524515
2011-09-09,15.6575,15.6575,15.6575,15.6575,606.735340715
2011-09-13,15.6575,15.7624,15.6575,15.7624,1245.404120415
2011-09-14,15.875,15.875,15.6643,15.6643,455.30903327
2011-09-16,15.7692,15.7692,15.7692,15.7692,606.735340715
2011-09-19,15.8216,15.8342,15.7022,15.7022,7531.141045785
2011-09-23,15.8148,15.8342,15.7692,15.7692,4868.30427881
2011-09-27,15.7692,15.7692,15.7692,15.7692,1065.13470679
2011-09-30,15.9012,15.9012,15.9012,15.9012,4336.76703635
2011-10-03,15.9012,15.9342,15.8546,15.8546,1661.568938155
2011-10-04,15.9012,15.9264,15.9012,15.9264,4361.48969879
2011-10-05,15.8546,15.8604,15.8546,15.8604,2282.72583196
2011-10-06,15.7022,15.7022,15.7022,15.7022,532.567353395
2011-10-07,15.8604,15.8604,15.7692,15.8342,1986.05388268
2011-10-10,15.8604,15.8604,15.8546,15.8604,686.05388271
2011-10-11,15.8342,15.8342,15.8342,15.8342,760.22187003
2011-10-12,15.7692,15.8546,15.7692,15.8546,3340.649762205
2011-10-13,15.3935,15.3935,15.3935,15.3935,6087.95562585
2011-10-14,15.7692,15.8216,15.7566,15.7692,2131.299524515
2011-10-17,15.842,15.8604,15.842,15.8604,760.22187003
2011-10-18,15.6051,15.8478,15.6051,15.8478,810.697305845
2011-10-19,15.8604,15.8604,15.7022,15.7022,1065.13470679
2011-10-21,15.8478,15.8604,15.743,15.8604,3998.89064967
2011-10-24,15.8692,15.8692,15.8342,15.8692,2283.755942895
2011-10-26,15.8692,15.8692,15.8342,15.8692,9282.329635285
2011-10-27,15.9342,15.9342,15.9342,15.9342,1219.65134704
2011-10-31,15.7692,15.7692,15.7692,15.7692,3119.17591118
2011-11-03,15.9264,15.9342,15.9264,15.9264,1522.50396193
2011-11-04,15.9342,15.9342,15.9342,15.9342,606.735340715
2011-11-07,15.7352,15.7352,15.7352,15.7352,367.749603795
2011-11-08,15.7692,15.9196,15.7692,15.9196,760.22187003
2011-11-09,15.9264,16.1429,15.9264,16.1429,1011.56893817
2011-11-11,15.8604,15.9653,15.8604,15.9653,913.708399345
2011-11-14,16.0323,16.0973,16.0323,16.0973,2434.152139405
2011-11-15,15.9012,15.9012,15.8342,15.8342,2650.475435755
2011-11-21,16.0323,16.0323,15.8342,15.8342,2282.72583196
2011-11-22,15.8342,15.8342,15.8342,15.8342,302.85261489
2011-11-23,15.9594,16.0323,15.9594,16.0323,2282.72583196
2011-11-25,16.2769,16.2769,16.0973,16.0973,706.65610141
2011-11-29,16.0769,16.0973,15.8546,15.9012,5432.80507119
2011-11-30,15.9012,15.9012,15.8546,15.8692,2741.125198035
2011-12-01,15.8478,15.9342,15.8478,15.9342,1826.386687755
2011-12-02,16.1313,16.1313,16.1313,16.1313,302.85261489
2011-12-05,15.9342,15.9342,15.9342,15.9342,150.39619651
2011-12-06,16.1235,16.1235,16.0449,16.0449,1219.65134704
2011-12-09,16.1187,16.1187,16.1187,16.1187,455.30903327
2011-12-12,16.1313,16.1313,16.1313,16.1313,244.136291595
2011-12-13,15.908,15.9196,15.908,15.9196,302.85261489
2011-12-14,16.1313,16.2274,16.1313,16.1313,6300.15847846
2011-12-15,16.0507,16.0507,15.7352,15.9653,1722.34548332
2011-12-16,16.2216,16.2274,16.2021,16.2274,760.22187003
2011-12-19,16.1837,16.1837,16.0507,16.0507,1033.201267805
2011-12-20,16.0653,16.0653,15.9866,15.9866,943.58161646
2011-12-21,15.5847,15.7177,15.4673,15.6051,3933.993660765
2011-12-22,15.9527,15.9527,15.7828,15.7828,1038.35182248
2011-12-27,15.4731,15.4731,15.4731,15.4731,1370.04754355
2011-12-29,15.9866,15.9866,15.8934,15.9866,2586.608557785
2011-12-30,15.973,16.1371,15.8284,15.8284,455.30903327
2012-01-03,15.6575,15.94,15.6507,15.7352,913.708399345
2012-01-04,15.9342,15.9342,15.9342,15.9342,302.85261489
2012-01-06,15.9264,15.9983,15.8546,15.8546,3495.166402455
2012-01-09,15.8148,16.0653,15.7692,16.0653,4352.218700375
2012-01-10,15.9808,16.0449,15.9808,16.0449,3289.144215455
2012-01-11,15.7828,15.7828,15.7828,15.7828,150.39619651
2012-01-17,16.3633,16.3633,16.2274,16.2351,1219.65134704
2012-01-18,16.3274,16.3274,16.1041,16.3274,669.57210775
2012-01-19,16.7361,16.7361,16.44,16.5235,3306.65610135
2012-01-20,16.2808,16.2808,15.9012,15.9012,1219.65134704
2012-01-23,15.8342,15.8342,15.8342,15.8342,760.22187003
2012-01-24,16.0128,16.2808,16.0128,16.2808,2282.72583196
2012-01-25,16.2614,16.3633,16.2614,16.3633,4199.762281995
2012-01-26,15.9264,16.5235,15.9264,16.4206,606.735340715
2012-01-27,15.9527,15.973,15.9527,15.973,346.11727416
2012-01-30,16.4264,16.6817,16.4264,16.6817,455.30903327
2012-01-31,16.1759,16.1759,16.1759,16.1759,150.39619651
2012-02-07,16.2944,16.2944,16.2944,16.2944,760.22187003
2012-02-08,16.3274,16.3274,16.2614,16.3099,2282.72583196
2012-02-09,16.5895,16.5895,16.5895,16.5895,302.85261489
2012-02-10,16.6244,16.6244,16.5565,16.5565,1005.38827256
2012-02-14,16.6574,16.6574,16.6574,16.6574,1449.366085545
2012-02-16,16.6817,16.6817,16.6817,16.6817,760.22187003
2012-02-17,16.3992,16.6885,16.3885,16.6885,1889.22345479
2012-02-21,16.4138,16.5438,16.4138,16.5438,904.43740093
2012-02-23,16.6574,16.6574,16.5895,16.5895,1065.13470679
2012-02-28,16.7215,16.7215,16.604,16.604,2891.521394545
2012-02-29,16.7215,16.7215,16.7215,16.7215,2131.299524515
2012-03-01,17.0312,17.0428,16.8885,16.8885,2586.608557785
2012-03-06,16.7555,16.7555,16.7555,16.7555,3804.199682955
2012-03-07,16.7293,17.069,16.7293,16.7953,2586.608557785
2012-03-08,16.571,16.7555,16.571,16.7555,455.30903327
2012-03-12,16.7555,16.7555,16.7555,16.7555,150.39619651
2012-03-15,16.5769,16.5895,16.5769,16.5895,532.567353395
2012-03-20,16.5895,16.5895,16.5895,16.5895,383.20126782
2012-03-21,16.5895,16.9982,16.4584,16.4584,13543.89857338
2012-03-22,16.4584,16.4584,16.4584,16.4584,150.39619651
2012-03-27,16.4584,16.7555,16.4206,16.7555,2812.20285255
2012-03-28,16.5322,16.6099,16.5322,16.6099,1219.65134704
2012-04-02,16.6157,16.6157,16.6099,16.6099,1219.65134704
2012-04-03,16.5565,16.5895,16.473,16.473,2485.657686155
2012-04-04,16.4264,16.4264,16.4264,16.4264,1673.930269375
2012-04-05,16.4264,16.4264,16.4264,16.4264,150.39619651
2012-04-09,16.4264,16.4322,16.4264,16.4264,913.708399345
2012-04-11,16.4264,16.4264,16.4264,16.4264,1381.378763835
2012-04-12,16.339,16.7555,16.339,16.6885,4259.508716225
2012-04-13,16.6963,16.7691,16.6963,16.7031,1522.50396193
2012-04-16,16.7467,16.7467,16.7467,16.7467,302.85261489
2012-04-17,16.5235,16.5235,16.5235,16.5235,167.908082405
2012-04-18,16.5128,16.5128,16.4914,16.506,606.735340715
2012-04-19,16.7807,16.7807,16.5895,16.7419,2434.152139405
2012-04-20,16.7555,17.0516,16.5895,16.9059,3955.6259904
2012-04-23,16.9855,16.9855,16.6429,16.9059,606.735340715
2012-04-27,17.0108,17.0108,16.9516,16.9516,455.30903327
2012-05-01,16.6099,16.6099,16.5895,16.5895,760.22187003
2012-05-02,16.5992,16.604,16.5992,16.5992,913.708399345
2012-05-03,16.5992,16.5992,16.5992,16.5992,302.85261489
2012-05-04,16.5992,16.5992,16.5176,16.5176,4566.481774855
2012-05-08,16.7555,16.7555,16.5895,16.7215,2282.72583196
2012-05-09,16.7467,16.7555,16.7467,16.7555,2328.0507131
2012-05-10,16.7865,16.8885,16.7865,16.8885,3043.977812925
2012-05-11,16.7865,16.7865,16.7215,16.7691,2562.91600628
2012-05-14,16.604,16.604,16.604,16.604,240.015847855
2012-05-15,16.7865,16.7865,16.7807,16.7807,606.735340715
2012-05-16,17.1108,17.1108,16.7865,16.8535,3043.977812925
2012-05-18,17.1884,17.3671,17.1603,17.3467,1979.87321707
2012-05-22,16.8331,16.9195,16.8195,16.9195,1673.930269375
2012-05-23,16.5992,17.0632,16.5992,17.0632,1409.19175908
2012-06-05,16.7613,16.7749,16.7555,16.7749,455.30903327
2012-06-06,17.2341,17.2486,17.2341,17.2486,1522.50396193
2012-06-07,16.8535,16.8535,16.8535,16.8535,150.39619651
2012-06-08,16.5992,17.069,16.5992,17.069,3955.6259904
2012-06-11,16.7467,16.7467,16.7419,16.7419,302.85261489
2012-06-12,17.0176,17.0176,17.0176,17.0176,606.735340715
2012-06-13,16.9147,16.9195,16.9147,16.9195,1065.13470679
2012-06-14,16.7555,16.9195,16.7555,16.9195,1065.13470679
2012-06-15,16.6244,16.6244,16.44,16.6244,4708.637083885
2012-06-18,17.2147,17.2147,16.9195,16.9195,731.37876385
2012-06-19,16.6633,16.6633,16.6244,16.6244,943.58161646
2012-06-20,16.6759,16.8195,16.6244,16.8195,3994.77020593
2012-06-21,16.6244,16.6244,16.6244,16.6244,150.39619651
2012-06-25,17.0943,17.0943,17.0584,17.0584,302.85261489
2012-06-26,16.5565,16.5565,16.5565,16.5565,150.39619651
2012-06-27,17.069,17.069,17.069,17.069,150.39619651
2012-06-28,16.6885,16.6885,16.6885,16.6885,760.22187003
2012-07-05,16.6691,16.6885,16.6633,16.6633,606.735340715
2012-07-06,17.0516,17.0914,17.0428,17.0914,1068.225039595
2012-07-09,16.8011,16.8011,16.8011,16.8011,232.80507131
2012-07-10,17.1884,17.1884,17.1884,17.1884,150.39619651
2012-07-11,16.8195,16.8195,16.8195,16.8195,601.58478604
2012-07-12,16.9516,16.9516,16.9516,16.9516,1979.87321707
2012-07-13,16.8982,17.0176,16.8982,17.0176,5326.703644885
2012-07-16,16.9322,16.9322,16.8982,16.8982,1522.50396193
2012-07-17,17.0516,17.2147,16.9593,17.2147,5631.616481645
2012-07-18,17.0846,17.0846,17.0846,17.0846,7914.342313605
2012-07-23,17.1758,17.202,17.1758,17.202,606.735340715
2012-07-25,17.2147,17.2147,17.2147,17.2147,3349.92076062
2012-07-26,16.9593,17.2147,16.9457,17.2088,3349.92076062
2012-07-27,17.1943,17.2147,17.1943,17.2147,1219.65134704
2012-07-30,17.0846,17.2088,17.0846,17.2088,1104.27892232
2012-07-31,17.2147,17.2147,17.2147,17.2147,606.735340715
2012-08-01,17.2147,17.3739,17.1758,17.202,4566.481774855
2012-08-02,17.1943,17.2147,17.1943,17.2147,1219.65134704
2012-08-07,17.2147,17.2147,17.2147,17.2147,440.88748018
2012-08-08,17.6864,17.735,17.5583,17.5767,1370.04754355
2012-08-10,17.2816,17.2991,17.2816,17.2816,1826.386687755
2012-08-13,17.2933,17.2933,17.2341,17.2341,5936.529318405
2012-08-14,17.2486,17.7272,17.2486,17.3913,2794.690966655
2012-08-15,17.2933,17.3069,17.2933,17.2933,1979.87321707
2012-08-20,17.636,17.636,17.636,17.636,244.136291595
2012-08-24,17.3263,17.3263,17.3205,17.3205,343.026941355
2012-08-28,17.3583,17.3671,17.3467,17.3467,3955.6259904
2012-08-31,17.3525,17.3525,17.3069,17.3069,456.339144205
2012-09-04,17.3467,17.3467,17.3467,17.3467,302.85261489
2012-09-05,17.4768,17.4768,17.4768,17.4768,1397.860538795
2012-09-07,17.3205,17.3205,17.3205,17.3205,1706.893819295
2012-09-10,17.3467,17.3467,17.3467,17.3467,302.85261489
2012-09-14,17.4069,17.4117,17.3205,17.3263,2950.23771784
2012-09-18,17.3525,17.5428,17.1884,17.1884,4757.05229783
2012-09-21,17.2816,17.4117,17.2816,17.4117,849.841521375
2012-09-24,17.3467,17.3467,17.3146,17.3146,3349.92076062
2012-09-25,17.2486,17.4243,17.2486,17.4243,1065.13470679
2012-09-27,17.2816,17.3777,17.2816,17.3467,3651.743264575
2012-09-28,17.3845,17.4768,17.3467,17.4768,2131.299524515
2012-10-01,17.4117,17.4117,17.2816,17.2816,1399.920760665
2012-10-02,17.3399,17.5428,17.3399,17.5428,913.708399345
2012-10-04,17.6098,17.6098,17.6098,17.6098,563.470681445
2012-10-10,17.4768,17.4768,17.4768,17.4768,302.85261489
2012-10-11,17.4768,17.4768,17.4768,17.4768,1416.402535625
2012-10-12,17.4913,17.4913,17.4913,17.4913,606.735340715
2012-10-15,17.4913,17.5088,17.4913,17.5088,1594.61172738
2012-10-16,17.7127,17.7195,17.7127,17.7195,913.708399345
2012-10-17,17.5767,17.6098,17.5767,17.6098,686.05388271
2012-10-19,17.8719,17.8719,17.8719,17.8719,150.39619651
2012-10-23,17.6864,17.6864,17.6758,17.6806,2008.71632325
2012-10-24,17.8719,17.8719,17.8583,17.8583,558.32012677
2012-10-31,17.8068,17.8068,17.6418,17.6418,4148.256735245
2012-11-02,17.7408,17.7408,17.5952,17.5952,2586.608557785
2012-11-05,17.735,17.7408,17.735,17.7408,1673.930269375
2012-11-06,17.6204,17.7408,17.6098,17.7408,6016.877971335
2012-11-07,17.7272,17.8068,17.7272,17.8068,3194.374009435
2012-11-08,17.8253,17.9903,17.735,17.9903,4868.30427881
2012-11-09,17.8719,17.8719,17.8719,17.8719,4259.508716225
2012-11-12,17.6476,17.6476,17.6098,17.6098,1219.65134704
2012-11-13,17.7806,17.9961,17.6098,17.9825,4818.85895393
2012-11-14,18.0097,18.0097,18.0097,18.0097,302.85261489
2012-11-15,17.6204,18.0883,17.5894,17.7408,6492.789223305
2012-11-16,17.8068,17.8126,17.8068,17.8126,302.85261489
2012-11-19,17.7408,17.7408,17.6758,17.6758,1522.50396193
2012-11-20,17.7408,17.7408,17.6544,17.7408,7607.369254975
2012-11-21,17.8719,18.1621,17.8719,18.0689,7114.976228045
2012-11-23,18.267,18.267,18.267,18.267,150.39619651
2012-11-26,18.267,18.267,18.267,18.267,1447.305863675
2012-11-27,17.9379,18.2864,17.9039,18.0039,5898.41521381
2012-11-28,17.9573,18.0825,17.9505,18.0825,1400.9508716
2012-11-29,18.201,18.201,18.0039,18.0039,302.85261489
2012-11-30,17.9505,18.9242,17.9505,18.7795,2351.743264605
2012-12-03,18.1223,18.1223,18.1223,18.1223,152.45641838
2012-12-05,18.5213,18.5533,18.5213,18.5533,1274.247226595
2012-12-06,18.0825,18.0825,18.0825,18.0825,302.85261489
2012-12-07,18.2048,18.2048,18.2048,18.2048,152.45641838
2012-12-11,18.3456,18.3728,18.3456,18.3728,1496.751188555
2012-12-12,18.3301,18.3301,18.3301,18.3301,606.735340715
2012-12-13,18.5368,18.5427,17.9699,17.9961,4689.06497612
2012-12-14,18.364,18.5029,18.0359,18.4174,5495.641838225
2012-12-18,17.6758,17.6758,17.6544,17.6544,824.088748
2012-12-19,18.1874,18.2048,18.1874,18.2048,383.20126782
2012-12-20,18.1621,18.201,17.702,18.167,2322.900158425
2012-12-21,17.6758,17.9379,17.6418,17.9379,2415.610142575
2012-12-24,18.2281,18.2281,17.6156,17.9039,2133.359746385
2012-12-26,18.2204,18.2204,17.9039,17.9039,302.85261489
2012-12-27,17.6622,17.6622,17.6622,17.6622,302.85261489
2012-12-31,17.6418,17.6758,17.6418,17.6418,2741.125198035
2013-01-03,17.6418,17.6418,17.6204,17.636,1370.04754355
2013-01-04,17.6204,17.6204,17.6204,17.6204,150.39619651
2013-01-07,17.6098,17.6758,17.6098,17.6098,1014.659270975
2013-01-09,17.6758,17.9825,17.6758,17.702,2621.632329575
2013-01-10,17.6098,17.6301,17.6098,17.6301,606.735340715
2013-01-11,17.7738,17.7738,17.5894,17.5894,1644.05705226
2013-01-15,17.7195,17.7408,17.7195,17.7408,3008.954041135
2013-01-16,17.7408,18.1796,17.7408,18.1796,3651.743264575
2013-01-17,18.167,18.167,17.9253,17.9253,302.85261489
2013-01-18,17.9107,18.1398,17.8719,18.1398,1522.50396193
2013-01-22,17.9379,18.4242,17.9379,18.2456,2131.299524515
2013-01-23,18.2281,18.267,18.2281,18.267,302.85261489
2013-01-24,18.0825,18.0825,18.0825,18.0825,302.85261489
2013-01-25,18.0631,18.2456,17.8855,18.0689,8432.48811391
2013-01-29,17.9573,17.9573,17.7408,17.7408,23693.581615935
2013-02-01,17.7738,17.8466,17.7408,17.7874,12954.67511856
2013-02-04,17.8068,17.8068,17.6544,17.6622,2131.299524515
2013-02-05,17.8321,17.8321,17.6758,17.6758,3026.46592703
2013-02-08,17.7408,17.7408,17.735,17.735,6242.4722661
2013-02-12,17.668,17.7408,17.668,17.7408,1826.386687755
2013-02-13,17.6418,17.8253,17.6418,17.8253,2741.125198035
2013-02-15,17.8204,17.8204,17.7408,17.7408,1175.356576835
2013-02-19,17.7408,17.7408,17.7408,17.7408,939.46117272
2013-02-20,17.766,17.7738,17.5767,17.6098,5463.70839924
2013-02-21,17.7408,17.7408,17.7408,17.7408,760.22187003
2013-02-22,17.7738,17.7874,17.7738,17.7738,2405.309033225
2013-02-25,17.7408,17.7466,17.7408,17.7466,1826.386687755
2013-02-26,17.9175,17.9301,17.9175,17.9301,1370.04754355
2013-03-04,17.7408,17.7408,17.7408,17.7408,4611.806655995
2013-03-05,17.6758,17.6758,17.6204,17.6204,2888.43106174
2013-03-06,17.735,17.7408,17.7272,17.7408,7153.09033264
2013-03-07,17.6301,17.7408,17.6098,17.7408,5457.52773363
2013-03-08,17.7408,17.7408,17.5505,17.7408,4138.98573683
2013-03-11,17.5826,17.7408,17.5826,17.7408,1717.194928645
2013-03-12,17.7408,17.7408,17.5826,17.7408,1791.362915965
2013-03-13,17.7408,17.7408,17.7408,17.7408,1370.04754355
2013-03-14,17.7408,17.7408,17.735,17.735,2032.408874755
2013-03-18,17.7408,17.7408,17.7408,17.7408,606.735340715
2013-03-19,17.6204,17.6204,17.6204,17.6204,1522.50396193
2013-03-20,17.7408,17.8068,17.7408,17.8068,760.22187003
2013-03-25,17.7466,17.7466,17.7408,17.7408,455.30903327
2013-03-26,17.7408,17.7408,17.7408,17.7408,605.70522978
2013-03-27,17.8068,17.8068,17.6758,17.8068,2285.816164765
2013-04-01,17.7408,17.7408,17.7408,17.7408,518.145800305
2013-04-02,17.7534,17.7534,17.7534,17.7534,302.85261489
2013-04-04,17.8068,17.8068,17.8068,17.8068,708.71632328
2013-04-05,17.8068,17.8126,17.8068,17.8126,8915.610142425
2013-04-08,17.7602,17.7991,17.6758,17.7991,6272.345483215
2013-04-11,17.9039,17.9039,17.6806,17.6806,1522.50396193
2013-04-15,17.735,18.0689,17.735,18.0689,3634.23137868
2013-04-16,17.7195,17.7195,17.7195,17.7195,556.2599049
2013-04-17,17.9573,17.9573,17.7195,17.9573,455.30903327
2013-04-19,17.8204,17.8583,17.7466,17.8126,1522.50396193
2013-04-23,17.8855,17.8855,17.8719,17.8719,958.00316955
2013-04-24,17.8719,17.9767,17.8719,17.9641,1065.13470679
2013-04-29,18.0689,18.0689,18.0689,18.0689,150.39619651
2013-04-30,18.0689,18.2456,18.0689,18.2456,760.22187003
2013-05-01,18.2602,18.2602,18.134,18.1398,980.66561012
2013-05-02,18.2602,18.6805,18.2602,18.6805,8687.95562579
2013-05-03,18.4563,18.4563,18.4563,18.4563,150.39619651
2013-05-06,18.4893,18.4893,18.4446,18.4446,3955.6259904
2013-05-07,18.167,18.167,18.134,18.134,913.708399345
2013-05-08,18.0689,18.0689,18.0689,18.0689,1826.386687755
2013-05-14,17.9767,18.3728,17.8922,17.8922,4566.481774855
2013-05-15,17.9039,18.0097,17.7272,17.7534,7959.667194745
2013-05-16,17.8651,17.8922,17.8651,17.8922,1615.21394608
2013-05-21,18.2388,18.4514,18.233,18.4446,1370.04754355
2013-05-22,18.4097,18.4097,18.4097,18.4097,150.39619651
2013-05-24,17.9107,17.9107,17.9107,17.9107,211.172741675
2013-05-30,17.9505,17.9505,17.7272,17.8398,3887.63866869
2013-05-31,17.8398,17.9379,17.7408,17.7408,1752.218700435
2013-06-04,17.6098,17.6098,17.6098,17.6098,150.39619651
2013-06-05,17.6204,17.6204,17.6156,17.6156,606.735340715
2013-06-07,17.6204,17.6301,17.6156,17.6301,455.30903327
2013-06-11,17.5767,17.5767,17.4438,17.5767,3617.74960372
2013-06-12,17.4166,17.668,17.4166,17.668,4398.57369245
2013-06-13,17.668,17.668,17.4768,17.4768,2588.668779655
2013-06-14,17.6098,17.6098,17.4826,17.6098,2816.32329629
2013-06-17,18.0019,18.0019,17.2913,17.4399,2436.212361275
2013-06-20,17.4457,17.4457,16.9642,16.9642,2661.80665604
2013-06-21,17.0331,17.3913,16.6749,17.2913,12798.09825644
2013-06-24,18.1291,18.1291,16.2769,16.3759,13477.97147354
2013-06-25,16.7477,16.7982,15.2518,15.5517,130042.23454533
2013-06-26,15.7323,16.3633,15.7323,16.2769,16562.12361293
2013-06-27,16.3099,16.4914,16.2769,16.4914,14076.465926775
2013-06-28,16.573,16.6807,16.573,16.5788,4728.20919165
2013-07-01,16.7429,16.7429,16.7429,16.7429,147.305863705
2013-07-02,16.6807,16.837,16.6807,16.8234,8681.77496018
2013-07-03,16.7827,16.8098,16.5788,16.5788,9457.448494235
2013-07-05,17.2913,17.2913,16.5788,16.5788,3545.64183827
2013-07-08,16.5788,16.6613,16.5788,16.6468,2216.79873212
2013-07-09,16.3759,16.6341,16.3759,16.6341,2128.20919171
2013-07-10,16.5128,16.7632,16.5128,16.7477,8075.039619465
2013-07-11,16.6147,16.8438,16.5866,16.77,4523.217115585
2013-07-12,16.9516,16.9516,16.6807,16.6807,1329.873217085
2013-07-15,16.6807,16.7827,16.6807,16.7827,1181.537242445
2013-07-17,16.9322,17.0331,16.9186,17.0331,1726.46592706
2013-07-18,17.0545,17.0545,16.6555,16.6555,3524.009508635
2013-07-19,17.0118,17.0273,16.9991,17.0273,739.61965133
2013-07-22,17.0545,17.0545,17.0545,17.0545,441.917591115
2013-07-23,17.0545,17.0545,17.0467,17.0545,739.61965133
2013-07-24,17.0545,17.0545,16.7137,16.7137,1181.537242445
2013-07-25,16.9516,16.9516,16.7564,16.7564,10908.87480165
2013-07-26,17.0331,17.0331,17.0331,17.0331,441.917591115
2013-07-30,16.8506,17.0545,16.7564,16.7564,6267.19492854
2013-07-31,16.7982,17.0545,16.7982,16.9186,8571.553090135
2013-08-01,16.9186,16.9186,16.9186,16.9186,1624.484944495
2013-08-02,16.7564,16.9186,16.7137,16.9186,4211.09350228
2013-08-07,16.8506,16.9137,16.8506,16.9137,886.925515035
2013-08-08,16.7477,16.8778,16.7477,16.8778,8423.217115495
2013-08-09,16.8778,16.8865,16.8506,16.8778,9753.09033258
2013-08-12,16.9322,16.9322,16.8312,16.9186,8719.889064775
2013-08-13,16.7885,16.9516,16.3031,16.7137,9457.448494235
2013-08-14,16.8865,16.9244,16.7215,16.7215,8399.52456399
2013-08-15,16.9186,17.0118,16.7361,16.7564,12412.83676675
2013-08-16,16.9186,16.9186,16.7827,16.7827,6353.72424708
2013-08-19,16.7137,16.7137,16.5128,16.5128,3545.64183827
2013-08-20,16.5186,16.9797,16.5186,16.6283,3987.559429385
2013-08-21,16.2264,16.472,16.2264,16.4526,5228.84310606
2013-08-22,16.7477,16.8972,16.7477,16.8972,13867.35340697
2013-08-23,16.77,16.905,16.6807,16.6807,7833.993660675
2013-08-26,16.5788,16.8972,16.5788,16.7477,6495.87955611
2013-08-27,17.0389,17.0389,17.0389,17.0389,147.305863705
2013-08-28,16.8584,17.0389,16.8506,17.0389,1769.73058633
2013-08-29,16.7885,16.7885,16.7885,16.7885,295.641838345
2013-08-30,16.9186,17.0118,16.9186,16.9186,5373.05863696
2013-09-03,16.8865,16.8865,16.7477,16.7477,11223.058636825
2013-09-04,17.0545,17.0545,16.9516,16.9516,1648.177496
2013-09-05,17.0545,17.0545,16.9186,16.9186,1555.46751185
2013-09-06,16.7302,16.8865,16.7302,16.8865,4284.231378665
2013-09-09,17.0545,17.0545,17.0545,17.0545,589.22345482
2013-09-10,17.0545,17.0603,17.0545,17.0545,1329.873217085
2013-09-11,16.9865,16.9865,16.9865,16.9865,147.305863705
2013-09-12,16.9865,16.9865,16.8506,16.8506,3840.25356568
2013-09-13,16.9642,16.9642,16.9642,16.9642,147.305863705
2013-09-17,16.8147,16.8147,16.8147,16.8147,5910.77654503
2013-09-19,16.7982,16.8147,16.7477,16.7477,7688.74801884
2013-09-23,16.8506,16.8506,16.8506,16.8506,739.61965133
2013-09-24,16.9865,16.9865,16.9186,16.9186,481.061806645
2013-09-25,16.9186,17.3176,16.7477,16.803,5100.079239185
2013-09-26,16.9186,16.9186,16.9186,16.9186,1033.201267805
2013-09-27,16.9186,16.9186,16.9186,16.9186,147.305863705
2013-09-30,16.9516,16.9516,16.9516,16.9516,147.305863705
2013-10-03,16.9865,16.9865,16.9516,16.9516,1181.537242445
2013-10-07,16.7477,16.77,16.7477,16.77,1624.484944495
2013-10-08,16.9516,16.9516,16.9516,16.9516,554.19968303
2013-10-09,16.7564,16.9186,16.7477,16.9186,2290.96671944
2013-10-11,16.9516,16.9516,16.9516,16.9516,589.22345482
2013-10-14,16.7477,16.7477,16.7477,16.7477,739.61965133
2013-10-16,16.8865,16.9186,16.8865,16.9186,1498.811410425
2013-10-17,16.9186,16.9186,16.9137,16.9186,886.925515035
2013-10-18,17.2418,17.7641,17.2418,17.2913,1223.77179078
2013-10-21,17.2981,17.2981,17.2574,17.2574,5574.96038022
2013-10-22,17.1554,17.1758,17.1554,17.1554,1624.484944495
2013-10-23,17.0885,17.2506,17.0885,17.0885,1557.52773372
2013-10-25,17.0885,17.2506,17.0885,17.2506,872.503961945
2013-10-29,17.5942,17.5942,17.5942,17.5942,326.545166395
2013-10-30,17.2574,17.2632,17.2574,17.2632,1258.79556257
2013-11-01,17.2574,17.2574,17.2574,17.2574,4508.795562495
2013-11-04,17.4457,17.4457,17.2574,17.2574,1137.24247224
2013-11-08,17.2574,17.2768,17.2574,17.2768,1181.537242445
2013-11-13,17.1884,17.1884,17.1428,17.1428,1477.17908079
2013-11-18,17.1428,17.1428,17.1428,17.1428,664.421553075
2013-11-21,17.1428,17.1428,17.1428,17.1428,295.641838345
2013-11-26,17.2574,17.2574,17.2574,17.2574,147.305863705
2013-11-29,17.2574,17.5816,17.2574,17.5816,1951.03011089
2013-12-03,17.0545,17.0545,17.0545,17.0545,1699.68304275
2013-12-06,17.2574,17.3564,17.2574,17.3564,5468.858953915
2013-12-09,16.9322,17.1884,16.9322,17.1884,2161.17274163
2013-12-10,16.9186,17.2574,16.9186,17.2574,5171.1568937
2013-12-11,17.2574,17.2768,17.2574,17.2768,1624.484944495
2013-12-12,17.4457,17.4942,17.4253,17.4942,768.46275751
2013-12-13,17.3564,17.4942,17.3564,17.4942,441.917591115
2013-12-16,17.4942,17.4942,17.4942,17.4942,1220.681457975
2013-12-17,17.7845,17.8117,17.567,17.6738,7152.060221705
2013-12-18,17.6379,17.736,17.4418,17.5001,1864.50079235
2013-12-20,17.6098,18.8718,17.6098,18.0204,6261.01426293
2013-12-23,17.9175,17.9175,17.9175,17.9175,288.4310618
2013-12-24,18.3213,18.4747,18.0,18.4747,2280.66561009
2013-12-26,18.4747,18.4747,18.4747,18.4747,2150.87163228
2013-12-27,18.466,18.4747,18.1262,18.132,9498.652931635
2013-12-31,18.1262,18.1262,18.1262,18.1262,144.2155309
2014-01-02,17.9175,18.0903,17.9175,18.0903,501.664025345
2014-01-07,18.6485,18.6485,18.2077,18.2077,2150.87163228
2014-01-08,18.3136,18.3136,18.2767,18.2767,331.69572107
2014-01-09,18.3,18.3,18.3,18.3,1578.12995242
2014-01-10,18.4747,18.6135,18.4747,18.6135,3105.784469025
2014-01-14,18.3,18.3,18.3,18.3,1419.49286843
2014-01-15,18.3,18.3,18.3,18.3,458.399366075
2014-01-16,18.3,18.3,18.1262,18.1262,2812.20285255
2014-01-21,17.9932,17.9932,17.9932,17.9932,559.350237705
2014-01-24,18.1971,18.1971,18.1971,18.1971,335.81616481
2014-01-28,18.1612,18.5912,18.1612,18.5912,862.202852595
2014-01-29,18.1262,18.1262,17.7971,17.8476,2293.02694131
2014-01-31,17.8544,17.966,17.8476,17.8544,573.771790795
2014-02-03,17.8476,17.8476,17.8476,17.8476,1431.85419965
2014-02-04,17.8476,17.8476,17.8476,17.8476,288.4310618
2014-02-06,18.0553,18.0553,18.0553,18.0553,288.4310618
2014-02-07,17.9515,17.9515,17.9515,17.9515,204.992076065
2014-02-13,17.9515,17.9515,17.9515,17.9515,1450.39619648
2014-02-14,17.9515,17.9515,17.9175,17.9175,2005.625990445
2014-02-18,17.8602,17.9175,17.8476,17.8476,4657.131537135
2014-02-19,17.8117,17.8117,17.8117,17.8117,613.94611726
2014-02-20,17.603,17.9515,17.603,17.9515,8054.437400765
2014-02-21,17.9515,17.9515,17.7495,17.8602,2145.721077605
2014-02-24,17.7078,18.1262,17.7078,17.9515,1020.839936585
2014-02-25,17.9515,17.9515,17.9515,17.9515,145.245641835
2014-02-26,18.6135,18.6135,18.3699,18.4592,749.92076068
2014-02-27,18.3699,18.3699,18.0126,18.0126,862.202852595
2014-02-28,18.6349,18.6349,18.6349,18.6349,740.649762265
2014-03-03,17.9515,17.9515,17.9515,17.9515,214.26307448
2014-03-05,18.1262,18.1262,18.1262,18.1262,288.4310618
2014-03-07,18.1262,18.1262,18.1262,18.1262,431.616481765
2014-03-10,18.0553,18.0553,18.0553,18.0553,1005.38827256
2014-03-18,18.1262,18.1262,18.1262,18.1262,1220.681457975
2014-03-20,18.1262,18.1262,18.1262,18.1262,288.4310618
2014-03-25,18.466,18.466,18.1262,18.1262,1680.110934985
2014-03-26,18.466,18.466,18.1262,18.1262,1578.12995242
2014-03-31,18.0699,18.0699,18.0699,18.0699,288.4310618
2014-04-01,18.1971,18.1971,18.1971,18.1971,721.0776545
2014-04-02,18.1388,18.1388,18.0553,18.0553,1165.055467485
2014-04-04,18.132,18.132,17.8204,17.8204,1610.063391405
2014-04-07,17.8204,17.8476,17.8204,17.8476,1338.114104565
2014-04-08,18.2243,18.2243,17.9243,17.9243,2466.08557839
2014-04-09,17.966,17.9719,17.966,17.9719,863.23296353
2014-04-10,18.0204,18.0204,18.0126,18.0126,1777.97147381
2014-04-11,18.0204,18.0204,17.9515,17.9515,2814.26307442
2014-04-15,18.4747,18.4747,18.1262,18.1262,601.58478604
2014-04-16,18.3,18.3,18.3,18.3,1226.862123585
2014-04-21,18.3,18.3339,18.3,18.3339,716.95721076
2014-04-22,18.7523,18.7523,18.7523,18.7523,716.95721076
2014-04-23,18.2301,18.2582,18.2301,18.2582,573.771790795
2014-04-24,18.2514,18.3339,18.0553,18.0903,3336.529318465
2014-04-28,18.3,18.4747,18.1262,18.1262,8035.895403935
2014-04-29,18.2243,18.6184,18.2243,18.6184,1148.573692525
2014-05-01,18.1262,18.1262,18.1262,18.1262,144.2155309
2014-05-05,18.1612,18.1612,18.1612,18.1612,290.49128367
2014-05-08,18.3272,18.3272,18.3272,18.3272,4026.703644915
2014-05-09,18.1262,18.7193,18.1262,18.6184,4016.402535565
2014-05-12,18.4747,18.7475,18.4747,18.4747,2131.299524515
2014-05-13,18.3272,18.3272,18.3272,18.3272,631.458003155
2014-05-14,18.2301,18.2301,18.1971,18.1971,1005.38827256
2014-05-15,18.3339,18.5786,18.3339,18.5786,1250.55467509
2014-05-16,18.8096,18.8222,18.8096,18.8222,692.23454832
2014-05-19,18.7193,19.0028,18.5378,19.0028,1148.573692525
2014-05-20,18.3339,18.3339,18.3339,18.3339,573.771790795
2014-05-21,18.3339,18.5097,18.3,18.3339,3588.90649754
2014-05-23,18.5097,18.5097,18.5097,18.5097,354.35816164
2014-05-28,18.83,19.0873,18.6543,18.6543,2425.911251925
2014-05-30,18.8222,18.8572,18.8222,18.8572,1748.098256695
2014-06-04,19.2416,19.2416,19.2416,19.2416,189.54041204
2014-06-05,18.5504,18.5504,18.5504,18.5504,573.771790795
2014-06-09,18.83,18.83,18.83,18.83,801.42630743
2014-06-12,18.5504,18.9213,18.5504,18.8572,11290.0158476
2014-06-13,18.5786,18.5999,18.5786,18.5999,744.770206005
2014-06-16,18.6135,18.7747,18.5999,18.7747,1648.177496
2014-06-18,18.7223,18.7261,18.5902,18.7155,2133.359746385
2014-06-20,18.9135,19.1436,18.6562,19.1436,3449.841521315
2014-06-23,19.0795,19.0795,19.0795,19.0795,348.17749603
2014-06-24,19.3154,19.3154,19.3154,19.3154,374.96038034
2014-06-26,19.0727,19.0727,19.0727,19.0727,1407.13153721
2014-06-27,18.9717,18.9717,18.9717,18.9717,320.364500785
2014-07-02,18.9795,18.9795,18.7349,18.7349,697.385102995
2014-07-03,18.829,18.829,18.829,18.829,421.315372415
2014-07-07,18.829,18.8485,18.829,18.829,2033.43898569
2014-07-08,18.8572,18.9009,18.8572,18.9009,2510.380348595
2014-07-09,18.9009,18.9504,18.9009,18.9504,1809.904912795
2014-07-11,18.9339,18.9339,18.93,18.93,2646.354992015
2014-07-15,18.964,18.964,18.964,18.964,1116.64025354
2014-07-16,19.0436,19.2872,19.0436,19.2872,2221.949286795
2014-07-17,19.0077,19.0077,19.0077,19.0077,835.419968285
2014-07-18,19.0164,19.0164,19.0164,19.0164,558.32012677
2014-07-21,19.0164,19.1785,19.0164,19.1785,1034.23137874
2014-07-22,19.1669,19.1669,19.1436,19.1436,1952.060221825
2014-07-24,19.0164,19.0164,18.6562,18.7718,7110.855784305
2014-07-25,18.7922,18.7922,18.7922,18.7922,1114.58003167
2014-07-30,18.9795,18.9795,18.93,18.93,1672.90015844
2014-07-31,18.93,18.93,18.93,18.93,166.87797147
2014-08-01,18.93,18.9504,18.93,18.9504,421.315372415
2014-08-05,18.93,18.93,18.93,18.93,140.09508716
2014-08-11,19.0077,19.0077,18.93,18.93,1114.58003167
2014-08-14,18.9717,19.2377,18.9717,19.195,16688.827257935
2014-08-15,19.1154,19.5241,19.0222,19.0222,18403.96196471
2014-08-18,19.1232,19.4882,19.1232,19.2746,13055.62599019
2014-08-19,19.2581,19.56,19.0436,19.0795,19030.26941319
2014-08-20,19.2455,19.5532,19.1154,19.1309,19407.2900154
2014-08-21,19.4377,19.6105,19.2164,19.3319,14278.367670035
2014-08-22,19.295,19.295,19.0863,19.1154,8674.564183635
2014-08-25,19.1154,19.2581,19.1154,19.2581,835.419968285
2014-08-26,19.2086,19.2164,19.1154,19.1154,1114.58003167
2014-08-27,19.1873,19.2581,19.1873,19.2232,8365.530903135
2014-08-28,19.2377,19.2377,19.195,19.2086,3487.95562591
2014-08-29,19.1873,19.1873,19.1077,19.1077,700.4754358
2014-09-02,18.6863,19.1077,18.6863,18.6863,1792.3930269
2014-09-03,18.9717,18.9717,18.9717,18.9717,1393.740095055
2014-09-04,18.9717,19.2232,18.9339,18.9339,1255.705229765
2014-09-05,18.9717,18.9717,18.9232,18.9504,1534.86529315
2014-09-08,19.0077,19.2581,19.0077,19.2581,1061.01426305
2014-09-10,18.9504,19.0436,18.9504,18.9504,2788.510301045
2014-09-17,19.2804,19.4746,19.2804,19.4377,3208.795562525
2014-09-19,19.8318,20.0833,19.0368,20.0114,9302.931853985
2014-09-23,20.0474,20.0474,20.0474,20.0474,421.315372415
2014-09-24,19.56,19.6018,19.5455,19.5455,1645.087163195
2014-09-25,19.2455,19.3814,19.2455,19.2455,1255.705229765
2014-09-26,19.4455,19.4746,19.4455,19.4746,1114.58003167
2014-09-29,19.2455,19.2455,19.2232,19.2232,726.228209175
2014-09-30,19.9134,19.9532,19.23,19.9415,2091.12519805
2014-10-02,19.3028,20.0114,19.295,20.0114,4353.24881131
2014-10-03,20.0114,20.2629,20.0114,20.0114,1114.58003167
2014-10-07,19.3882,19.5959,19.3649,19.5959,2232.250396145
2014-10-08,19.761,19.761,19.761,19.761,278.12995245
2014-10-09,19.9415,19.9755,19.9415,19.9755,421.315372415
2014-10-10,19.3882,19.6387,19.3814,19.6387,563.470681445
2014-10-14,19.726,20.0697,19.726,20.0697,4571.63232953
2014-10-15,19.6464,19.7115,19.6464,19.6552,1879.952456375
2014-10-16,19.6251,19.6387,19.3319,19.3319,1148.573692525
2014-10-20,19.3814,19.3814,19.3649,19.3649,703.565768605
2014-10-21,19.3649,19.3649,19.3649,19.3649,270.919175905
2014-10-22,19.3649,19.6552,19.3649,19.4746,3067.67036443
2014-10-23,19.4746,19.4746,19.4746,19.4746,1183.597464315
2014-10-28,19.5455,19.5455,19.5455,19.5455,1803.724247185
2014-10-30,19.5455,19.6552,19.5455,19.5455,558.32012677
2014-10-31,19.6552,19.726,19.5455,19.5455,4663.312202745
2014-11-05,19.6192,19.6901,19.6192,19.6901,1952.060221825
2014-11-10,20.0279,20.0279,20.0279,20.0279,140.09508716
2014-11-12,19.8318,20.0114,19.8318,20.0114,1262.91600631
2014-11-18,19.8318,19.8318,19.8318,19.8318,279.160063385
2014-11-19,19.7979,19.7979,19.6668,19.6668,1062.044373985
2014-11-24,19.6959,19.726,19.6959,19.726,421.315372415
2014-11-25,19.761,20.0474,19.761,19.9823,6027.179080685
2014-11-28,19.7979,19.7979,19.7979,19.7979,525.35657685
2014-12-01,19.925,20.1833,19.8318,20.0629,12882.56735311
2014-12-04,19.9619,20.0978,19.9047,20.0338,13597.464342
2014-12-05,19.8852,20.1901,19.8192,19.9047,12738.35182221
2014-12-08,19.8678,19.9532,19.8192,19.8318,5087.717907965
2014-12-09,19.9911,20.0833,19.8852,20.0833,5626.46592697
2014-12-10,20.0833,20.2483,20.0833,20.126,4300.713153625
2014-12-11,20.0833,20.0833,20.0697,20.0833,938.431061785
2014-12-15,20.2629,20.2629,20.2629,20.2629,627.337559415
2014-12-16,19.9755,20.7589,19.9755,20.0561,558.32012677
2014-12-17,19.7979,19.7979,19.5455,19.5455,1936.6085578
2014-12-18,19.2872,19.5455,19.1154,19.3455,17624.167986915
2014-12-19,19.3455,20.6085,19.3086,19.8881,8920.7606971
2014-12-22,19.1436,20.2852,19.1232,19.1232,1324.72266241
2014-12-23,20.0697,20.0697,19.4377,19.86,21707.527733255
2014-12-24,20.7871,20.7871,20.2279,20.4493,18972.58320083
2014-12-26,19.5115,21.3598,19.5115,20.3279,33379.71473774
2014-12-29,20.7298,20.7298,19.7979,19.7979,28535.103010435
2014-12-30,19.4746,20.1998,19.4455,20.0978,25285.10301051
2014-12-31,19.6464,20.0833,19.4746,19.9755,22448.17749552
2015-01-02,19.9532,19.9532,19.6387,19.6387,2654.595879495
2015-01-05,19.3736,19.3736,19.3736,19.3736,1117.670364475
2015-01-06,19.4377,20.2629,19.4309,20.0978,26573.771790195
2015-01-07,19.8396,19.8678,19.6552,19.66,7402.37717891
2015-01-08,19.5455,19.7833,19.4377,19.6018,11851.426307175
2015-01-09,19.6833,19.6833,19.4377,19.4377,34852.77337479
2015-01-12,19.7979,20.6589,19.7979,20.0561,25119.255149975
2015-01-13,19.9047,19.9047,19.726,19.8318,3746.513470595
2015-01-14,19.8969,19.925,19.8969,19.925,2788.510301045
2015-01-15,19.9532,20.0192,19.761,19.9474,12143.977812715
2015-01-16,19.9173,19.9173,19.8881,19.9047,10180.586370605
2015-01-21,19.9532,20.0474,19.9415,20.0474,1672.90015844
2015-01-22,20.2629,20.2629,19.925,20.1784,6189.936608415
2015-01-23,20.2279,21.0162,20.2279,20.4415,47253.24881032
2015-01-26,20.2765,20.6589,20.0114,20.0114,10749.207606725
2015-01-27,20.1202,20.1541,19.925,19.925,16591.996830045
2015-01-28,20.1493,20.1493,19.925,19.925,10595.72107741
2015-01-29,20.091,20.1202,19.9047,19.9532,36171.31537159
2015-01-30,20.1124,20.1124,19.9998,20.0755,3553.88272575
2015-02-02,19.9134,19.9415,19.9047,19.9415,1061.01426305
2015-02-03,20.0697,20.0833,20.0629,20.0833,5719.17591112
2015-02-04,20.1833,20.1833,19.9047,19.9047,1821.23613308
2015-02-05,19.9047,20.0833,19.8678,19.8678,1168.14580029
2015-02-06,19.4018,19.6901,19.4018,19.5824,4350.158478505
2015-02-09,19.6901,19.8881,19.6833,19.8765,1582.25039616
2015-02-11,19.7037,19.9047,19.6901,19.6901,3177.892234475
2015-02-12,19.5824,19.7464,19.4377,19.7464,1672.90015844
2015-02-17,19.7464,19.7464,19.3649,19.5115,4495.40412034
2015-02-19,19.4377,19.6464,19.3154,19.6464,2659.74643417
2015-02-20,19.6464,20.0037,19.3086,19.8396,127946.98890354
2015-02-23,19.7979,19.9755,19.4746,19.5455,41795.72107669
2015-02-24,19.6018,19.6192,19.0077,19.3814,19870.83993615
2015-02-25,19.4746,19.5824,19.4746,19.5824,5614.10459575
2015-02-26,19.5241,19.5241,19.3649,19.4746,32496.909666445
2015-02-27,19.4668,19.5115,19.4668,19.4814,3699.128367585
2015-03-02,19.4377,19.9619,19.3368,19.8124,140670.91917266
2015-03-03,19.8318,19.8765,19.7037,19.7037,35969.41362833
2015-03-04,19.726,19.761,19.6192,19.6192,12128.52614869
2015-03-05,19.6959,19.7319,19.3814,19.6387,7530.11093485
2015-03-06,19.6901,19.6901,19.3455,19.4814,10037.40095064
2015-03-09,19.6552,19.6552,19.5115,19.5115,835.419968285
2015-03-10,19.3649,19.6901,19.2581,19.4746,63156.10142485
2015-03-11,19.5396,19.6959,19.4814,19.5396,6691.60063376
2015-03-12,19.2377,19.5668,19.2377,19.5668,5437.955625865
2015-03-13,19.4746,19.5115,19.2746,19.3319,5577.02060209
2015-03-16,19.2804,19.4746,19.2581,19.295,2788.510301045
2015-03-17,19.2581,19.5115,19.2581,19.5115,558.32012677
2015-03-18,19.3649,19.4746,19.3368,19.4377,2232.250396145
2015-03-19,19.4513,19.5455,19.3649,19.4455,6273.37559415
2015-03-20,19.4377,19.4377,19.4377,19.4377,278.12995245
2015-03-23,19.5163,19.5163,19.3814,19.4668,22166.957210265
2015-03-24,19.4377,19.4377,19.4018,19.4018,1255.705229765
2015-03-25,19.4455,19.5455,19.3649,19.5319,2646.354992015
2015-03-26,19.5037,19.5319,19.3649,19.3649,1534.86529315
2015-03-27,19.4018,19.4096,19.395,19.4096,3762.995245555
2015-03-30,19.3649,19.3649,19.3649,19.3649,558.32012677
2015-03-31,19.5319,19.5319,19.3649,19.3649,2022.107765405
2015-04-01,19.3736,19.4164,19.3736,19.4164,1255.705229765
2015-04-02,19.46,19.46,19.46,19.46,3487.95562591
2015-04-06,19.5455,19.726,19.5455,19.726,1952.060221825
2015-04-08,19.761,19.9911,19.56,19.56,27463.787638035
2015-04-10,19.726,19.726,19.726,19.726,278.12995245
2015-04-13,19.761,19.761,19.761,19.761,140.09508716
2015-04-14,19.761,19.9415,19.761,19.9415,421.315372415
2015-04-15,19.761,19.9415,19.761,19.9415,558.32012677
2015-04-16,19.761,19.7687,19.726,19.7687,3834.07290007
2015-04-17,19.761,19.7979,19.761,19.761,558.32012677
2015-04-20,19.7687,19.8678,19.7687,19.8678,1255.705229765
2015-04-21,19.8678,19.8678,19.8678,19.8678,134.944532485
2015-04-22,19.7746,19.8318,19.7746,19.8318,933.28050711
2015-04-24,19.7833,19.7833,19.7746,19.7746,558.32012677
2015-04-27,19.7746,19.8124,19.7746,19.8124,558.32012677
2015-04-28,19.7746,19.7746,19.7746,19.7746,257.52773375
2015-04-29,19.7746,19.7746,19.7746,19.7746,140.09508716
2015-04-30,19.7746,19.7746,19.7746,19.7746,421.315372415
2015-05-01,19.7746,19.7746,19.7746,19.7746,1952.060221825
2015-05-05,19.8678,19.8678,19.7746,19.7746,2646.354992015
2015-05-06,19.7746,19.7746,19.7746,19.7746,149.366085575
2015-05-07,19.7746,19.8678,19.7746,19.8542,5087.717907965
2015-05-08,19.7746,19.7746,19.7746,19.7746,421.315372415
2015-05-12,19.86,19.8678,19.86,19.8678,475.91125197
2015-05-15,19.9047,19.9047,19.9047,19.9047,1150.633914395
2015-05-18,19.9415,19.9415,19.9415,19.9415,977.575277315
2015-05-19,19.6552,19.8027,19.6552,19.8027,421.315372415
2015-05-20,19.7464,19.7464,19.6192,19.6192,558.32012677
2015-05-22,19.6552,19.7979,19.6552,19.7979,1114.58003167
2015-05-27,19.8542,19.8542,19.8318,19.8318,278.12995245
2015-05-28,19.6552,19.7901,19.6552,19.7901,1114.58003167
2015-05-29,19.7464,19.7464,19.6192,19.6192,835.419968285
2015-06-01,19.726,19.7396,19.7115,19.7396,907.527733735
2015-06-02,19.6901,19.6901,19.6552,19.6833,1114.58003167
2015-06-03,19.6192,19.726,19.6192,19.726,1114.58003167
2015-06-04,19.6192,19.6192,19.5115,19.5115,1393.740095055
2015-06-05,19.4882,19.4882,19.4882,19.4882,278.12995245
2015-06-09,19.4882,19.5455,19.4882,19.5455,474.881141035
2015-06-10,19.4882,19.5163,19.4882,19.5163,878.684627555
2015-06-11,19.4882,19.4882,19.4882,19.4882,1883.04278918
2015-06-12,19.4882,19.4882,19.4882,19.4882,2371.31537237
2015-06-17,19.4853,19.4853,19.2649,19.294,4201.822503865
2015-06-18,19.294,19.294,19.294,19.294,134.944532485
2015-06-19,19.5523,19.9192,19.5523,19.9192,677.81299523
2015-06-22,20.5327,20.5327,19.7367,19.7367,271.94928684
2015-06-23,19.7367,19.7367,19.7367,19.7367,1.030110935
2015-06-24,19.6998,19.6998,19.5523,19.56,1761.48969885
2015-06-26,19.56,19.56,19.56,19.56,134.944532485
2015-06-29,19.7367,19.7367,19.7367,19.7367,271.94928684
2015-06-30,20.1551,20.1551,19.7726,19.7726,2439.30269408
2015-07-01,19.4406,19.4406,19.4406,19.4406,134.944532485
2015-07-02,19.4406,19.4406,19.4406,19.4406,134.944532485
2015-07-08,19.361,20.4007,19.361,20.4007,812.757527715
2015-07-13,19.693,19.6998,19.693,19.6998,271.94928684
2015-07-14,19.6998,19.6998,19.6998,19.6998,69.017432645
2015-07-16,19.7367,19.7726,19.7367,19.7367,677.81299523
2015-07-17,19.7367,19.7367,19.7367,19.7367,405.86370839
2015-07-20,19.7367,19.7425,19.5144,19.5144,2845.16640247
2015-07-21,19.5095,19.6571,19.4503,19.5892,2710.221869985
2015-07-22,19.5523,19.5523,19.5523,19.5523,812.757527715
2015-07-29,19.5523,19.5523,19.4853,19.4853,1898.494453205
2015-07-30,19.4503,19.4639,19.4503,19.4639,2845.16640247
2015-07-31,19.4639,19.4639,19.4639,19.4639,541.83835181
2015-08-03,19.4639,19.4639,19.4639,19.4639,107.13153724
2015-08-05,19.6998,19.7367,19.6998,19.7367,1220.681457975
2015-08-06,19.6998,19.6998,19.6998,19.6998,339.93660855
2015-08-07,19.5523,19.5523,19.5523,19.5523,541.83835181
2015-08-10,19.5523,19.5892,19.4503,19.5892,1220.681457975
2015-08-11,19.5144,19.6493,19.5144,19.5523,2812.20285255
2015-08-12,19.5523,19.9367,19.5523,19.5892,6097.226624265
2015-08-13,19.6202,19.6202,19.3086,19.3668,4472.74167977
2015-08-14,19.2358,19.6697,19.0727,19.6571,5421.473850905
2015-08-17,19.6251,19.693,19.6251,19.693,405.86370839
2015-08-18,19.9076,19.9153,19.6862,19.6862,1220.681457975
2015-08-19,19.6998,19.6998,19.6998,19.6998,271.94928684
2015-08-20,19.7367,19.7367,19.7367,19.7367,541.83835181
2015-08-21,19.6998,19.6998,19.6998,19.6998,134.944532485
2015-08-24,19.6862,19.6998,19.6862,19.6998,2610.30110929
2015-08-25,19.6998,19.6998,19.6998,19.6998,134.944532485
2015-08-26,19.8988,19.8988,19.5892,19.6251,1491.60063388
2015-08-27,19.5523,20.1066,19.5523,20.1066,3388.034865215
2015-08-28,20.1066,20.1066,19.8852,19.8852,271.94928684
2015-08-31,19.6998,19.6998,19.6998,19.6998,134.944532485
2015-09-03,19.6862,19.9493,19.662,19.9192,1354.595879525
2015-09-04,19.9969,20.4745,19.9969,20.4745,2303.32805066
2015-09-08,19.7814,20.3269,19.7814,19.9445,405.86370839
2015-09-10,19.6697,19.6697,19.6697,19.6697,134.944532485
2015-09-14,19.7726,19.7726,19.7726,19.7726,134.944532485
2015-09-15,19.9445,19.9445,19.8988,19.8988,947.7020602
2015-09-18,19.7367,19.9192,19.7367,19.9192,405.86370839
2015-09-21,19.9969,19.9969,19.9969,19.9969,134.944532485
2015-09-23,19.9192,19.9192,19.9192,19.9192,541.83835181
2015-09-24,19.7425,19.7814,19.7425,19.7814,1898.494453205
2015-09-30,19.7367,19.7367,19.5969,19.5969,1761.48969885
2015-10-05,19.5969,19.5969,19.5969,19.5969,9.270998415
2015-10-07,19.7367,19.7658,19.7367,19.7658,677.81299523
2015-10-08,19.7425,19.7425,19.7425,19.7425,271.94928684
2015-10-14,19.8018,19.8115,19.8018,19.8115,1354.595879525
2015-10-20,19.7367,19.825,19.7367,19.825,1491.60063388
2015-10-21,19.825,19.825,19.825,19.825,134.944532485
2015-10-22,19.825,19.825,19.825,19.825,134.944532485
2015-10-26,19.7367,19.8988,19.7367,19.8988,3254.120443665
2015-10-27,19.8988,19.8988,19.8988,19.8988,134.944532485
2015-11-02,19.958,19.958,19.958,19.958,134.944532485
2015-11-03,19.7425,19.7425,19.7425,19.7425,134.944532485
2015-11-05,19.7726,19.7726,19.7726,19.7726,405.86370839
2015-11-06,19.7726,19.7726,19.7726,19.7726,134.944532485
2015-11-09,19.8115,19.8115,19.8115,19.8115,252.377179075
2015-11-10,20.1066,20.1066,19.8115,19.8115,1761.48969885
2015-11-12,19.8891,19.8891,19.8891,19.8891,134.944532485
2015-11-13,19.8115,19.8115,19.8115,19.8115,134.944532485
2015-11-18,19.8493,19.8493,19.8493,19.8493,677.81299523
2015-11-19,19.8493,19.8493,19.8493,19.8493,271.94928684
2015-11-23,19.8493,19.861,19.8493,19.8493,947.7020602
2015-11-30,19.8493,19.8493,19.8493,19.8493,1354.595879525
2015-12-01,19.8493,19.8493,19.8493,19.8493,2.06022187
2015-12-03,19.9367,19.9367,19.8493,19.8493,812.757527715
2015-12-04,19.8493,19.9153,19.8493,19.9153,271.94928684
2015-12-08,19.9153,19.9153,19.9153,19.9153,2.06022187
2015-12-10,19.9153,19.9153,19.9153,19.9153,134.944532485
2015-12-15,19.9192,20.0755,19.9192,20.0755,3930.90332796
2015-12-16,19.9202,19.9202,19.9202,19.9202,130.824088745
2015-12-17,19.96,19.96,19.96,19.96,1184.62757525
2015-12-18,19.9202,19.9289,19.9202,19.9289,1450.39619648
2015-12-21,20.0202,20.0202,20.0114,20.0202,2108.637083945
2015-12-22,19.9998,20.1493,19.9998,20.1493,2642.234548275
2015-12-23,20.6424,20.6424,20.0347,20.0347,1055.863708375
2015-12-30,20.1124,20.1124,20.1124,20.1124,526.386687785
2015-12-31,20.4143,20.4143,20.4143,20.4143,404.833597455
2016-01-04,20.5483,20.5483,20.0046,20.0046,1055.863708375
2016-01-05,20.0425,20.0648,20.0425,20.0425,1316.48177493
2016-01-06,20.0745,20.1862,20.0745,20.1862,1525.594294735
2016-01-07,20.0949,20.0949,19.96,20.0192,5956.10142617
2016-01-08,19.9998,19.9998,19.9998,19.9998,790.095087145
2016-01-12,20.0056,20.0901,20.0056,20.0901,633.518225025
2016-01-19,19.96,19.96,19.96,19.96,263.70839936
2016-01-20,19.96,19.96,19.96,19.96,263.70839936
2016-01-21,19.96,20.4978,19.96,20.3007,28846.196512805
2016-01-22,20.1493,20.5279,20.0804,20.1862,31359.667194205
2016-01-25,20.125,20.4221,20.0648,20.1862,29054.278921675
2016-01-26,20.0046,20.4687,19.9901,20.0745,37807.13153637
2016-01-27,20.0804,20.0804,20.0202,20.0202,426.46592709
2016-01-28,20.0745,20.3007,19.96,19.9687,3837.163232875
2016-01-29,19.96,19.9901,19.527,19.826,6479.39778115
2016-02-01,19.9493,20.0299,19.9493,19.9998,1605.942947665
2016-02-02,19.8911,20.0202,19.8911,20.0202,526.386687785
2016-02-03,19.9901,20.0114,19.9901,19.9998,1221.71156891
2016-02-04,20.0299,20.2638,20.0299,20.0347,2108.637083945
2016-02-08,19.6571,19.6571,19.6571,19.6571,394.532488105
2016-02-10,19.6571,19.8095,19.6571,19.7396,3295.324881065
2016-02-11,19.5804,19.6959,19.5804,19.6959,1820.206022145
2016-02-12,19.7707,20.2968,19.7707,20.2968,1809.904912795
2016-02-19,20.4978,20.4978,20.491,20.491,921.949286825
2016-02-22,20.491,20.5764,20.491,20.5764,2175.59429472
2016-02-23,20.491,20.5056,20.491,20.491,3029.556259835
2016-02-24,19.9202,19.9202,19.9202,19.9202,225.594294765
2016-02-25,20.6793,21.9928,20.6793,20.8997,2703.01109344
2016-02-29,19.8852,20.324,19.8852,20.225,4567.51188579
2016-03-01,19.9076,19.9076,19.8852,19.8852,532.567353395
2016-03-03,20.2493,20.2493,20.2493,20.2493,263.70839936
2016-03-07,20.3318,20.3318,20.3318,20.3318,524.326465915
2016-03-08,19.958,19.958,19.958,19.958,263.70839936
2016-03-11,19.9202,20.2308,19.9202,20.2308,1055.863708375
2016-03-17,20.1124,20.3318,19.9998,20.1124,3863.946117185
2016-03-18,20.0833,20.0833,20.0425,20.0784,1658.47860535
2016-03-21,20.1124,20.1522,20.1124,20.1522,526.386687785
2016-03-23,20.1124,20.1124,20.1124,20.1124,659.2709984
2016-04-04,20.1347,20.4221,20.1347,20.4143,548.01901742
2016-04-05,20.8249,20.8249,20.8249,20.8249,461.48969888
2016-04-06,20.1949,20.1949,20.1648,20.1648,526.386687785
2016-04-07,20.225,20.4114,20.225,20.2473,619.096671935
2016-04-08,20.1736,20.1736,20.1736,20.1736,263.70839936
2016-04-12,20.8327,20.8327,20.8327,20.8327,1198.019017405
2016-04-14,20.3415,20.6628,20.3415,20.6628,2767.908082345
2016-04-20,20.4531,20.7871,20.4531,20.7347,2503.16957205
2016-04-21,20.7793,20.7939,20.5056,20.7939,2347.622820865
2016-04-22,20.7939,20.8327,20.7939,20.8327,1768.700475395
2016-04-27,20.8327,20.8327,20.8327,20.8327,839.540412025
2016-04-28,20.5822,20.5822,20.5822,20.5822,263.70839936
2016-05-02,20.7288,20.7288,20.7288,20.7288,394.532488105
2016-05-03,20.7026,20.7211,20.6492,20.7211,2529.95245636
2016-05-04,20.8939,20.9686,20.6803,20.6803,1675.990491245
2016-05-05,20.9463,20.9841,20.6424,20.9841,9311.172741465
2016-05-06,20.9774,20.9774,20.9774,20.9774,263.70839936
2016-05-09,20.9841,20.9841,20.8327,20.8327,1198.019017405
2016-05-10,20.9841,20.9841,20.9841,20.9841,2108.637083945
2016-05-12,20.8754,20.9841,20.8696,20.9841,2499.04912831
2016-05-13,20.8696,20.8706,20.8696,20.8706,5137.163232845
2016-05-17,20.8696,20.8696,20.8696,20.8696,921.949286825
2016-05-18,20.8696,20.9143,20.8696,20.8696,2127.179080775
2016-05-20,20.8696,20.8706,20.8696,20.8706,1316.48177493
2016-05-24,20.9841,20.9841,20.8696,20.9667,3239.698890575
2016-05-25,20.8764,20.8764,20.8764,20.8764,130.824088745
2016-05-26,20.9841,20.9841,20.9841,20.9841,2289.936608505
2016-05-27,21.0288,21.0288,20.9075,20.9075,3735.18225031
2016-06-01,20.6191,20.9919,20.6046,20.9841,1415.37242469
2016-06-03,20.9075,20.9075,20.8696,20.8696,1316.48177493
2016-06-06,21.0142,21.0142,20.8696,20.8696,1793.423137835
2016-06-07,20.9269,21.1734,20.9269,21.1734,2099.36608553
2016-06-08,21.021,21.0686,21.021,21.0686,526.386687785
2016-06-13,21.1657,21.8345,21.154,21.8345,5577.02060209
2016-06-14,21.8345,21.8345,21.4025,21.819,6665.847860385
2016-06-15,21.356,21.8161,21.3433,21.8161,3547.70206014
2016-06-16,21.4501,21.4501,20.6085,20.9657,3429.239302615
2016-06-17,21.2395,21.5278,21.2395,21.5278,448.098256725
2016-06-20,21.4278,21.4404,21.1298,21.3433,2178.684627525
2016-06-21,21.5278,22.1365,21.2802,21.7462,9643.89857347
2016-06-22,22.7995,23.2276,21.8472,22.1277,15008.71632295
2016-06-23,21.8006,21.8277,21.3734,21.3783,4874.48494442
2016-06-24,21.1618,22.1365,21.1618,21.6307,24907.052297365
2016-06-27,21.4035,21.785,21.4035,21.7617,2173.53407285
2016-06-28,21.4336,21.5996,21.2395,21.5588,1235.103011065
2016-06-30,22.152,22.1743,21.4424,22.1743,2192.07606968
2016-07-08,21.8239,21.8239,21.688,21.688,1194.9286846
2016-07-11,21.7015,21.8239,21.6996,21.8239,751.98098255
2016-07-12,21.7064,21.7064,21.7064,21.7064,486.21236132
2016-07-14,21.7093,21.7093,21.6996,21.6996,2325.99049123
2016-07-15,21.6996,21.6996,21.6996,21.6996,127.73375594
2016-07-18,21.7462,21.8472,21.7064,21.8472,1340.174326435
2016-07-19,21.7064,21.7064,21.7064,21.7064,275.039619645
2016-07-21,22.0161,22.0161,22.0161,22.0161,1083.67670362
2016-07-25,21.7452,21.9811,21.7151,21.9811,2551.584785995
2016-07-26,21.7064,21.9171,21.7064,21.9171,1429.79397778
2016-07-28,21.7064,21.7433,21.7064,21.7433,358.47860538
2016-08-05,21.7617,21.8112,21.6685,21.8112,8211.014262885
2016-08-08,21.8239,21.8248,21.7064,21.7685,3735.18225031
2016-08-09,21.754,21.754,21.754,21.754,385.26148969
2016-08-11,21.7229,21.8103,21.7064,21.7384,2822.5039619
2016-08-12,21.7064,21.7064,21.7064,21.7064,833.359746415
2016-08-15,21.7064,21.7307,21.6685,21.6685,10857.3692549
2016-08-17,21.6685,21.6685,21.6685,21.6685,1261.885895375
2016-08-19,21.754,21.754,21.7064,21.7064,260.618066555
2016-08-23,21.6685,21.7083,21.6685,21.6685,1777.97147381
2016-08-24,21.6685,21.6685,21.6685,21.6685,1398.89064973
2016-08-25,21.7064,21.7064,21.6307,21.6307,8855.863708195
2016-08-26,21.6307,21.6307,21.6307,21.6307,257.52773375
2016-08-29,21.754,21.7617,21.7229,21.7617,1025.99049126
2016-08-30,21.7617,22.2141,21.7617,22.0268,9519.255150335
2016-08-31,22.0889,22.2063,21.7695,21.7705,2834.86529312
2016-09-02,21.7695,21.7695,21.6307,21.6841,4363.54992066
2016-09-09,21.6685,21.6685,21.6685,21.6685,455.30903327
2016-09-15,21.6443,21.6443,21.6375,21.6375,1025.99049126
2016-09-16,21.6375,21.6375,21.6307,21.6307,1186.68779712
2016-09-19,21.6375,21.6375,21.5909,21.5909,3051.18858947
2016-09-21,21.6249,21.6375,21.5899,21.5899,897.226624385
2016-09-22,21.5899,21.5899,21.5899,21.5899,127.73375594
2016-09-23,21.5899,21.6375,21.5841,21.5841,8299.603803295
2016-09-27,21.5821,21.5821,21.5821,21.5821,642.78922344
2016-10-03,21.6307,21.6685,21.6132,21.6617,3055.30903321
2016-10-04,21.6685,21.6685,21.6307,21.6685,1608.003169535
2016-10-05,21.5559,21.5559,21.5559,21.5559,219.413629155
2016-10-07,21.6685,21.6685,21.6685,21.6685,514.025356565
2016-10-10,21.6685,21.6685,21.52,21.52,1783.122028485
2016-10-11,21.52,21.6685,21.52,21.6685,1859.350237675
2016-10-12,21.6617,21.6685,21.5336,21.5336,1805.784469055
2016-10-14,21.5278,21.5375,21.52,21.5375,770.52297938
2016-10-17,21.6685,21.6685,21.52,21.52,1075.43581614
2016-10-18,21.5899,21.6685,21.4812,21.4812,8209.98415195
2016-10-19,21.9811,21.9811,21.9811,21.9811,654.120443725
2016-11-07,21.5035,21.588,21.5035,21.5462,704.59587954
2016-11-08,21.4812,21.5132,21.4724,21.5045,585.10301108
2016-11-10,21.4812,21.652,21.2395,21.2395,6699.84152124
2016-11-11,21.1647,21.1773,21.1647,21.1773,559.350237705
2016-11-14,21.09,21.09,21.0463,21.0463,3925.752773285
2016-11-15,21.0375,21.0832,21.0065,21.0492,16021.315372055
2016-11-16,21.0463,21.0463,21.023,21.023,3076.941362845
2016-11-17,20.99,20.99,20.9278,20.9278,2588.668779655
2016-11-18,20.6551,20.6551,20.6551,20.6551,237.955625985
2016-11-21,21.0065,21.255,20.8579,20.889,5825.277337425
2016-11-22,21.0463,21.0463,20.5774,20.7715,12402.5356574
2016-11-23,20.7715,20.7715,20.5376,20.7715,10397.93977789
2016-11-25,20.7715,20.8492,20.7715,20.8492,3758.874801815
2016-11-28,20.8492,20.8492,20.5949,20.8104,3795.958795475
2016-11-29,20.8055,20.8104,20.4687,20.4988,12709.50871603
2016-11-30,20.6949,20.6949,20.5852,20.6949,1500.871632295
2016-12-01,20.5017,20.889,20.5017,20.889,343.026941355
2016-12-05,20.4988,21.0764,20.4988,21.0269,2054.04120439
2016-12-06,20.9657,21.4064,20.9657,21.4064,3714.58003161
2016-12-07,21.3026,21.3026,21.3026,21.3026,127.73375594
2016-12-08,20.9774,21.2395,20.9774,21.2395,587.16323295
2016-12-13,21.3627,21.3627,21.3627,21.3627,257.52773375
2016-12-14,22.0112,22.0112,22.0112,22.0112,1025.99049126
2016-12-15,21.7035,21.7035,21.2831,21.7035,2819.413629095
2016-12-16,21.5831,21.5831,21.5831,21.5831,1249.524564155
2016-12-19,20.9589,21.6239,20.9424,21.5831,3819.65134698
2016-12-20,21.2628,21.6006,21.0638,21.6006,4903.3280506
2016-12-21,21.5753,21.6559,20.9511,20.9511,3833.042789135
2016-12-22,21.0084,21.3181,21.0084,21.1269,2959.508716255
2016-12-23,20.9754,21.3831,20.9754,21.3831,6735.895403965
2016-12-27,21.1434,21.1434,21.0812,21.1434,788.034865275
2016-12-28,21.0948,21.1113,21.0628,21.0628,1876.86212357
2016-12-29,21.1754,21.1754,21.1754,21.1754,3432.32963542
2016-12-30,20.9909,21.1754,20.9909,21.1754,748.890649745
2017-01-04,21.3443,21.3443,21.3443,21.3443,124.643423135
2017-01-05,21.1453,21.1453,21.0084,21.1239,2431.0618066
2017-01-06,21.0628,21.1841,20.9026,21.023,5495.641838225
2017-01-09,21.5753,21.5753,20.9832,21.1434,1498.811410425
2017-01-11,21.2948,21.2948,21.1482,21.1482,250.316957205
2017-01-12,21.1434,21.1434,21.1434,21.1434,1437.004754325
2017-01-13,21.2162,21.2162,21.1754,21.1754,374.96038034
2017-01-17,21.1754,21.1754,21.0696,21.1754,2279.635499155
2017-01-19,21.088,21.088,20.9987,20.9987,2328.0507131
2017-01-23,21.0395,21.0395,21.023,21.023,499.603803475
2017-01-25,21.0735,21.1599,21.023,21.1599,4440.808240785
2017-01-26,21.1045,21.1045,21.1045,21.1045,998.177496015
2017-01-27,21.1269,21.1434,21.0307,21.0307,1711.014263035
2017-01-30,21.1404,21.1404,21.1404,21.1404,166.87797147
2017-01-31,21.1113,21.1191,21.1113,21.1191,368.77971473
2017-02-01,21.2395,21.2395,21.1948,21.2191,1111.489698865
2017-02-02,21.223,21.4006,21.221,21.4006,3621.87004746
2017-02-10,21.3259,21.3259,21.2812,21.2812,873.53407288
2017-02-14,21.2793,21.3501,21.2239,21.2831,3029.556259835
2017-02-15,21.2181,21.2696,21.1434,21.2696,1468.93819331
2017-02-16,21.2443,21.2443,21.2443,21.2443,438.82725831
2017-02-21,21.223,21.2618,21.223,21.2618,1776.941362875
2017-02-24,21.223,21.255,21.223,21.255,499.603803475
2017-02-27,21.3045,21.3715,21.3045,21.3715,3120.206022115
2017-02-28,21.3045,21.3045,21.3045,21.3045,174.088748015
2017-03-02,21.3045,21.4239,21.3045,21.4239,1769.73058633
2017-03-06,21.4074,21.4239,21.4074,21.4239,2493.898573635
2017-03-08,21.3802,21.3802,21.3802,21.3802,250.316957205
2017-03-09,21.3899,21.4239,21.3899,21.4239,415.134706805
2017-03-10,21.4103,21.4103,21.3443,21.3443,1437.004754325
2017-03-13,21.3443,21.3443,21.3443,21.3443,499.603803475
2017-03-15,21.3443,21.3443,21.3443,21.3443,475.91125197
2017-03-17,21.4239,21.4326,21.3045,21.3045,5351.426307325
2017-03-21,21.3162,21.3162,21.3162,21.3162,643.819334375
2017-03-22,21.3443,21.5579,21.3443,21.552,2300.237717855
2017-03-28,21.3919,21.5433,21.3686,21.5433,2099.36608553
2017-03-30,21.3501,21.5278,21.3501,21.3744,6389.778129805
2017-03-31,21.6074,21.6074,21.6074,21.6074,250.316957205
2017-04-04,21.3598,21.3598,21.3598,21.3598,124.643423135
2017-04-06,21.6151,21.6151,21.3598,21.3598,2011.806656055
2017-04-07,21.4239,21.4239,21.4239,21.4239,250.316957205
2017-04-10,21.4394,21.7035,21.4394,21.7035,1061.01426305
2017-04-11,21.4967,21.5453,21.4967,21.5453,1004.358161625
2017-04-12,21.3919,21.8967,21.3919,21.8452,5202.06022175
2017-04-13,21.62,21.62,21.5511,21.5511,1144.453248785
2017-04-18,21.7404,21.7404,21.7404,21.7404,124.643423135
2017-04-19,21.787,21.787,21.619,21.619,1498.811410425
2017-04-20,21.6802,21.7569,21.552,21.5686,1623.45483356
2017-04-21,21.8258,21.8258,21.8258,21.8258,367.749603795
2017-04-24,21.552,21.552,21.5433,21.5433,499.603803475
2017-04-25,21.5433,21.5831,21.5433,21.5831,425.435816155
2017-04-27,21.5918,21.7258,21.5918,21.6239,5502.85261477
2017-04-28,21.6239,21.6627,21.6239,21.6627,377.02060221
2017-05-01,21.6239,21.6239,21.5433,21.5433,7393.106180495
2017-05-03,21.5977,21.5977,21.5831,21.5831,2968.77971467
2017-05-04,21.5831,21.5831,21.5433,21.5433,1560.618066525
2017-05-05,21.6074,21.6074,21.5433,21.5433,719.01743263
2017-05-10,21.6239,21.6239,21.6151,21.6239,874.564183815
2017-05-15,21.8996,21.8996,21.8996,21.8996,623.217115675
2017-05-16,21.8277,21.8277,21.8277,21.8277,499.603803475
2017-05-18,21.552,21.552,21.552,21.552,748.890649745
2017-05-19,21.7928,21.7928,21.5831,21.6588,5311.25198086
2017-05-22,21.6918,21.6918,21.5831,21.6006,1806.81457999
2017-05-23,21.6006,21.7433,21.6006,21.7433,3120.206022115
2017-05-24,21.6239,21.7705,21.6239,21.6239,3624.960380265
2017-05-25,21.7035,21.9035,21.6394,21.9035,3029.556259835
2017-05-26,21.6239,21.6239,21.6239,21.6239,699.445324865
2017-05-30,21.6715,21.6715,21.6637,21.6637,1365.92709981
2017-05-31,21.7569,21.7569,21.7569,21.7569,374.96038034
2017-06-06,21.7918,21.7918,21.6637,21.7355,2834.86529312
2017-06-07,21.7685,21.7685,21.7433,21.7433,748.890649745
2017-06-08,21.7841,21.7841,21.7841,21.7841,124.643423135
2017-06-09,21.7646,21.7646,21.7433,21.7433,748.890649745
2017-06-12,21.752,21.752,21.752,21.752,344.05705229
2017-06-14,22.0238,22.0238,22.0132,22.0132,499.603803475
2017-06-15,21.9549,21.9549,21.9549,21.9549,971.394611705
2017-06-16,21.9588,21.9588,21.9588,21.9588,377.02060221
2017-06-20,22.6471,22.6471,22.4219,22.4219,996.117274145
2017-06-21,22.385,22.385,22.1015,22.1015,606.735340715
2017-06-22,22.4248,22.4248,22.4248,22.4248,476.941362905
2017-06-26,22.5471,22.5655,22.5471,22.5655,563.470681445
2017-06-28,22.5655,22.5655,22.5655,22.5655,246.196513465
2017-06-30,22.5655,22.5655,22.5558,22.5558,1430.824088715
2017-07-05,22.3927,22.3927,22.3597,22.3821,788.034865275
2017-07-10,22.5655,22.5655,22.5655,22.5655,243.10618066
2017-07-13,22.6471,22.6471,22.6044,22.6044,1864.50079235
2017-07-14,22.385,22.385,22.385,22.385,243.10618066
2017-07-18,22.4248,22.4248,22.4248,22.4248,121.55309033
2017-07-19,22.4248,22.5053,22.385,22.4422,7421.949286675
2017-07-20,22.4422,22.5024,22.4422,22.4995,4818.85895393
2017-07-21,22.482,22.482,22.4374,22.4422,2207.527733705
2017-07-24,22.4675,22.5005,22.1539,22.5005,4004.041204345
2017-07-25,22.1539,22.1539,22.1539,22.1539,462.519809815
2017-07-26,22.1539,22.2559,22.1539,22.2559,485.182250385
2017-07-27,22.2355,22.2355,22.2355,22.2355,153.486529315
2017-07-28,22.3859,22.3859,22.2772,22.2772,2998.652931785
2017-07-31,22.2355,22.3112,22.2355,22.2772,2064.34231374
2017-08-02,22.4422,22.4529,22.4422,22.4529,729.31854198
2017-08-03,22.5005,22.5238,22.5005,22.5238,481.061806645
2017-08-04,22.5238,22.6471,22.5238,22.6471,363.629160055
2017-08-07,22.5655,22.6471,22.5655,22.6471,2640.174326405
2017-08-08,22.5238,22.6471,22.5199,22.549,1446.27575274
2017-08-09,22.549,22.549,22.449,22.4617,2263.153724195
2017-08-10,22.4578,22.4578,22.3267,22.3267,723.13787637
2017-08-11,22.4422,22.6199,22.4422,22.6199,849.841521375
2017-08-14,22.4422,22.549,22.4422,22.485,3886.608557755
2017-08-15,22.5209,22.5209,22.4578,22.4879,4196.67194919
2017-08-16,22.549,22.8373,22.5238,22.5238,1099.128367645
2017-08-17,23.0344,23.0344,22.5073,22.8529,2363.07448489
2017-08-18,22.7073,23.0422,22.6772,22.8587,3124.326465855
2017-08-21,22.8946,22.8946,22.8111,22.8111,701.505546735
2017-08-22,22.482,23.2655,22.482,22.8946,14578.12995212
2017-08-25,23.347,23.347,22.9441,22.9859,3358.1616481
2017-08-28,22.8946,23.0597,22.5655,22.5655,8507.686212165
2017-08-29,23.0344,23.0597,22.6636,23.0597,1400.9508716
2017-08-30,22.9354,22.9354,22.9354,22.9354,1883.04278918
2017-08-31,22.9859,23.0082,22.9859,22.9936,1381.378763835
2017-09-01,22.9354,22.9354,22.9354,22.9354,121.55309033
2017-09-05,23.0597,23.0597,22.6471,22.6471,971.394611705
2017-09-07,22.8111,23.0597,22.6471,23.0597,18395.72107723
2017-09-08,22.8946,22.95,22.8946,22.9441,1497.78129949
2017-09-11,23.0597,23.1257,22.7675,22.8529,6643.185419815
2017-09-12,22.7733,22.9616,22.5976,22.5976,6441.283676555
2017-09-13,22.7306,22.7306,22.6471,22.6471,1360.776545135
2017-09-15,22.8111,22.8111,22.8111,22.8111,543.89857368
2017-09-21,22.8111,23.0597,22.8111,23.0597,1268.066560985
2017-09-22,22.8111,22.8111,22.8111,22.8111,606.735340715
2017-09-26,22.5403,22.7869,22.5403,22.6238,1837.71790804
2017-09-27,22.8111,22.8111,22.8111,22.8111,971.394611705
2017-09-28,22.8111,22.8111,22.549,22.549,4710.697305755
2017-09-29,22.8111,22.8111,22.5976,22.6645,2308.478605335
2017-10-02,22.8529,22.8529,22.8529,22.8529,243.10618066
2017-10-03,22.8529,22.8529,22.8529,22.8529,243.10618066
2017-10-04,22.8111,22.8111,22.5976,22.7733,3978.28843097
2017-10-09,22.5743,22.6189,22.5655,22.5898,1189.778129925
2017-10-11,22.7306,22.7393,22.7306,22.7306,485.182250385
2017-10-12,22.9354,22.9354,22.849,22.8946,1414.342313755
2017-10-16,22.9024,22.9276,22.9024,22.9276,541.83835181
2017-10-17,23.1325,23.1325,22.7781,23.0597,1900.554675075
2017-10-18,22.8946,22.8946,22.8946,22.8946,121.55309033
2017-10-19,22.7966,22.7966,22.7733,22.7742,1540.015847825
2017-10-23,22.7742,22.8946,22.7742,22.8946,1389.619651315
2017-10-24,23.1169,23.1839,23.1169,23.1839,243.10618066
2017-10-31,23.1839,23.1839,22.8626,22.8655,1767.67036446
2017-11-02,23.1587,23.2237,23.1587,23.2237,3111.965134635
2017-11-06,23.2169,23.2237,23.2169,23.2237,517.11568937
2017-11-07,23.2655,23.2655,23.2655,23.2655,930.190174305
2017-11-08,23.0674,23.2655,23.0674,23.2655,1090.887480165
2017-11-09,23.2655,23.2655,23.0839,23.0839,1561.64817746
2017-11-10,23.0839,23.0839,22.8946,22.8946,4858.00316946
2017-11-13,22.8946,22.9131,22.8946,22.8946,1310.30110932
2017-11-14,23.3062,23.3062,23.0004,23.0927,2069.492868415
2017-11-15,23.0936,23.0936,23.0936,23.0936,217.353407285
2017-11-16,23.0597,23.0597,23.0597,23.0597,606.735340715
2017-11-20,23.2499,23.2655,23.2169,23.2655,2964.65927093
2017-11-21,23.3062,23.347,23.3062,23.347,1499.84152136
2017-11-22,23.4722,23.4722,23.4722,23.4722,121.55309033
2017-11-28,23.5625,23.5625,23.512,23.512,394.532488105
2017-11-29,23.3994,23.3994,23.3062,23.3062,731.37876385
2017-11-30,23.3062,23.3315,23.3062,23.3062,2389.8573692
2017-12-01,23.3062,23.3062,23.3062,23.3062,462.519809815
2017-12-05,23.6509,23.6509,23.6509,23.6509,141.125198095
2017-12-06,23.413,23.4955,23.1422,23.1422,4145.16640244
2017-12-07,23.48,23.48,23.48,23.48,125.67353407
2017-12-11,23.8101,23.8101,23.2324,23.2655,1177.416798705
2017-12-12,23.1839,23.2655,23.1422,23.2509,2306.418383465
2017-12-13,23.2655,23.2655,23.2655,23.2655,1215.5309033
2017-12-14,23.2703,23.314,23.2655,23.314,1337.08399363
2017-12-19,23.1907,23.1907,23.1907,23.1907,243.10618066
2017-12-20,22.98,23.2761,22.98,23.2761,1034.23137874
2017-12-21,23.0645,23.6984,23.0645,23.6984,2622.66244051
2017-12-22,23.6984,23.6984,23.6984,23.6984,463.54992075
2017-12-26,23.4082,23.4082,23.4082,23.4082,237.955625985
2017-12-27,23.4538,23.4538,23.445,23.445,472.820919165
2018-01-03,23.445,23.445,23.445,23.445,235.895404115
2018-01-04,23.445,23.445,23.445,23.445,285.340728995
2018-01-05,23.7771,23.7771,23.7771,23.7771,177.17908082
2018-01-10,23.7081,23.7479,23.6984,23.6984,3258.240887405
2018-01-11,23.6984,23.7314,23.4111,23.4577,1460.69730583
2018-01-12,23.6567,23.6567,23.4373,23.6149,3680.586370755
2018-01-16,23.6149,23.6984,23.6149,23.6984,1190.80824086
2018-01-17,23.4538,23.4538,23.4538,23.4538,1666.71949283
2018-01-18,23.6149,23.6149,23.6149,23.6149,589.22345482
2018-01-22,23.8343,23.8343,23.8343,23.8343,264.738510295
2018-01-24,23.6062,23.7266,23.5722,23.6149,1099.128367645
2018-01-25,23.6062,23.6916,23.5635,23.6188,1580.19017429
2018-01-26,23.6052,23.6052,23.6052,23.6052,235.895404115
2018-01-29,23.5732,23.5916,23.3179,23.3179,2874.00950865
2018-01-30,23.3703,23.5295,23.3703,23.5295,1181.537242445
2018-01-31,23.5295,23.5295,23.5208,23.5295,1639.93660852
2018-02-01,23.3091,23.3179,23.2839,23.2839,1365.92709981
2018-02-02,23.2761,23.3091,23.2761,23.2761,974.48494451
2018-02-05,22.6917,23.6567,22.6917,23.611,6649.366085425
2018-02-06,23.5295,23.645,23.3519,23.645,15.451664025
2018-02-08,23.5295,23.5606,23.4188,23.4538,10066.24405682
2018-02-09,23.4373,23.5712,23.1062,23.2227,4141.0459587
2018-02-12,23.0645,23.445,23.0645,23.0645,8707.527733555
2018-02-13,23.0645,23.1956,23.0645,23.1956,1286.608557815
2018-02-14,23.2159,23.2761,22.8519,23.1616,2310.538827205
2018-02-16,23.2082,23.2082,23.1907,23.1907,871.47385101
2018-02-21,23.2043,23.2043,23.2043,23.2043,245.16640253
2018-02-22,23.3965,23.3965,23.3965,23.3965,235.895404115
2018-02-23,23.2839,23.2839,23.2839,23.2839,2208.55784464
2018-02-26,23.115,23.115,23.0567,23.0723,2056.10142626
2018-02-27,22.9121,22.9742,22.9121,22.9577,977.575277315
2018-02-28,23.115,23.115,23.115,23.115,118.462757525
2018-03-01,22.9034,22.9577,22.8946,22.9402,945.64183833
2018-03-02,22.8694,22.8694,22.8519,22.8519,1196.98890647
2018-03-05,22.8616,22.8694,22.8519,22.8694,1323.692551475
2018-03-06,22.6422,22.7024,22.6422,22.7024,1654.35816161
2018-03-07,22.6597,22.6597,22.5141,22.5587,738.589540395
2018-03-08,22.4296,22.75,22.4296,22.5985,8041.04595861
2018-03-09,22.5985,22.7432,22.5976,22.5976,1702.773375555
2018-03-12,23.7664,23.7664,23.1402,23.1402,708.71632328
2018-03-13,23.115,23.115,22.6937,23.0645,1423.61331217
2018-03-14,23.0723,23.0723,23.0723,23.0723,118.462757525
2018-03-15,22.8179,22.8519,22.8102,22.8519,2210.61806651
2018-03-16,22.8694,23.2227,22.5908,23.115,7527.020602045
2018-03-19,23.115,23.2713,22.615,22.615,3450.87163225
2018-03-20,22.9335,22.9335,22.8519,22.8519,1595.641838315
2018-03-21,23.2761,23.3179,22.983,23.1703,1290.729001555
2018-03-22,23.1645,23.1645,22.9461,23.081,2363.07448489
2018-03-23,23.2596,23.2596,23.0645,23.2596,2598.969889005
2018-03-26,22.9034,22.947,22.9034,22.947,354.35816164
2018-03-29,23.3179,23.6732,23.1956,23.581,1942.78922341
2018-04-02,23.6062,23.6062,23.6062,23.6062,695.324881125
2018-04-03,23.1412,23.6353,23.1412,23.5382,1761.48969885
2018-04-04,23.0752,23.0752,23.0752,23.0752,230.74484944
2018-04-05,23.1985,23.3179,23.0383,23.3179,1308.24088745
2018-04-06,23.0305,23.149,23.0228,23.0228,3042.94770199
2018-04-10,23.2761,23.2761,23.1985,23.2596,909.587955605
2018-04-13,23.3761,23.3761,23.3761,23.3761,127.73375594
2018-04-16,23.3606,23.3606,22.9364,22.983,1320.60221867
2018-04-19,23.0985,23.2344,23.0305,23.0305,1492.630744815
2018-04-20,22.9888,22.9888,22.9888,22.9888,235.895404115
2018-04-23,23.2334,23.2334,22.9888,23.0228,1011.56893817
2018-04-25,23.1985,23.445,23.0228,23.4198,2215.768621185
2018-04-26,23.1062,23.3606,23.1062,23.3431,827.179080805
2018-04-27,23.0344,23.0344,23.0344,23.0344,295.641838345
2018-04-30,23.7081,23.7081,23.4198,23.4198,827.179080805
2018-05-01,23.7567,23.7567,23.0645,23.3179,1682.171156855
2018-05-02,23.1907,23.3946,23.1907,23.2334,1001.26782882
2018-05-03,23.4295,23.4295,23.4295,23.4295,2363.07448489
2018-05-04,23.1907,23.2363,23.1062,23.1528,710.77654515
2018-05-08,23.0985,23.2179,23.0985,23.2179,472.820919165
2018-05-10,23.0043,23.0043,22.9364,22.9364,1023.93026939
2018-05-11,22.98,23.2674,22.8946,23.2596,2316.719492815
2018-05-14,22.9364,23.1325,22.9364,23.1325,800.396196495
2018-05-15,23.1839,23.1839,23.0907,23.0907,295.641838345
2018-05-16,23.0567,23.2169,23.0567,23.2169,738.589540395
2018-05-17,23.2373,23.4043,23.0713,23.0713,3497.226624325
2018-05-18,23.1839,23.1839,23.0305,23.0305,1342.234548305
2018-05-21,23.1791,23.2674,23.0723,23.1237,2321.87004749
2018-05-22,23.2596,23.2596,22.8859,22.8859,1064.104595855
2018-05-23,22.9548,22.9966,22.9548,22.9966,590.253565755
2018-05-24,23.1907,23.3286,22.9703,23.3286,4489.22345473
2018-05-25,23.3014,23.3014,23.2334,23.2596,987.876386665
2018-05-29,23.2509,23.2509,23.2509,23.2509,177.17908082
2018-05-30,23.4082,23.4082,23.0645,23.0645,3663.07448486
2018-05-31,23.1402,23.2742,23.1062,23.2742,1029.080824065
2018-06-04,23.4373,23.445,22.8781,22.8781,8354.19968285
2018-06-05,23.2334,23.3363,22.8781,23.3363,3189.22345476
2018-06-06,23.4033,23.9528,23.4033,23.9528,4407.844690865
2018-06-07,23.5295,23.5547,23.5295,23.5547,520.206022175
2018-06-08,23.9528,24.0877,23.9528,24.0877,908.55784467
2018-06-11,24.0877,24.0877,23.9955,24.0877,2149.841521345
2018-06-12,24.5459,24.5459,24.1226,24.5284,4337.797147285
2018-06-13,24.1236,24.1236,24.1226,24.1226,646.90966718
2018-06-18,24.774,25.1128,24.774,25.1128,2921.39461166
2018-06-19,24.709,24.7837,24.5915,24.5915,1495.72107762
2018-06-22,24.9565,24.9565,24.9565,24.9565,485.182250385
2018-06-25,24.0722,24.8701,24.0722,24.8701,1728.52614893
2018-06-26,24.7381,24.7381,24.7381,24.7381,196.751188585
2018-06-27,24.7837,24.9313,24.7837,24.9313,1123.851030085
2018-06-29,24.9216,24.9216,24.9216,24.9216,541.83835181
2018-07-03,24.6488,24.6605,24.3915,24.3915,1301.030110905
2018-07-05,23.8965,24.0091,23.6965,23.6965,1823.29635495
2018-07-06,24.1391,24.1391,24.1391,24.1391,336.846275745
2018-07-12,24.1314,24.1314,24.1314,24.1314,345.087163225
2018-07-18,24.1178,24.1178,23.6615,23.6615,3907.210776455
2018-07-19,23.7557,24.1314,23.4771,23.9576,10921.23613287
2018-07-23,23.5217,23.5217,23.5217,23.5217,158.63708399
2018-07-24,23.9275,23.9275,23.9275,23.9275,230.74484944
2018-07-26,23.878,24.278,23.6848,24.0178,1546.196513435
2018-07-30,24.0003,24.0003,24.0003,24.0003,397.62282091
2018-08-02,23.9829,23.9829,23.9829,23.9829,230.74484944
2018-08-03,23.9926,23.9926,23.9829,23.9829,345.087163225
2018-08-06,23.6538,23.6538,23.5878,23.5878,990.96671947
2018-08-08,23.846,23.8702,23.5402,23.7838,3863.946117185
2018-08-13,23.6392,23.6392,23.6392,23.6392,230.74484944
2018-08-15,23.91,23.91,23.4878,23.6518,3686.767036365
2018-08-17,23.5217,24.1663,23.514,24.1663,804.516640235
2018-08-21,23.9576,23.9576,23.5052,23.5052,2854.437400885
2018-08-22,23.679,23.6868,23.679,23.6868,554.19968303
2018-08-23,23.5654,23.6363,23.5654,23.6363,1069.25515053
2018-08-24,23.6363,23.6363,23.5052,23.5052,1071.3153724
2018-08-27,23.5382,23.5382,23.1305,23.479,5630.58637071
2018-08-28,23.4441,23.5916,23.4441,23.5654,2059.191759065
2018-08-29,23.6848,23.6848,23.6693,23.6703,1224.801901715
2018-08-30,23.6606,23.6606,23.6499,23.6499,629.397781285
2018-08-31,23.913,23.913,23.913,23.913,870.443740075
2018-09-04,24.0964,24.0964,23.9363,23.9363,1322.66244054
2018-09-06,23.5829,23.5829,23.5829,23.5829,572.74167986
2018-09-07,23.5217,23.5344,23.5217,23.5344,1151.66402533
2018-09-10,23.5654,23.7305,23.5654,23.6091,2947.147385035
2018-09-11,23.6363,23.7654,23.5217,23.6091,3385.974643345
2018-09-12,23.5402,23.5567,23.5217,23.5217,345.087163225
2018-09-13,23.5305,23.5654,23.5305,23.5654,460.459587945
2018-09-14,23.6178,23.6518,23.6178,23.6518,1552.377179045
2018-09-17,23.6703,23.8178,23.6441,23.6518,2366.164817695
2018-09-18,23.714,23.714,23.6741,23.6741,906.4976228
2018-09-21,23.6518,23.6518,23.6518,23.6518,640.72900157
2018-09-25,23.6518,23.6518,23.6518,23.6518,574.80190173
2018-09-26,23.6615,23.6615,23.6615,23.6615,115.37242472
2018-09-27,23.6615,23.6654,23.6518,23.6518,1665.689381895
2018-09-28,23.679,23.679,23.679,23.679,574.80190173
2018-10-01,23.679,23.679,23.5654,23.6586,2603.090332745
2018-10-04,23.5654,23.578,23.5654,23.578,402.773375585
2018-10-05,23.4994,23.4994,23.4994,23.4994,115.37242472
2018-10-08,23.4878,23.4878,23.4878,23.4878,402.773375585
2018-10-09,23.4955,23.5266,23.479,23.5101,3732.091917505
2018-10-10,23.4489,23.4489,23.4489,23.4489,296.67194928
2018-10-17,23.3917,23.3917,23.3917,23.3917,184.389857365
2018-10-26,23.3917,23.3917,23.3917,23.3917,460.459587945
2018-10-29,23.3917,23.3917,23.3917,23.3917,206.022187
2018-10-30,22.7665,22.7665,22.7665,22.7665,919.889064955
2018-10-31,23.113,23.113,23.113,23.113,230.74484944
2018-11-02,23.4353,23.479,23.415,23.415,1149.60380346
2018-11-07,23.4703,23.4703,23.4703,23.4703,115.37242472
2018-11-08,23.1994,23.1994,23.1917,23.1994,574.80190173
2018-11-09,22.9655,23.0266,22.8354,22.9179,2951.267828775
2018-11-12,22.914,22.914,22.914,22.914,268.858954035
2018-11-14,22.4704,22.914,22.4354,22.7665,5613.074484815
2018-11-15,22.4869,22.9111,22.4869,22.6966,4257.448494355
2018-11-16,22.7432,22.7432,22.4869,22.5966,2529.95245636
2018-11-19,22.6869,22.7053,22.4869,22.6781,3609.50871624
2018-11-26,22.5791,22.782,22.4966,22.7752,11846.2757525
2018-11-27,22.6005,22.6529,22.4869,22.4869,1149.60380346
2018-11-28,22.4869,22.6616,22.4869,22.6616,603.64500791
2018-11-29,22.65,22.65,22.65,22.65,1658.47860535
2018-11-30,22.3937,22.6092,22.3937,22.6005,1536.92551502
2018-12-03,22.6005,22.6005,22.6005,22.6005,115.37242472
2018-12-06,22.583,22.6053,22.583,22.6053,635.578446895
2018-12-07,22.5655,22.6092,22.5655,22.6092,1149.60380346
2018-12-10,22.4976,22.4976,22.4976,22.4976,186.450079235
2018-12-11,22.3675,22.6092,22.3675,22.6005,3536.370839855
2018-12-12,22.4354,22.5917,22.4354,22.5655,3221.156893745
2018-12-13,22.5655,22.5655,22.4092,22.4092,3052.218700405
2018-12-14,22.4354,22.4354,22.2394,22.2394,414.10459587
2018-12-17,22.0957,22.7568,22.0957,22.6403,4601.505546645
2018-12-18,22.6888,23.0043,22.6442,22.8412,3857.765451575
2018-12-20,23.016,23.016,22.7704,22.7704,558.32012677
2018-12-21,23.0655,23.2528,23.0655,23.2528,2244.611727365
2018-12-24,24.1751,24.1751,23.3781,23.3781,4742.63074474
2018-12-27,23.513,23.513,23.513,23.513,655.15055466
2019-01-03,23.0373,23.0373,23.0208,23.0208,558.32012677
2019-01-04,23.0208,23.0208,23.0208,23.0208,1.030110935
2019-01-07,23.1082,23.2431,23.1082,23.2431,502.69413628
2019-01-08,23.3256,23.3781,23.3256,23.3781,669.57210775
2019-01-09,23.246,23.246,22.9635,22.9635,893.106180645
2019-01-10,23.28,23.28,23.28,23.28,112.282091915
2019-01-11,23.4683,23.4683,23.0742,23.0742,2038.589540365
2019-01-14,23.2441,23.3557,23.1645,23.3557,2317.74960375
2019-01-15,23.1596,23.1596,23.1596,23.1596,112.282091915
2019-01-16,23.1985,23.1985,23.1985,23.1985,334.786053875
2019-01-17,23.0121,23.0121,23.0121,23.0121,301.822503955
2019-01-18,22.8529,23.1101,22.8529,23.1101,669.57210775
2019-01-28,22.8587,23.0655,22.8587,23.0635,5858.240887345
2019-01-29,23.1985,23.4683,23.0655,23.0655,8037.955625805
2019-01-30,23.4499,23.4499,23.014,23.2441,3973.137876295
2019-01-31,23.2897,23.4683,23.2897,23.4683,1021.87004752
2019-02-04,23.0014,23.4683,22.9665,23.4683,1005.38827256
2019-02-06,22.9936,23.4237,22.9936,23.4237,448.098256725
2019-02-07,23.2897,23.2897,23.2897,23.2897,676.782884295
2019-02-11,23.2897,23.2897,23.2897,23.2897,248.256735335
2019-02-12,23.2616,23.3062,23.2082,23.3062,781.854199665
2019-02-15,23.0655,23.3781,23.047,23.3781,854.99207605
2019-02-19,23.3781,23.4926,23.0208,23.3781,2156.022186955
2019-02-20,23.28,24.1848,23.2441,24.1848,2120.998415165
2019-02-21,23.281,23.7732,23.281,23.7732,1116.64025354
2019-02-22,23.6916,23.7732,23.6916,23.7732,669.57210775
2019-02-25,24.1751,24.1751,24.1751,24.1751,226.6244057
2019-02-26,23.8353,23.8353,23.7372,23.7372,524.326465915
2019-02-27,23.513,23.513,23.2344,23.4499,3656.89381925
2019-02-28,23.2334,23.513,23.2334,23.513,703.565768605
2019-03-04,23.2897,23.414,23.2441,23.3781,989.936608535
2019-03-05,23.4683,23.4683,23.4062,23.4683,669.57210775
2019-03-06,23.3781,23.513,23.3781,23.513,1637.87638665
2019-03-07,23.412,23.513,23.3917,23.513,1675.990491245
2019-03-08,23.0927,23.513,23.0927,23.513,646.90966718
2019-03-11,23.2897,24.1751,23.2849,24.1751,6784.31061791
2019-03-12,23.7275,23.7275,23.3781,23.513,1235.103011065
2019-03-13,23.3062,23.3062,23.3062,23.3062,335.81616481
2019-03-14,23.3062,23.3062,23.3062,23.3062,76.22820919
2019-03-15,23.3062,24.1129,23.3062,24.1129,245.16640253
2019-03-18,24.1314,24.1314,23.8761,23.8761,1005.38827256
2019-03-19,23.5577,24.1751,23.5577,24.1751,223.534072895
2019-03-21,23.5412,23.5412,23.5412,23.5412,562.44057051
2019-03-22,23.4955,23.4955,23.3781,23.3781,692.23454832
2019-03-25,23.5577,23.7538,23.4237,23.5577,5169.09667183
2019-03-26,23.3878,23.5577,23.3781,23.5577,2122.0285261
2019-03-27,23.5577,23.5577,23.5577,23.5577,1115.610142605
2019-03-28,23.5217,23.5217,23.5052,23.5217,1115.610142605
2019-03-29,23.5577,23.6052,23.513,23.513,2629.873217055
2019-04-01,23.5402,23.5577,23.5217,23.5217,5026.9413628
2019-04-02,23.5577,23.5577,23.4518,23.5577,2751.426307385
2019-04-03,23.3421,24.0227,23.3344,24.0227,1007.44849443
2019-04-11,23.7372,23.8392,23.7372,23.8392,1005.38827256
2019-04-16,23.7372,23.7392,23.7372,23.7392,358.47860538
2019-04-17,23.7392,23.7392,23.7392,23.7392,110.221870045
2019-04-18,23.7372,23.7372,23.7372,23.7372,685.023771775
2019-04-22,23.7819,23.7819,23.7819,23.7819,334.786053875
2019-04-23,23.7819,23.8411,23.7372,23.8411,1248.49445322
2019-04-25,23.7372,23.8848,23.7372,23.8848,1340.174326435
2019-04-26,24.0741,24.0741,24.0741,24.0741,2207.527733705
2019-05-06,24.1848,24.1848,24.1848,24.1848,446.038034855
2019-05-09,24.0955,24.0955,24.0955,24.0955,112.282091915
2019-05-10,24.2741,24.2741,24.2741,24.2741,848.81141044
2019-05-14,24.0955,24.1236,23.9615,24.0809,1697.62282088
2019-05-15,23.9702,23.9702,23.9615,23.9615,446.038034855
2019-05-16,23.9615,24.0955,23.9615,24.0955,1605.942947665
2019-05-17,24.0741,24.0741,24.0741,24.0741,223.534072895
2019-05-20,24.2391,24.2391,24.2391,24.2391,587.16323295
2019-05-21,24.0062,24.0062,24.0062,24.0062,446.038034855
2019-05-23,24.1353,24.1353,24.0139,24.0139,669.57210775
2019-05-28,24.0858,24.0858,24.0858,24.0858,2120.998415165
2019-05-29,24.1391,24.245,24.0955,24.1984,1557.52773372
2019-05-30,24.2537,24.2537,24.2537,24.2537,605.70522978
2019-05-31,24.1848,24.1848,24.1848,24.1848,112.282091915
2019-06-04,24.0955,24.8565,24.0955,24.3682,2753.486529255
2019-06-10,24.0955,24.0955,24.0955,24.0955,279.160063385
2019-06-11,24.0955,24.0955,24.0955,24.0955,23.692551505
2019-06-12,24.3644,24.3644,24.3187,24.3187,558.32012677
2019-06-17,24.674,24.674,24.674,24.674,223.534072895
2019-06-18,24.079,24.8255,24.079,24.6867,1815.05546747
2019-06-19,24.6886,24.6886,24.6867,24.6867,3526.069730505
2019-06-20,25.5157,25.5157,24.7488,24.7488,2492.8684627
2019-06-21,24.5022,24.5944,24.4381,24.5731,26982.72583139
2019-06-24,25.5157,25.5157,24.641,24.8711,2569.09667189
2019-06-25,24.9954,24.9954,24.9536,24.9536,425.435816155
2019-06-26,24.9653,25.009,24.8993,24.8993,2024.167987275
2019-06-27,25.1012,25.1012,24.9594,25.1012,1687.32171153
2019-06-28,25.24,25.24,25.24,25.24,271.94928684
2019-07-01,25.24,25.24,25.24,25.24,336.846275745
2019-07-02,25.4458,25.571,25.042,25.5468,2080.8240887
2019-07-09,25.3633,25.7361,25.3633,25.7283,438.82725831
2019-07-10,25.3021,25.3021,25.3021,25.3021,109.19175911
2019-07-12,25.3041,25.3478,25.3041,25.3478,434.70681457
2019-07-15,25.3982,25.3982,25.3982,25.3982,233.835182245
2019-07-16,25.3041,25.3041,25.3041,25.3041,271.94928684
2019-07-22,25.3313,25.3313,25.3313,25.3313,235.895404115
2019-07-23,25.3313,25.3313,25.3313,25.3313,1.030110935
2019-07-24,25.3041,25.305,25.1585,25.1585,662.361331205
2019-07-25,25.2982,25.2982,25.2031,25.2031,221.473851025
2019-07-26,25.2031,25.2342,25.0556,25.1051,1490.570522945
2019-07-29,25.5613,25.5613,25.5613,25.5613,341.99683042
2019-07-31,25.5613,25.5613,25.1109,25.2604,1008.478605365
2019-08-01,25.1381,25.3002,25.1381,25.3002,706.65610141
2019-08-05,25.4332,25.6089,25.3313,25.3313,1954.120443695
2019-08-08,25.0643,25.0643,25.0643,25.0643,129.79397781
2019-08-09,25.2478,25.3749,25.2478,25.3749,271.94928684
2019-08-14,25.6031,25.7924,25.4147,25.4147,534.627575265
2019-08-15,25.1099,25.1196,25.1012,25.1022,2944.05705223
2019-08-16,25.4332,25.64,25.341,25.3478,5858.240887345
2019-08-19,25.372,25.372,25.372,25.372,216.32329635
2019-08-22,25.3313,25.3313,25.3313,25.3313,325.51505546
2019-08-23,25.5293,25.5293,25.5293,25.5293,488.27258319
2019-08-26,25.3778,25.3778,25.1012,25.1012,1519.413629125
2019-08-27,25.3681,25.8244,25.3681,25.4235,897.226624385
2019-08-28,25.5332,25.5332,25.4235,25.4235,1411.25198095
2019-08-29,26.1681,26.1768,25.4332,25.4332,1008.478605365
2019-08-30,25.1012,25.1012,25.1012,25.1012,113.31220285
2019-09-03,26.1768,26.1768,25.5157,25.5157,303.882725825
2019-09-04,25.6545,25.6545,25.6545,25.6545,109.19175911
2019-09-05,25.5157,25.7924,25.5157,25.5157,473.8510301
2019-09-06,25.5341,25.5341,25.5341,25.5341,109.19175911
2019-09-09,25.5613,26.335,25.5613,25.571,3201.58478598
2019-09-10,25.5613,25.5613,25.5613,25.5613,152.45641838
2019-09-11,25.5613,25.5613,25.5613,25.5613,109.19175911
2019-09-12,26.335,26.335,26.335,26.335,382.171156885
2019-09-13,26.335,26.335,26.335,26.335,369.809825665
2019-09-17,26.2147,26.2147,26.2147,26.2147,1545.1664025
2019-09-19,26.335,26.335,25.8147,25.8147,6492.789223305
2019-09-20,25.9302,25.9302,25.9302,25.9302,364.65927099
2019-09-23,25.9875,25.9875,25.9875,25.9875,216.32329635
2019-09-25,25.8021,26.0127,25.5157,26.0127,1470.99841518
2019-09-26,26.1079,26.335,26.1079,26.2341,2388.827258265
2019-09-27,25.9768,26.0836,25.9758,25.9758,546.988906485
2019-10-01,26.1875,26.1875,26.1875,26.1875,320.364500785
2019-10-02,26.1613,26.2894,26.1613,26.2894,977.575277315
2019-10-08,26.5748,26.5748,26.5748,26.5748,433.676703635
2019-10-09,26.2632,26.2632,26.2632,26.2632,435.736925505
2019-10-11,25.9758,25.9758,25.8885,25.8885,3613.62915998
2019-10-14,25.7924,26.0224,25.6914,25.9885,3192.313787565
2019-10-15,25.773,26.004,25.6079,25.9225,5184.548335855
2019-10-16,26.1865,26.1865,25.9671,26.0642,2562.91600628
2019-10-17,25.7924,25.7924,25.7924,25.7924,760.22187003
2019-10-18,26.069,26.069,26.069,26.069,377.02060221
2019-10-21,26.3263,26.335,26.3263,26.335,491.362915995
2019-10-23,25.8467,25.8467,25.77,25.77,1658.47860535
2019-10-24,26.004,26.004,25.672,25.672,760.22187003
2019-10-28,25.8108,25.8875,25.8108,25.8875,529.47702059
2019-10-29,25.8749,25.8749,25.8749,25.8749,868.383518205
2019-10-30,25.9593,25.9788,25.903,25.903,542.868462745
2019-11-01,25.903,26.0593,25.903,26.0118,2822.5039619
2019-11-04,25.7924,25.8021,25.7827,25.7827,1698.652931815
2019-11-05,25.8021,26.6214,25.7671,26.4476,3579.635499125
2019-11-06,25.9399,25.9399,25.9399,25.9399,197.78129952
2019-11-07,25.9856,26.0914,25.905,26.0914,1085.73692549
2019-11-08,26.6214,26.6214,26.6214,26.6214,1085.73692549
2019-11-11,26.0807,26.0807,26.0807,26.0807,434.70681457
2019-11-12,26.1137,26.1137,26.1137,26.1137,325.51505546
2019-11-13,25.7924,26.135,25.7924,26.135,868.383518205
2019-11-14,26.1554,26.2525,26.1554,26.1603,2157.05229789
2019-11-15,25.8846,26.0059,25.8661,25.8661,2715.37242466
2019-11-18,26.0962,26.0962,26.0962,26.0962,123.6133122
2019-11-19,25.9758,25.9758,25.9758,25.9758,2397.068145745
2019-11-20,26.1137,26.1137,26.1137,26.1137,164.8177496
2019-11-21,25.9118,26.6214,25.9118,26.6214,1182.56735338
2019-11-22,25.9856,26.1516,25.9758,26.1069,2404.27892229
2019-11-25,26.4476,26.4476,26.0283,26.0904,863.23296353
2019-11-26,25.9982,25.9982,25.9982,25.9982,262.678288425
2019-11-27,26.0875,26.0875,26.0875,26.0875,283.280507125
2019-11-29,26.1137,26.2525,26.1137,26.2525,325.51505546
2019-12-03,25.8846,26.1603,25.8846,26.1428,1546.196513435
2019-12-04,25.9603,25.9603,25.9603,25.9603,291.521394605
2019-12-05,25.8933,26.2564,25.8933,26.2564,2269.334389805
2019-12-10,26.6214,26.6214,26.6214,26.6214,216.32329635
2019-12-11,26.8884,27.0495,26.2525,26.2525,16726.94136253
2019-12-12,26.4554,26.4894,25.9758,26.0496,15658.716322935
2019-12-13,26.6214,26.6214,25.8564,25.9399,5864.421552955
2019-12-16,25.9487,26.1603,25.9399,26.1603,1910.855784425
2019-12-17,26.1972,26.5573,25.9758,26.2525,5344.21553078
2019-12-18,25.9652,27.0204,25.937,27.0204,5728.446909535
2019-12-20,26.4952,26.5525,26.4952,26.4952,2088.034865245
2019-12-23,27.101,27.101,26.4952,26.5049,842.63074483
2019-12-24,26.6845,26.7796,26.6845,26.6845,2005.625990445
2019-12-26,26.5049,27.101,26.5049,26.5049,3340.649762205
2019-12-27,26.5428,26.867,26.5428,26.5428,3344.770205945
2019-12-30,26.768,27.032,26.5331,27.032,1329.873217085
2019-12-31,26.5331,26.6661,26.5331,26.6661,263.70839936
2020-01-03,26.9214,26.9214,26.5612,26.6369,1269.09667192
2020-01-06,26.6437,26.767,26.6088,26.767,857.05229792
2020-01-09,26.7389,26.7796,26.6835,26.7796,4300.713153625
2020-01-10,26.5991,26.8738,26.5991,26.7932,2507.29001579
2020-01-13,26.5573,26.5573,26.5573,26.5573,211.172741675
2020-01-15,27.0825,27.101,27.0728,27.101,523.29635498
2020-01-16,27.101,27.101,27.101,27.101,345.087163225
2020-01-17,26.9777,26.9777,26.9777,26.9777,557.290015835
2020-01-21,26.6185,26.9786,26.6185,26.6942,3301.505546675
2020-01-22,26.7486,26.7486,26.7486,26.7486,204.992076065
2020-01-23,26.902,26.9214,26.902,26.9214,792.155309015
2020-01-24,26.9214,27.068,26.9214,27.068,420.28526148
2020-01-27,26.9592,27.0126,26.7321,26.7321,16254.120443365
2020-01-28,27.2048,27.2048,27.2048,27.2048,158.63708399
2020-01-29,26.7127,26.7816,26.7127,26.7816,213.232963545
2020-01-31,27.1388,28.0659,27.1388,28.0659,7399.286846105
2020-02-03,27.9242,27.9242,27.9193,27.9242,2364.104595825
2020-02-04,28.2649,28.2843,28.1892,28.2125,63029.397779845
2020-02-05,28.0378,28.3688,27.432,28.3688,17627.25831972
2020-02-06,28.3688,28.3882,28.3688,28.3882,6446.43423123
2020-02-07,28.3785,28.3882,27.7883,27.7883,2005.625990445
2020-02-10,27.7824,27.9096,27.7824,27.7824,739.61965133
2020-02-11,27.7727,29.0124,27.7727,28.0853,3664.104595795
2020-02-12,27.4223,29.9395,27.167,28.2086,35879.793976985
2020-02-13,28.6911,28.861,28.3591,28.3591,5965.372424585
2020-02-14,28.3882,28.3882,28.3882,28.3882,111.25198098
2020-02-18,28.0329,28.0329,27.5931,27.5931,2060.22187
2020-02-19,27.498,28.0096,27.4524,28.0096,2717.43264653
2020-02-20,27.6592,28.4212,27.6592,28.0096,882.805071295
2020-02-21,27.5553,27.6553,27.5553,27.6446,1188.74801899
2020-02-24,27.4417,27.4417,27.3,27.3534,2063.312202805
2020-02-25,27.3543,27.4417,27.3466,27.3466,4224.484944435
2020-02-26,27.3514,27.4514,27.3514,27.4417,5483.280507005
2020-02-27,27.4417,27.4417,27.4417,27.4417,422.34548335
2020-02-28,27.2903,27.4417,27.2145,27.4417,1457.606973025
2020-03-02,27.4417,27.9145,27.4417,27.8863,1420.522979365
2020-03-03,27.4417,27.962,27.3097,27.4485,5642.94770193
2020-03-04,27.9339,28.4824,27.5834,27.6388,948.732171135
2020-03-05,27.4699,27.4699,27.4601,27.4601,528.446909655
2020-03-06,27.4893,28.2843,27.4601,27.4601,3059.42947695
2020-03-09,27.2048,27.2048,26.5428,26.8437,2364.104595825
2020-03-12,26.9689,27.0592,26.8505,26.9689,4355.30903318
2020-03-13,26.9689,27.3699,26.9689,27.3699,3699.128367585
2020-03-16,26.9689,27.6786,26.9689,27.0495,8382.012678095
2020-03-17,26.7321,26.9777,26.5428,26.9777,4290.412044275
2020-03-18,26.4952,26.5777,22.7102,24.1294,15646.354991715
2020-03-19,24.2246,24.2246,24.1294,24.1294,1099.128367645
2020-03-20,24.3663,25.3924,24.3663,25.3924,1726.46592706
2020-03-23,23.6188,24.277,22.4549,24.277,5141.283676585
2020-03-24,22.8364,24.3187,20.7133,23.6567,8116.244056865
2020-03-25,23.7042,24.3284,23.4198,24.3284,430.58637083
2020-03-26,24.3284,25.2177,23.6751,23.6848,5396.751188465
2020-03-27,23.7984,24.2246,23.7984,23.846,2905.942947635
2020-03-30,24.1391,24.1391,24.1294,24.1294,2583.51822498
2020-03-31,24.1207,24.1294,23.1839,23.9401,5128.922345365
2020-04-01,23.9498,23.9498,23.9401,23.9401,1796.51347064
2020-04-02,24.8866,24.8866,23.7042,23.9401,2009.746434185
2020-04-03,24.0353,24.0353,24.0353,24.0353,1127.971473825
2020-04-06,22.947,24.0353,22.8335,24.0353,1811.965134665
2020-04-07,24.6973,24.6973,23.2975,23.547,5864.421552955
2020-04-08,23.5615,24.3663,23.2305,23.7042,14294.849444995
2020-04-09,23.713,24.1294,23.5615,24.1294,10704.91283652
2020-04-13,24.2246,24.3187,23.4198,23.547,2586.608557785
2020-04-14,23.8363,24.0828,23.5868,23.5868,5853.09033267
2020-04-15,23.8935,23.8935,23.4887,23.8935,3905.150554585
2020-04-16,23.7984,23.7984,23.6567,23.6567,634.54833596
2020-04-17,24.1294,24.1857,23.3732,23.7227,17590.17432606
2020-04-20,23.713,23.846,23.2781,23.7984,21232.64659222
2020-04-21,23.5712,23.5712,23.5615,23.5615,878.684627555
2020-04-22,24.0256,25.0478,24.0256,24.6032,6480.427892085
2020-04-27,24.6032,25.4662,24.6032,25.4662,13323.45483329
2020-04-28,24.7449,24.7449,24.7449,24.7449,106.101426305
2020-04-29,24.8391,24.8391,24.8391,24.8391,422.34548335
2020-04-30,24.8866,24.8866,24.8866,24.8866,212.20285261
2020-05-01,24.9439,24.9439,24.9342,24.9342,1236.133122
2020-05-06,26.6369,26.6369,26.6369,26.6369,212.20285261
2020-05-11,25.407,25.5487,25.0856,25.5487,1269.09667192
2020-05-14,26.268,26.268,26.1428,26.2273,422.34548335
2020-05-18,25.5487,26.4476,25.5487,26.4476,1185.657686185
2020-05-20,26.3059,26.4952,26.3059,26.3059,781.854199665
2020-05-21,26.3438,26.3438,26.3438,26.3438,106.101426305
2020-05-26,26.3438,26.3438,26.3438,26.3438,791.12519808
2020-05-27,26.2972,26.2972,25.805,25.805,873.53407288
2020-05-28,26.8175,26.8175,26.8175,26.8175,107.13153724
2020-05-29,26.6369,26.6369,26.4952,26.6369,1374.16798729
2020-06-01,26.6845,26.7127,26.5903,26.7127,6584.46909652
2020-06-02,26.7224,26.7321,26.6185,26.7282,4831.22028515
2020-06-03,26.5379,26.5379,26.0224,26.0409,2575.2773375
2020-06-08,26.268,27.1107,26.2593,26.7699,25785.73692492
2020-06-09,26.4952,27.2427,26.4952,27.2427,530.507131525
2020-06-10,27.3378,27.3378,27.3378,27.3378,157.606973055
2020-06-11,26.9874,26.9874,26.5049,26.5049,2511.41045953
2020-06-15,26.6748,26.7127,26.5903,26.5903,1908.795562555
2020-06-16,27.3184,27.3184,27.3184,27.3184,396.592709975
2020-06-17,27.3378,28.3591,27.3378,28.3591,514.025356565
2020-06-18,28.1523,28.1523,28.1523,28.1523,365.689381925
2020-06-19,28.1523,28.1523,27.2689,28.0067,2190.01584781
2020-06-23,28.1523,28.1523,27.3272,27.7397,4273.930269315
2020-06-24,27.3272,27.3272,27.3272,27.3272,269.88906497
2020-06-30,27.5213,27.5213,27.3369,27.5213,556.2599049
2020-07-02,27.3272,27.3272,27.3272,27.3272,1112.5198098
2020-07-06,27.3272,27.3757,27.3272,27.3757,370.8399366
2020-07-07,27.6184,27.6184,27.6184,27.6184,103.0110935
2020-07-10,27.3757,27.3757,27.3272,27.3757,3038.82725825
2020-07-14,27.4922,27.7155,27.4922,27.7155,206.022187
2020-07-17,27.6669,27.6815,27.6669,27.6815,1031.141045935
2020-07-23,27.4242,27.4268,27.4242,27.4268,669.57210775
2020-07-27,27.7451,27.7451,27.7451,27.7451,1028.05071313
2020-07-28,27.7106,27.7106,27.7106,27.7106,103.0110935
2020-07-31,27.5213,27.8514,27.5213,27.8514,2165.29318537
2020-08-05,27.7689,27.9484,27.5796,27.9193,7690.80824071
2020-08-06,27.9484,28.1523,27.9096,28.1523,2631.933438925
2020-08-10,28.1426,28.1426,27.6281,27.6281,345.087163225
2020-08-11,28.1426,28.1523,28.1038,28.1523,846.75118857
2020-08-12,27.6669,27.6669,27.6184,27.6572,2187.95562594
2020-08-13,27.7446,28.0098,27.7252,27.7252,619.096671935
2020-08-17,28.1523,28.1523,28.1523,28.1523,197.78129952
2020-08-18,27.7252,27.9436,27.7155,27.7252,8839.381933235
2020-08-19,27.8514,27.8514,27.7349,27.8125,1175.356576835
2020-08-20,27.8125,27.8142,27.8125,27.8142,210.14263074
2020-08-21,27.8125,28.1329,27.8125,28.1329,953.88272581
2020-08-24,27.7446,28.0221,27.7349,27.8611,2918.304278855
2020-08-25,28.1232,28.1426,28.1232,28.1426,516.085578435
2020-08-27,27.9484,27.9484,27.9484,27.9484,111.25198098
2020-08-31,28.0552,28.0552,28.0552,28.0552,114.342313785
2020-09-03,27.9096,28.1523,27.9096,28.1523,652.060221855
2020-09-04,28.2494,28.5892,28.2494,28.5892,613.94611726
2020-09-10,28.23,28.23,28.23,28.23,288.4310618
2020-09-14,28.5892,28.5892,27.9484,27.9679,3297.385102935
2020-09-15,27.9484,27.9484,27.9484,27.9484,173.05863708
2020-09-16,28.1329,28.1523,27.9679,28.0067,1747.06814576
2020-09-17,28.0164,28.2008,27.997,28.0261,2544.37400945
2020-09-18,28.0145,28.1232,27.9582,28.0513,1133.1220285
2020-09-21,28.1523,28.162,28.1523,28.162,311.09350237
2020-09-22,28.2494,28.2494,28.2494,28.2494,216.32329635
2020-09-28,28.2008,28.4435,28.162,28.162,2741.125198035
2020-10-08,28.59,28.59,28.59,28.59,103.0110935
2020-10-12,28.5892,28.5892,28.5892,28.5892,173.05863708
2020-10-13,28.1523,28.1815,28.1523,28.1815,1527.654516605
2020-10-16,28.2494,28.2494,28.1523,28.1523,5670.760697175
2020-10-19,28.1523,28.4348,28.1517,28.2494,2896.67194922
2020-10-20,28.1717,28.1717,28.1717,28.1717,275.039619645
2020-10-21,28.1523,28.1523,28.1523,28.1523,180.269413625
2020-10-22,28.395,28.395,28.395,28.395,311.09350237
2020-10-26,28.793,28.793,28.793,28.793,412.044374
2020-10-28,28.395,28.3952,28.1523,28.1524,1003.32805069
2020-10-29,28.2008,28.2008,28.1523,28.1523,1173.296354965
2020-10-30,28.0552,28.8221,27.9582,27.9582,1802.69413625
2020-11-04,27.9679,27.968,27.9582,27.9582,1545.1664025
2020-11-05,28.4435,28.4435,27.9484,27.9582,1191.838351795
2020-11-06,27.9776,27.9776,27.9582,27.9582,309.0332805
2020-11-09,28.0649,28.0649,28.0649,28.0649,103.0110935
2020-11-11,28.0511,28.0511,28.0067,28.0067,566.56101425
2020-11-12,28.0067,28.0552,27.9873,28.0091,1279.39778127
2020-11-16,28.1329,28.1523,28.1329,28.1523,911.648177475
2020-11-18,28.2494,28.2494,28.2494,28.2494,103.0110935
2020-11-19,29.026,29.026,28.3076,28.628,1194.9286846
2020-11-20,28.6377,28.7736,28.6377,28.7736,1452.45641835
2020-11-23,28.6377,28.6378,28.6377,28.6378,668.541996815
2020-11-25,28.6377,28.6377,28.6377,28.6377,4017.4326465
2020-11-30,28.5892,28.5892,28.5892,28.5892,443.977812985
2020-12-04,28.5115,28.6862,28.5018,28.5018,978.60538825
2020-12-10,29.0745,29.8317,29.0454,29.8317,1903.64500788
2020-12-14,29.0862,29.0862,29.0862,29.0862,103.0110935
2020-12-15,28.6377,29.9774,28.6377,29.3269,1081.61648175
2020-12-16,29.3269,29.3269,29.3269,29.3269,417.194928675
2020-12-17,28.3489,28.3489,28.3489,28.3489,576.8621236
2020-12-21,28.4923,28.4923,28.4921,28.4922,852.93185418
2020-12-22,29.6182,29.6569,28.5893,28.5893,510.93502376
2020-12-23,28.9678,28.9678,28.9678,28.9678,527.41679872
2020-12-28,28.7881,28.9678,28.7881,28.9678,4637.55942937
2020-12-31,29.9288,29.9288,28.6474,28.6474,927.0998415
2021-01-04,29.8026,29.8512,29.7929,29.8395,1980.903328005
2021-01-05,28.8804,29.1231,28.8804,29.1231,309.0332805
2021-01-06,29.1716,29.7832,29.1716,29.7832,568.62123612
2021-01-07,28.6571,28.6571,28.628,28.628,627.337559415
2021-01-12,29.6968,30.3657,29.5405,29.5405,5278.28843094
2021-01-14,29.6716,29.6716,29.6716,29.6716,161.727416795
2021-01-15,29.7055,29.8512,29.3172,29.3172,1133.1220285
2021-01-19,30.2395,30.5695,30.2395,30.5695,1699.68304275
2021-01-20,29.2202,29.2202,29.2202,29.2202,103.0110935
2021-01-21,30.0938,30.0938,30.0938,30.0938,108.161648175
2021-01-27,29.6958,30.0937,29.1619,30.0937,4921.87004743
2021-01-29,29.2202,29.2202,29.2202,29.2202,542.868462745
2021-02-01,29.2687,29.281,29.2202,29.281,1184.62757525
2021-02-03,29.2299,29.2427,29.2104,29.2104,3166.56101419
2021-02-04,29.1716,29.1716,29.1716,29.1716,721.0776545
2021-02-05,29.1716,29.6279,29.1716,29.6279,1760.459587915
2021-02-10,29.6473,29.6473,29.6473,29.6473,540.808240875
2021-02-11,29.2104,29.2236,28.6377,28.9289,2999.68304272
2021-02-12,29.1134,29.1231,29.1134,29.1202,3721.790808155
2021-02-16,29.1231,29.1231,28.6377,28.6377,1392.70998412
2021-02-17,28.8804,29.1231,28.6862,29.1231,4082.329635405
2021-02-19,28.6571,28.6571,28.6571,28.6571,1030.110935
2021-02-22,29.094,29.1037,28.6474,28.6474,1270.126782855
2021-02-23,28.7445,29.5842,28.7445,29.5842,484.15213945
2021-02-24,29.1522,29.1522,28.8804,29.094,5482.25039607
2021-02-25,28.9289,28.9289,28.8318,28.8318,5651.18858941
2021-03-04,28.7542,28.7542,28.6377,28.6377,4648.890649655
2021-03-05,28.9289,28.9289,28.5989,28.5989,1237.163232935
2021-03-08,29.0163,29.9793,28.9775,29.9482,1740.88748015
2021-03-09,29.8997,29.8997,29.5114,29.5114,809.66719491
2021-03-10,29.1619,29.7929,29.1425,29.7929,515.0554675
2021-03-11,29.5405,29.5405,28.8988,28.8988,931.22028524
2021-03-18,28.6474,28.9066,28.6474,28.6571,1023.93026939
2021-03-24,28.6862,29.7054,28.6862,29.7054,1557.52773372
2021-03-25,29.6182,29.6182,29.6182,29.6182,339.93660855
2021-03-30,28.9095,29.293,28.9095,29.293,679.8732171
2021-04-05,29.0509,29.0509,28.9095,28.9095,1315.451663995
2021-04-06,28.8901,28.8909,28.6676,28.6676,4326.465927
2021-04-07,28.8901,28.8901,28.8901,28.8901,596.434231365
2021-04-12,29.5599,29.5599,29.5599,29.5599,206.022187
2021-04-13,29.6397,29.6397,29.6397,29.6397,109.19175911
2021-04-14,28.8901,29.6472,28.8901,29.6472,1928.36767032
2021-04-21,29.0842,29.0842,29.0842,29.0842,106.101426305
2021-04-23,29.359,29.5532,29.359,29.5532,824.088748
2021-04-26,29.2188,29.424,29.2188,29.424,2837.955625925
2021-04-27,29.3988,29.4337,29.3172,29.4046,3299.445324805
2021-04-28,29.3269,29.3269,28.8901,29.1716,3399.3660855
2021-04-29,29.1716,29.1716,29.1716,29.1716,157.606973055
2021-04-30,29.3347,29.4046,29.3347,29.4046,4120.44374
2021-05-04,29.2687,29.2687,29.2687,29.2687,534.627575265
2021-05-05,29.4502,29.4502,29.1756,29.1756,284.31061806
2021-05-06,29.4046,29.4046,29.4046,29.4046,157.606973055
2021-05-12,29.191,29.1923,29.191,29.1923,1430.824088715
2021-05-13,29.3813,29.4628,29.3813,29.4628,1042.47226622
2021-05-14,29.39,29.39,29.39,29.39,103.0110935
2021-05-17,29.4143,29.4143,29.4143,29.4143,129.79397781
2021-05-20,29.191,29.589,29.191,29.458,4236.846275655
2021-05-21,29.5308,29.5599,29.5308,29.5599,1048.65293183
2021-05-24,29.5854,29.589,29.4046,29.589,1843.89857365
2021-05-26,29.4399,29.4399,29.4399,29.4399,412.044374
2021-05-27,29.3861,29.3861,29.3861,29.3861,826.14896987
2021-06-03,29.4046,29.4046,29.4046,29.4046,782.8843106
2021-06-04,29.3755,29.3755,29.3755,29.3755,156.57686212
2021-06-07,29.589,29.589,29.589,29.589,1167.115689355
2021-06-11,29.8511,29.8511,29.8511,29.8511,250.316957205
2021-06-15,29.6958,29.6959,29.6687,29.6687,558.32012677
2021-06-16,29.7638,30.0938,29.7638,30.0938,1333.993660825
2021-06-17,29.6085,29.6085,29.6085,29.6085,339.93660855
2021-06-21,29.4545,29.4545,29.4545,29.4545,164.8177496
2021-06-22,30.0938,30.0938,29.6135,29.6135,1229.95245639
2021-06-23,29.6693,29.6693,29.6693,29.6693,840.57052296
2021-07-01,29.89,29.89,29.89,29.89,423.375594285
2021-07-02,29.4434,29.6182,29.4143,29.4177,3307.686212285
2021-07-06,29.4143,29.549,29.4143,29.549,2987.3217115
2021-07-07,29.589,29.6085,29.5114,29.6084,2060.22187
2021-07-08,29.6084,30.0453,29.5988,29.9717,1548.256735305
2021-07-12,30.0744,32.8897,30.0008,32.8897,3177.892234475
2021-07-13,30.0259,30.0259,29.4386,29.6085,3638.35182242
2021-07-14,29.6085,29.6085,29.6085,29.6085,206.022187
2021-07-16,29.7046,29.7046,29.7046,29.7046,256.497622815
2021-07-19,29.8997,30.0937,29.8997,30.0937,405.86370839
2021-07-21,29.4823,29.7735,29.4628,29.7735,563.470681445
2021-07-23,30.0876,30.0876,30.0876,30.0876,259.58795562
2021-07-27,29.5114,29.6279,29.4434,29.4434,4480.98256725
2021-07-30,29.6473,29.6473,29.6473,29.6473,157.606973055
2021-08-02,29.4859,29.59,29.3755,29.4823,2984.231378695
2021-08-04,29.6376,29.6376,29.6376,29.6376,415.134706805
2021-08-09,29.4337,29.6279,29.4337,29.6279,439.857369245
2021-08-11,29.492,29.492,29.492,29.492,528.446909655
2021-08-12,29.7541,29.7541,29.7541,29.7541,330.665610135
2021-08-13,29.492,29.492,29.4143,29.4213,2898.73217109
2021-08-17,29.4187,29.6327,29.4143,29.6327,932.250396175
2021-08-18,29.4187,29.4187,29.4143,29.4143,211.172741675
2021-08-20,30.0938,30.0938,30.0938,30.0938,217.353407285
2021-08-26,30.0744,30.0841,30.0259,30.0259,516.085578435
2021-09-13,29.6085,29.6085,29.6085,29.6085,309.0332805
2021-09-14,29.8512,30.621,29.8512,30.621,1210.380348625
2021-09-17,30.4724,30.4724,29.6085,29.6085,1395.800316925
2021-09-20,29.5988,29.8512,29.5988,29.822,2409.429476965
2021-09-21,29.6899,29.6899,29.6899,29.6899,231.774960375
2021-09-22,29.492,29.5017,29.4143,29.4628,4015.37242463
2021-09-23,29.4823,29.4823,29.4823,29.4823,229.714738505
2021-10-01,29.5114,29.5114,29.5017,29.5114,561.410459575
2021-10-04,29.5017,29.5017,29.5017,29.5017,1821.23613308
2021-10-05,29.5017,29.6085,29.5017,29.6085,2263.153724195
2021-10-06,29.6667,29.671,29.657,29.671,1331.933438955
2021-10-11,29.7055,31.0161,29.7055,30.3608,2214.73851025
2021-10-13,29.6874,29.6874,29.6874,29.6874,142.15530903
2021-10-19,30.2492,30.2492,29.7541,29.7541,1957.2107765
2021-10-20,29.766,29.766,29.766,29.766,143.185419965
2021-10-26,29.7541,29.7541,29.7541,29.7541,1407.13153721
2021-10-29,30.3123,30.8218,30.2845,30.2845,1955.15055463
2021-11-01,30.8218,30.8218,30.3754,30.3754,401.74326465
2021-11-02,29.822,29.9482,29.8026,29.8026,1584.31061803
2021-11-09,29.625,29.625,29.424,29.424,309.0332805
2021-11-12,30.2066,30.2066,30.2066,30.2066,528.446909655
2021-11-15,30.0841,30.0841,30.0841,30.0841,226.6244057
2021-11-16,30.2637,30.2637,29.9482,30.1596,1856.25990487
2021-11-18,30.0938,30.0939,30.0938,30.0939,404.833597455
2021-11-22,30.1036,30.1036,30.1036,30.1036,1313.391442125
2021-11-23,30.0938,30.0938,30.0938,30.0938,458.399366075
2021-11-29,30.0938,30.0938,29.6667,29.6667,1289.69889062
2021-12-02,30.2815,30.5792,29.6085,29.7783,4120.44374
2021-12-03,29.8026,29.8026,29.8026,29.8026,113.31220285
2021-12-06,30.5501,30.5501,29.8025,29.8026,1492.630744815
2021-12-07,29.657,30.021,29.657,30.021,721.0776545
2021-12-15,30.5695,30.5695,29.589,29.7055,9033.042789015
2021-12-16,28.7251,29.5114,28.7251,29.5114,1832.567353365
2021-12-20,29.4434,29.4628,28.8513,29.4095,1352.535657655
2021-12-21,29.4143,29.4143,29.39,29.39,451.18858953
2021-12-28,29.0745,29.0745,28.9289,29.0551,2807.052297875
2021-12-29,29.0454,29.0454,28.9289,28.9289,1348.415213915
2021-12-30,29.3658,29.3658,29.3658,29.3658,605.70522978
2022-01-05,28.9775,28.9775,28.9775,28.9775,480.03169571
2022-01-06,28.997,28.997,28.9969,28.9969,309.0332805
2022-01-11,29.1231,29.1231,29.1231,29.1231,267.8288431
2022-01-12,29.1231,29.1762,29.1231,29.1762,746.830427875
2022-01-13,29.3366,29.3464,29.3366,29.3464,721.0776545
2022-01-19,29.2978,29.3464,29.2978,29.3464,695.324881125
2022-01-24,28.9969,29.1443,28.9289,29.1443,1337.08399363
2022-01-26,29.2363,29.2363,29.1425,29.1425,422.34548335
2022-01-28,28.9386,29.2444,28.2591,28.2591,4607.686212255
2022-02-01,28.3465,28.9678,28.3465,28.9678,549.049128355
2022-02-09,27.737,28.1523,27.4048,27.696,6547.38510286
2022-02-10,27.4048,27.4048,27.4048,27.4048,1236.133122
2022-02-11,27.5743,27.5743,27.1815,27.1815,413.074484935
2022-02-15,27.1815,27.1815,26.6962,26.7447,4005.07131528
2022-02-16,26.6962,26.6962,23.7838,25.7254,12545.721077365
2022-02-17,25.7254,25.9875,25.7254,25.7448,5133.042789105
2022-02-18,25.939,25.9487,25.8661,25.9487,2890.49128361
2022-02-23,25.444,25.9001,25.444,25.9001,2102.456418335
2022-02-24,25.9001,26.2143,25.4924,26.2108,4162.678288335
2022-02-25,25.9749,26.2108,25.9681,26.2108,954.912836745
2022-03-01,26.4923,26.6767,26.4923,26.6767,638.6687797
2022-03-04,26.3079,26.3079,26.3079,26.3079,163.787638665
2022-03-09,26.3176,26.3176,26.2302,26.2302,618.066561
2022-03-14,26.4535,26.4535,26.4529,26.4535,690.17432645
2022-03-15,25.4536,26.4049,25.4536,25.9098,5346.27575265
2022-03-16,26.2011,26.2108,26.2011,26.2108,1153.7242472
2022-03-18,26.1137,26.3078,25.7254,25.7351,1312.36133119
2022-03-22,26.2105,26.2105,25.7254,25.7254,701.505546735
2022-04-04,26.0457,27.065,26.0457,26.2108,3606.418383435
2022-04-05,25.5313,25.9818,25.5313,25.9818,1339.1442155
2022-04-11,25.7255,25.7255,25.7255,25.7255,412.044374
2022-04-12,26.2108,26.3804,26.2108,26.3804,739.61965133
2022-04-13,26.5117,26.5117,26.1244,26.1244,1433.91442152
2022-04-22,25.5312,25.8029,25.5312,25.8029,242.076069725
2022-04-25,25.5798,25.5798,25.5798,25.5798,128.763866875
2022-04-27,26.5166,26.5166,26.5166,26.5166,324.484944525
2022-05-03,25.5312,25.8467,25.5312,25.8467,721.0776545
2022-05-04,25.9195,25.9584,25.9195,25.9584,1444.21553087
2022-05-05,25.6712,25.7157,25.5312,25.5798,1635.81616478
2022-05-06,25.7254,25.7739,25.7254,25.7739,1236.133122
2022-05-10,25.672,25.672,25.3371,25.491,1884.072900115
2022-05-16,25.2885,25.3371,25.2885,25.3371,382.171156885
2022-05-18,25.2885,25.2982,25.2885,25.2982,969.334389835
2022-05-19,25.9997,25.9997,25.9997,25.9997,206.022187
2022-05-20,25.7254,25.7254,25.6283,25.6283,1593.581616445
2022-05-24,25.3371,25.6283,25.3371,25.405,2804.992076005
2022-05-31,25.7254,26.337,25.7254,26.2108,4581.93343888
2022-06-03,25.3274,26.104,25.3274,26.104,422.34548335
2022-06-06,26.2107,26.2107,26.2107,26.2107,213.232963545
2022-06-07,25.7545,26.0942,25.7545,26.0942,1031.141045935
2022-06-09,25.4147,25.4147,25.4147,25.4147,128.763866875
2022-06-10,25.7254,25.7254,25.7254,25.7254,669.57210775
2022-06-14,25.871,25.871,25.871,25.871,660.301109335
2022-06-16,24.9086,24.9086,24.6575,24.6575,1441.125198065
2022-06-17,24.9973,24.9973,24.2886,24.2887,3055.30903321
2022-06-21,24.9099,25.1429,24.5139,24.5139,730.348652915
2022-06-22,25.1623,25.1623,24.9488,24.9488,583.04278921
2022-06-24,25.0109,25.0109,25.0109,25.0109,144.2155309
2022-06-28,24.6478,24.6478,24.6478,24.6478,610.855784455
2022-07-01,24.6683,24.6683,24.6683,24.6683,412.044374
2022-07-08,24.376,24.3831,24.2886,24.2886,1258.79556257
2022-07-12,24.5119,24.8516,24.5119,24.8516,2060.22187
2022-07-13,24.3663,24.4634,24.3663,24.4634,448.098256725
2022-07-14,24.5508,24.8503,24.4634,24.5216,2137.480190125
2022-07-15,24.5216,24.6577,24.5216,24.6577,772.58320125
2022-07-18,24.5605,24.6575,24.4634,24.6575,1958.240887435
2022-07-19,24.6024,25.213,24.6024,25.213,2692.70998409
2022-07-21,24.8711,24.9002,24.7546,24.7546,1901.58478601
2022-07-22,25.6235,26.4923,25.6235,26.4923,524.326465915
2022-07-27,24.9487,24.9488,24.3383,24.7546,3614.659270915
2022-07-28,25.24,25.24,25.24,25.24,256.497622815
2022-07-29,26.1865,26.1865,26.0652,26.0652,3619.80982559
2022-08-01,26.0652,26.0652,26.0652,26.0652,437.797147375
2022-08-02,25.8225,25.8225,25.8225,25.8225,135.97464342
2022-08-05,25.5891,25.5891,25.5891,25.5891,103.0110935
2022-08-18,25.473,25.473,25.4536,25.4536,412.044374
2022-08-25,25.24,25.24,25.24,25.24,1812.9952456
2022-08-29,25.4342,26.4826,25.4342,26.3899,1583.280507095
2022-08-30,25.4342,25.8225,25.4342,25.8225,461.48969888
2022-09-01,26.434,26.434,26.434,26.434,381.14104595
2022-09-02,25.4446,25.9195,25.4446,25.9195,690.17432645
2022-09-06,25.8297,25.8297,25.8297,25.8297,230.74484944
2022-09-12,25.7803,25.7803,25.4537,25.5895,764.34231377
2022-09-15,25.4924,25.4924,25.4827,25.4827,293.581616475
2022-09-19,25.8278,25.8278,25.8278,25.8278,257.52773375
2022-09-20,25.6162,25.6162,25.6162,25.6162,494.4532488
2022-09-26,25.3371,25.3397,25.3371,25.3397,693.264659255
2022-09-27,25.3371,25.3371,25.3371,25.3371,592.313787625
2022-09-28,25.3458,25.473,25.2303,25.2303,2532.01267823
2022-09-29,25.0458,25.0808,24.9468,24.9468,2792.630744785
2022-09-30,24.8905,24.9002,24.8905,24.9002,515.0554675
2022-10-03,24.2984,25.1914,24.2984,25.1914,776.70364499
2022-10-05,25.1915,25.2303,24.2886,24.2886,4020.522979305
2022-10-06,24.8032,24.8032,24.5605,24.5605,2678.288431
2022-10-11,24.4542,24.4542,24.2886,24.2886,493.423137865
2022-10-14,24.2013,24.4634,24.2013,24.2886,1047.622820895
2022-10-17,24.0751,24.5119,24.0751,24.5119,822.02852613
2022-10-20,23.7936,23.7936,23.5655,23.5897,2224.009508665
2022-10-24,23.5654,23.5654,23.5654,23.5654,126.703645005
2022-10-25,24.1722,24.1722,23.8469,23.8469,1030.110935
2022-10-26,24.2692,24.2692,24.2692,24.2692,103.0110935
2022-10-31,24.5605,24.5605,24.5605,24.5605,424.40570522
2022-11-07,24.5605,24.6187,22.5801,24.6187,2180.744849395
2022-11-08,24.6575,24.6575,24.6575,24.6575,1477.17908079
2022-11-10,24.6575,24.6575,24.6575,24.6575,675.75277336
2022-11-11,24.6575,24.6575,24.6575,24.6575,438.82725831
2022-11-14,24.6575,24.6575,24.6575,24.6575,177.17908082
2022-11-15,25.1429,25.1429,23.9392,24.2692,805.54675117
2022-11-18,24.6575,24.6575,24.6575,24.6575,122.583201265
2022-11-21,24.0362,24.0962,23.9877,24.0962,1120.76069728
2022-11-22,24.2692,24.7546,24.2692,24.2692,721.0776545
2022-11-25,24.0265,24.0265,24.0265,24.0265,263.70839936
2022-11-28,24.8032,25.6186,23.7295,23.7295,2836.92551499
2022-11-29,24.0362,24.0362,24.0362,24.0362,292.55150554
2022-12-01,24.2693,24.4692,24.2693,24.4692,416.16481774
2022-12-02,25.6283,25.6283,25.6283,25.6283,105.07131537
2022-12-12,25.24,25.24,25.24,25.24,319.33438985
2022-12-19,24.03,24.25,23.79,24.25,603.0
2022-12-20,25.04,25.04,25.0,25.0,944.0
2022-12-21,26.0,26.0,25.9,25.9,408.0
2022-12-27,24.89,24.91,24.89,24.91,317.0
2022-12-29,24.52,24.52,24.35,24.4109,1589.0
2022-12-30,24.35,24.35,24.35,24.35,177.0
2023-01-09,24.64,24.64,24.64,24.64,325.0
2023-01-11,24.26,24.45,24.26,24.45,519.0
2023-01-12,24.8468,24.8468,24.8468,24.8468,1222.0
2023-01-17,24.7156,24.7156,24.7156,24.7156,247.0
2023-01-18,24.76,25.0,24.76,25.0,706.0
2023-01-19,25.01,25.43,25.0,25.43,5558.0
2023-01-20,24.55,25.25,24.55,25.25,1463.0
2023-01-24,25.1,25.25,25.1,25.25,1470.0
2023-01-27,25.25,25.26,25.2451,25.25,3146.0
2023-01-30,25.2501,25.2501,24.853,25.0,16707.0
2023-01-31,25.164,25.164,25.164,25.164,427.0
2023-02-03,25.2211,25.2211,25.16,25.16,1276.0
2023-02-08,25.1,25.1,25.01,25.01,1440.0
2023-02-09,25.0,25.52,25.0,25.52,2281.0
2023-02-10,25.06,25.06,25.06,25.06,306.0
2023-02-13,25.01,25.3755,25.01,25.3755,856.0
2023-02-14,25.38,25.38,25.38,25.38,406.0
2023-02-15,25.05,25.3,25.05,25.3,375.0
2023-02-17,25.06,25.06,25.01,25.01,972.0
2023-02-21,25.0,25.7195,25.0,25.7195,472.0
2023-02-22,25.0,25.7,24.78,25.7,22281.0
2023-02-23,25.0,25.61,25.0,25.31,8195.0
2023-02-24,25.06,25.06,25.0106,25.0106,490.0
2023-02-27,25.01,25.2,25.01,25.1,2874.0
2023-02-28,25.01,25.28,25.01,25.1,3633.0
2023-03-01,25.21,25.21,24.675,25.05,10320.0
2023-03-02,25.3118,25.3118,25.0,25.0,6271.0
2023-03-03,25.0,25.32,24.76,24.99,27215.0
2023-03-06,24.91,25.14,24.9,25.09,7300.0
2023-03-07,25.22,25.24,24.9,25.0,5586.0
2023-03-08,24.97,24.98,24.96,24.97,589.0
2023-03-09,24.85,24.85,24.56,24.8,10942.0
2023-03-10,25.0,25.0,25.0,25.0,414.0
2023-03-13,24.76,24.76,24.75,24.75,1760.0
2023-03-15,24.75,24.75,24.56,24.75,7133.0
2023-03-16,24.71,24.75,24.446,24.72,1386.0
2023-03-17,24.7,24.75,24.7,24.7387,1796.0
2023-03-20,24.75,25.0,24.7,25.0,3511.0
2023-03-21,24.7,24.85,24.7,24.8,2488.0
2023-03-22,24.8,24.8,24.8,24.8,525.0
2023-03-23,24.8,25.0,24.8,24.8,1483.0
2023-03-24,25.0499,25.0499,24.91,24.91,402.0
2023-03-27,24.9,24.9,24.75,24.85,1373.0
2023-03-28,24.75,24.7996,24.0101,24.7996,7473.0
2023-03-29,24.14,24.79,24.14,24.75,2332.0
2023-03-31,24.79,24.92,24.78,24.92,1138.0
2023-04-03,25.077,25.077,25.077,25.077,160.0
2023-04-06,25.49,25.49,25.49,25.49,427.0
2023-04-10,25.49,25.49,25.47,25.47,325.0
2023-04-11,25.1633,25.1633,25.0,25.1,3349.0
2023-04-13,25.49,25.49,25.49,25.49,388.0
2023-04-17,25.49,25.49,24.9,25.25,2339.0
2023-04-18,25.49,25.49,25.37,25.37,1103.0
2023-04-20,25.38,25.5,25.35,25.5,4785.0
2023-04-21,25.5,25.5,25.5,25.5,985.0
2023-04-25,25.39,25.39,25.39,25.39,110.0
2023-04-26,25.39,25.39,25.39,25.39,117.0
2023-04-28,25.38,25.88,25.38,25.88,501.0
2023-05-01,25.6,25.6,25.6,25.6,1049.0
2023-05-02,25.53,25.54,25.5,25.5,1375.0
2023-05-03,25.75,25.75,25.03,25.03,3151.0
2023-05-04,24.9994,25.0,24.9994,25.0,389.0
2023-05-05,25.28,25.33,25.28,25.33,793.0
2023-05-12,24.76,24.85,24.76,24.85,1224.0
2023-05-15,25.2,25.2,25.2,25.2,375.0
2023-05-16,24.85,25.55,24.8243,25.55,1605.0
2023-05-17,25.35,25.35,25.35,25.35,406.0
2023-05-19,25.02,25.95,25.02,25.7201,3881.0
2023-05-22,25.7,25.7,25.7,25.7,409.0
2023-05-24,25.7803,25.843,25.78,25.7801,2292.0
2023-05-25,25.78,25.85,25.7,25.775,2427.0
2023-05-31,26.0,26.0,25.6,25.6,2204.0
2023-06-05,25.9,26.0,25.9,26.0,601.0
2023-06-06,25.84,25.9,25.84,25.89,1402.0
2023-06-15,25.7035,25.81,25.6,25.6,6107.0
2023-06-16,25.7153,25.7153,25.6,25.62,2400.0
2023-06-20,25.82,25.96,25.6,25.96,1548.0
2023-06-21,25.6,25.8,25.6,25.6,2483.0
2023-06-22,25.95,25.95,25.95,25.95,325.0
2023-06-23,25.4118,25.4118,24.43,24.43,228.0
2023-06-30,25.0,25.66,24.51,25.25,7421.0
2023-07-03,25.13,25.24,25.13,25.24,853.0
2023-07-05,25.23,25.23,25.14,25.14,698.0
2023-07-06,25.14,25.14,24.644,25.0,2423.0
2023-07-07,24.8,25.12,24.51,24.95,1123.0
2023-07-10,24.96,25.1,24.96,25.1,1346.0
2023-07-11,24.7999,25.08,24.7999,25.01,5234.0
2023-07-12,25.09,25.09,24.24,24.85,2203.0
2023-07-14,25.0,25.1,24.51,24.56,2845.0
2023-07-17,24.96,25.15,24.95,25.15,1724.0
2023-07-18,25.15,25.15,25.15,25.15,420.0
2023-07-21,24.85,24.85,24.85,24.85,140.0
2023-07-24,24.94,24.94,24.94,24.94,291.0
2023-07-25,24.95,24.9501,24.95,24.9501,2272.0
2023-07-26,25.14,25.15,25.14,25.15,1400.0
2023-07-27,24.9,24.9,24.85,24.87,1563.0
2023-07-28,24.9901,24.9901,24.99,24.99,300.0
2023-08-02,24.98,25.25,24.98,25.01,2725.0
2023-08-03,25.01,25.016,24.87,24.87,1553.0
2023-08-04,24.98,25.25,24.98,25.25,4808.0
2023-08-07,25.25,25.25,25.25,25.25,238.0
2023-08-09,25.5,25.96,25.4011,25.4011,951.0
2023-08-10,25.96,25.96,25.41,25.41,959.0
2023-08-14,25.7905,25.7905,25.7905,25.7905,584.0
2023-08-15,25.82,25.82,25.82,25.82,200.0
2023-08-18,25.41,26.11,25.4,25.45,1620.0
2023-08-23,25.82,25.82,25.82,25.82,607.0
2023-08-24,25.43,25.43,25.43,25.43,104.0
2023-08-25,25.42,25.8142,25.42,25.8142,1140.0
2023-08-29,25.52,25.52,25.4,25.4,2430.0
2023-08-31,25.36,25.4,25.1,25.1996,4262.0
2023-09-01,25.2,25.2,24.44,25.04,5914.0
2023-09-05,25.4,25.4,25.4,25.4,322.0
2023-09-06,24.43,24.93,24.42,24.93,697.0
2023-09-11,24.8,24.8,24.65,24.8,2331.0
2023-09-12,24.9973,24.9973,24.9973,24.9973,211.0
2023-09-13,24.5,24.928,24.5,24.928,1097.0
2023-09-14,24.8,25.4,24.8,25.4,256.0
2023-09-18,25.2,25.2,24.22,24.8,1156.0
2023-09-19,24.8,24.95,24.8,24.95,350.0
2023-09-20,24.8,24.82,24.8,24.8,851.0
2023-09-21,24.96,25.1999,24.95,25.14,2041.0
2023-09-22,24.8,25.19,24.405,25.19,5782.0
2023-09-25,25.0,25.0,24.64,24.65,3280.0
2023-09-26,24.48,24.7,24.48,24.7,2625.0
2023-09-27,24.7,24.7,24.4,24.4001,4038.0
2023-09-28,24.55,24.97,24.55,24.97,4849.0
2023-09-29,25.1,25.1,24.5,24.5,3507.0
2023-10-02,24.5,24.57,24.4,24.5,8430.0
2023-10-03,24.5,24.5,24.5,24.5,2061.0
2023-10-04,24.4,24.55,24.248,24.48,10908.0
2023-10-05,24.4,24.45,24.4,24.4,1252.0
2023-10-06,24.2154,24.5,24.01,24.5,19714.0
2023-10-09,24.3,24.38,24.0101,24.35,5050.0
2023-10-10,24.3475,24.4,24.34,24.4,6662.0
2023-10-11,24.36,24.9,24.3498,24.505,8336.0
2023-10-12,24.3,24.35,24.28,24.28,7568.0
2023-10-13,24.28,24.55,24.25,24.25,4236.0
2023-10-16,24.2179,24.416,24.17,24.2706,9894.0
2023-10-17,24.39,24.45,24.39,24.4,1904.0
2023-10-18,24.3469,24.3469,24.3469,24.3469,2415.0
2023-10-19,24.22,24.22,23.94,24.0,8281.0
2023-10-20,23.99,24.15,23.99,24.0,3611.0
2023-10-23,23.9377,24.0,23.73,24.0,2550.0
2023-10-24,24.0,24.75,24.0,24.75,6208.0
2023-10-25,24.25,24.62,23.6918,23.75,22987.0
2023-10-26,23.74,23.85,23.64,23.64,4430.0
2023-10-27,23.55,23.55,23.5006,23.525,1074.0
2023-10-30,23.8,23.85,22.8001,23.849,5846.0
2023-10-31,23.8498,23.9779,23.755,23.755,2696.0
2023-11-01,23.902,23.902,23.902,23.902,1000.0
2023-11-02,23.95,24.25,23.8984,24.25,3830.0
2023-11-03,24.1464,24.7,24.1464,24.7,7392.0
2023-11-06,24.75,25.0,24.75,24.75,5558.0
2023-11-07,24.53,24.53,24.45,24.5,4878.0
2023-11-08,24.6,24.75,24.6,24.75,2519.0
2023-11-09,24.68,24.7,24.5026,24.6,1425.0
2023-11-13,24.63,24.63,24.5386,24.565,2335.0
2023-11-14,24.6494,24.88,24.575,24.88,4030.0
2023-11-15,24.88,24.88,24.88,24.88,2437.0
2023-11-16,25.0,25.0,25.0,25.0,1165.0
2023-11-17,24.8,24.8,24.8,24.8,226.0
2023-11-20,24.945,25.1,24.945,25.08,509.0
2023-11-21,25.05,25.05,24.88,24.88,1302.0
2023-11-22,25.1,25.1,24.881,24.95,1443.0
2023-11-27,25.1,25.1,24.8101,24.8101,556.0
2023-11-28,24.91,24.91,24.9,24.9,1246.0
2023-11-29,24.9,25.1,24.9,25.1,1457.0
2023-11-30,25.1,25.1,25.1,25.1,187.0
2023-12-01,25.15,25.25,25.15,25.15,2888.0
2023-12-04,24.9,25.2,24.9,25.2,4810.0
2023-12-05,24.9593,25.428,24.9593,25.428,637.0
2023-12-07,25.3,25.7,25.3,25.6,2362.0
2023-12-08,25.5,26.125,25.45,25.75,14261.0
2023-12-11,25.5011,25.635,25.5011,25.51,1170.0
2023-12-13,25.3,25.3,25.3,25.3,100.0
2023-12-14,25.41,25.7,24.94,25.0603,2951.0
2023-12-15,25.69,26.4,25.56,26.09,7105.0
2023-12-18,25.5,25.6,25.5,25.6,623.0
2023-12-19,25.4,25.4,25.4,25.4,489.0
2023-12-20,25.4719,25.6,25.1,25.2125,8902.0
2023-12-21,25.4,25.4,25.0,25.2172,4088.0
2023-12-22,25.0,25.006,25.0,25.006,1312.0
2023-12-26,25.05,25.1,25.05,25.05,632.0
2023-12-27,25.25,25.25,25.23,25.25,1181.0
2023-12-28,25.3998,25.49,25.37,25.38,4163.0
2023-12-29,25.6,25.6,25.4,25.6,2047.0
2024-01-02,25.4,25.4001,25.4,25.4001,560.0
2024-01-04,25.4,25.4,25.4,25.4,200.0
2024-01-05,25.4001,25.4001,25.4001,25.4001,115.0
2024-01-08,25.55,25.55,25.55,25.55,1087.0
2024-01-09,25.4,25.4,25.4,25.4,609.0
2024-01-11,25.4726,25.5,25.45,25.4998,2317.0
2024-01-12,25.51,25.52,25.5,25.5,658.0
2024-01-16,25.425,25.425,25.425,25.425,223.0
2024-01-17,25.1347,25.1347,25.1347,25.1347,121.0
2024-01-18,25.01,25.034,24.8,24.9171,3782.0
2024-01-19,24.92,25.45,24.86,24.94,4047.0
2024-01-22,25.08,25.2,25.05,25.2,2133.0
2024-01-23,25.33,25.33,24.93,24.93,405.0
2024-01-24,25.1,25.4006,25.1,25.3,8784.0
2024-01-25,25.3,25.3,25.1,25.1,3507.0
2024-01-26,25.628,25.628,25.3,25.444,555.0
2024-01-29,25.5,25.5251,25.0987,25.0987,1523.0
2024-01-30,25.0,25.3525,24.93,25.347,2132.0
2024-01-31,25.46,25.47,25.46,25.47,629.0
2024-02-01,25.08,25.25,25.07,25.25,890.0
2024-02-02,24.86,25.0001,24.86,25.0001,966.0
2024-02-06,24.86,25.28,24.86,25.2,1919.0
2024-02-08,24.98,25.34,24.98,25.175,744.0
2024-02-09,25.18,25.18,25.18,25.18,134.0
2024-02-12,25.06,25.06,25.06,25.06,192.0
2024-02-13,25.0,25.0,25.0,25.0,764.0
2024-02-15,25.2497,25.3,25.14,25.3,1464.0
2024-02-23,25.39,25.39,25.3,25.3,904.0
2024-02-27,25.24,25.4001,25.24,25.2414,1317.0
2024-02-28,25.3577,25.3577,25.24,25.24,2292.0
2024-02-29,25.24,25.24,25.24,25.24,168.0
2024-03-01,25.322,25.5,25.322,25.45,3009.0
2024-03-04,25.4,25.5,25.4,25.5,2353.0
2024-03-05,25.36,25.5,25.35,25.5,4190.0
2024-03-06,25.5,26.75,25.3501,25.8,9179.0
2024-03-07,25.84,25.925,25.35,25.925,2419.0
2024-03-08,26.2,26.2,25.35,25.62,3641.0
2024-03-11,25.8,25.8,25.6,25.6,2129.0
2024-03-12,25.6,25.66,25.56,25.56,2905.0
2024-03-13,25.56,25.56,25.56,25.56,287.0
2024-03-14,25.56,25.56,25.56,25.56,240.0
2024-03-15,25.3,25.3,25.12,25.22,5002.0
2024-03-18,25.415,25.5237,25.23,25.23,2480.0
2024-03-19,25.2,25.4,25.12,25.275,3572.0
2024-03-20,25.47,25.4998,25.46,25.4997,601.0
2024-03-21,25.5,25.6,25.5,25.5,808.0
2024-03-25,25.41,25.5,25.41,25.41,2665.0
2024-03-26,25.5,25.5,25.49,25.5,2010.0
2024-03-27,25.4,25.87,25.4,25.71,5619.0
2024-03-28,25.68,25.89,25.68,25.89,307.0
2024-04-01,25.6897,25.6897,25.6897,25.6897,542.0
2024-04-02,25.72,25.77,25.6,25.62,2829.0
2024-04-03,25.62,25.62,25.62,25.62,225.0
2024-04-04,25.685,25.685,25.685,25.685,386.0
2024-04-09,25.3997,25.72,25.36,25.7,5531.0
2024-04-10,25.6858,25.6858,25.65,25.65,2625.0
2024-04-11,25.9969,25.9969,25.85,25.85,2896.0
2024-04-12,25.3401,25.3401,25.3401,25.3401,137.0
2024-04-15,26.363,26.363,25.9361,25.9361,455.0
2024-04-16,25.13,25.5,25.13,25.5,764.0
2024-04-18,25.11,25.7813,25.11,25.7813,1935.0
2024-04-19,25.84,25.84,25.0,25.05,2468.0
2024-04-22,25.12,25.38,25.12,25.38,332.0
2024-04-23,25.5,25.5,25.5,25.5,807.0
2024-04-24,25.5,25.5,25.5,25.5,181.0
2024-04-25,26.0,26.0,25.5,25.5,1985.0
2024-04-29,25.9191,25.9191,25.9191,25.9191,153.0
2024-04-30,25.9767,25.9767,25.6366,25.65,3497.0
2024-05-01,25.47,25.47,25.14,25.14,502.0
2024-05-02,25.16,25.395,25.0,25.14,2455.0
2024-05-03,25.14,25.27,25.1,25.27,4539.0
2024-05-06,25.36,25.36,25.21,25.33,756.0
2024-05-07,25.32,25.32,25.3,25.3,517.0
2024-05-08,25.01,25.36,24.83,25.36,4545.0
2024-05-09,25.2798,25.29,25.2798,25.29,301.0
2024-05-13,24.88,25.215,24.88,25.13,2810.0
2024-05-14,25.15,25.28,25.15,25.28,519.0
2024-05-15,25.2,25.4472,25.2,25.4472,1160.0
2024-05-16,25.34,25.34,25.07,25.07,888.0
2024-05-17,25.29,25.39,25.218,25.39,1272.0
2024-05-20,25.44,25.44,25.3234,25.3234,265.0
2024-05-21,25.3636,25.49,25.3636,25.48,740.0
2024-05-22,25.59,25.59,25.3974,25.3974,1046.0
2024-05-23,25.21,25.58,25.2,25.58,1009.0
2024-05-28,25.3172,25.35,25.05,25.35,11068.0
2024-05-29,25.32,25.32,25.32,25.32,111.0
2024-05-30,25.2845,25.35,25.185,25.35,7399.0
2024-05-31,25.504,25.504,25.15,25.5,1658.0
2024-06-03,25.5,25.5,25.16,25.32,4503.0
2024-06-04,25.195,25.32,25.195,25.32,256.0
2024-06-05,25.4559,25.4559,25.4559,25.4559,372.0
2024-06-10,25.26,25.44,25.26,25.44,1729.0
2024-06-11,25.4,25.4,25.4,25.4,402.0
2024-06-12,25.39,25.59,25.39,25.5,4381.0
2024-06-14,25.39,25.5736,25.39,25.57,4946.0
2024-06-17,25.45,25.7704,25.45,25.7704,861.0
2024-06-18,24.85,25.601,24.85,25.601,2376.0
2024-06-20,25.3,25.3,25.3,25.3,2063.0
2024-06-21,25.81,25.81,25.465,25.465,943.0
2024-06-24,25.36,25.36,25.3501,25.3501,557.0
2024-06-25,25.6,25.72,25.6,25.72,2316.0
2024-06-26,25.62,25.6929,25.49,25.49,5501.0
2024-06-27,25.6,25.6,25.4001,25.4001,1100.0
2024-06-28,25.58,25.6,25.57,25.6,1747.0
2024-07-01,25.4006,25.6,25.4006,25.6,2635.0
2024-07-02,25.72,25.75,25.72,25.75,1975.0
2024-07-08,25.675,25.875,25.675,25.8501,4804.0
2024-07-09,25.83,25.9,25.83,25.9,1166.0
2024-07-10,25.1617,25.3283,25.1617,25.3283,600.0
2024-07-11,25.5,25.6081,25.5,25.6081,801.0
2024-07-12,25.68,25.68,25.5,25.5,386.0
2024-07-15,25.5,25.5,25.5,25.5,164.0
2024-07-16,25.4846,25.5001,25.4846,25.5001,730.0
2024-07-17,25.36,25.36,25.36,25.36,300.0
2024-07-19,25.6,25.7,25.6,25.69,1229.0
2024-07-25,25.98,25.98,25.9,25.98,1907.0
2024-07-26,25.91,25.91,25.9,25.9,746.0
2024-07-29,25.58,26.0,25.58,26.0,393.0
2024-07-30,25.7,26.1,25.6,25.6,3048.0
2024-08-01,25.21,25.21,25.21,25.21,210.0
2024-08-05,25.305,25.47,25.305,25.305,1760.0
2024-08-06,25.59,25.5999,25.355,25.355,1702.0
2024-08-07,26.63,26.63,25.15,25.16,5736.0
2024-08-08,25.37,25.8015,25.34,25.8015,1867.0
2024-08-09,26.1499,26.15,25.7916,26.15,4605.0
2024-08-12,26.7,26.7,26.7,26.7,424.0
2024-08-13,26.15,26.15,26.1312,26.15,1136.0
2024-08-14,25.56,26.14,25.4801,26.0006,3412.0
2024-08-15,26.15,26.15,26.15,26.15,1262.0
2024-08-16,25.95,25.95,25.95,25.95,1926.0
2024-08-19,26.15,26.15,25.28,26.15,888.0
2024-08-20,25.37,26.13,25.37,26.13,1289.0
2024-08-21,25.628,26.15,25.628,26.15,2710.0
2024-08-22,25.41,26.15,25.41,25.655,2250.0
2024-08-23,25.9501,26.0,25.95,26.0,1184.0
2024-08-26,26.15,26.15,25.925,26.15,3204.0
2024-08-27,26.15,26.67,26.15,26.64,2885.0
2024-08-28,26.435,26.435,26.435,26.435,421.0
2024-08-29,26.444,26.444,26.2378,26.25,8038.0
2024-08-30,26.515,27.33,26.515,27.18,7608.0
2024-09-03,28.96,28.96,26.82,27.57,10698.0
2024-09-04,27.31,27.31,26.5482,26.5482,2344.0
2024-09-05,26.52,26.52,26.52,26.52,161.0
2024-09-06,26.405,26.505,26.4,26.505,511.0
2024-09-09,26.748,26.75,26.748,26.75,1839.0
2024-09-11,26.75,26.75,26.75,26.75,755.0
2024-09-12,26.6286,26.6286,26.6286,26.6286,301.0
2024-09-13,27.0,27.0,26.6022,26.6022,895.0
2024-09-16,26.8284,27.45,26.7266,27.39,4878.0
2024-09-17,27.0469,27.0541,27.0469,27.0541,845.0
2024-09-18,27.5,27.74,27.14,27.3,3686.0
2024-09-19,26.75,26.75,26.75,26.75,906.0
2024-09-20,26.36,26.71,26.28,26.4219,1930.0
2024-09-23,26.4939,26.56,26.4939,26.56,468.0
2024-09-25,26.6065,26.6081,26.6065,26.6081,1104.0
2024-09-26,26.7,27.0,26.7,26.7,5430.0
2024-09-30,26.7,26.7391,26.7,26.7391,1002.0
2024-10-01,26.9599,26.9599,26.9599,26.9599,745.0
2024-10-02,26.73,26.73,26.7,26.7,833.0
2024-10-03,26.7,26.7,26.7,26.7,1282.0
2024-10-09,26.3838,26.41,26.3838,26.41,798.0
2024-10-11,26.4911,26.4911,26.4911,26.4911,250.0
2024-10-15,26.45,26.45,26.45,26.45,219.0
2024-10-17,26.5313,26.5313,26.12,26.16,3202.0
2024-10-18,26.13,26.16,26.13,26.16,950.0
2024-10-22,26.1,26.1,26.1,26.1,151.0
2024-10-25,26.1,26.1,26.1,26.1,787.0
2024-10-28,26.3965,26.449,25.95,26.43,2573.0
2024-10-29,26.52,26.56,26.05,26.05,645.0
2024-10-30,26.47,26.47,25.83,25.83,250.0
2024-10-31,26.47,26.5,25.81,26.5,2577.0
2024-11-01,26.5,26.68,26.0,26.68,1580.0
2024-11-04,26.7,26.7,26.7,26.7,166.0
2024-11-05,26.7,26.7,25.9488,25.9488,2018.0
2024-11-06,25.8,25.8,25.8,25.8,440.0
2024-11-07,25.718,26.4002,25.718,25.98,6440.0
2024-11-11,25.78,25.8469,25.65,25.8469,1186.0
2024-11-13,26.0,26.5361,26.0,26.5361,790.0
2024-11-14,26.0,26.676,25.98,26.1,1802.0
2024-11-15,26.5,26.65,25.98,26.2,5251.0
2024-11-18,26.06,26.1991,26.06,26.1991,576.0
2024-11-19,26.2,26.2,26.0,26.0,1341.0
2024-11-20,26.03,26.03,25.63,25.63,2544.0
2024-11-21,25.8,25.99,25.8,25.8,1311.0
2024-11-25,25.99,26.4,25.7,25.71,1853.0
2024-11-29,25.9,26.3,25.8999,26.19,5400.0
2024-12-02,26.0764,26.0764,26.05,26.05,910.0
2024-12-03,26.17,26.17,25.87,25.87,700.0
2024-12-04,26.1093,26.15,25.93,25.93,1770.0
2024-12-11,26.15,26.3,25.4003,25.9139,3066.0
2024-12-12,26.16,26.16,25.9,26.16,612.0
2024-12-13,26.15,26.15,26.035,26.035,1792.0
2024-12-16,26.15,26.15,26.1499,26.15,1209.0
2024-12-17,26.3,26.3,25.97,26.3,671.0
2024-12-18,26.7,26.7,25.2,25.2,8372.0
2024-12-19,24.85,27.46,24.85,25.9,11531.0
2024-12-20,25.5,25.5,25.02,25.02,1675.0
2024-12-24,25.0,25.47,25.0,25.44,1187.0
2024-12-26,25.11,25.51,25.05,25.51,4761.0
2024-12-30,25.1515,25.66,25.1515,25.1515,1827.0
2024-12-31,25.2278,25.2278,25.2278,25.2278,400.0
2025-01-02,25.05,25.05,25.02,25.02,585.0
2025-01-03,25.3,25.3,25.2699,25.2699,498.0
2025-01-06,25.71,25.71,25.2942,25.2942,3510.0
2025-01-07,25.4,25.4,25.4,25.4,1013.0
2025-01-08,25.78,25.78,25.78,25.78,145.0
2025-01-10,25.2,25.3514,25.0501,25.3514,2960.0
2025-01-13,25.4259,25.4259,25.4259,25.4259,210.0
2025-01-14,25.4,25.5,25.4,25.5,1854.0
2025-01-15,25.73,25.77,25.1,25.43,3715.0
2025-01-16,25.45,25.48,25.45,25.4799,354.0
2025-01-17,25.48,25.48,25.4799,25.48,1306.0
2025-01-21,25.77,25.77,25.2948,25.2948,1383.0
2025-01-22,26.0,26.0,25.98,26.0,1051.0
2025-01-23,26.25,26.97,26.19,26.97,5301.0
2025-01-24,26.66,27.6,25.9689,25.9689,3923.0
2025-01-27,26.48,26.48,26.0,26.0,1512.0
2025-01-31,25.2272,25.9286,25.2272,25.9286,795.0
2025-02-04,25.6,25.7,25.53,25.7,1777.0
2025-02-05,25.75,25.958,25.7282,25.95,1151.0
2025-02-07,25.9286,25.95,25.9286,25.9499,906.0
2025-02-10,25.7276,25.905,25.7,25.82,3442.0
2025-02-11,25.82,25.82,25.76,25.82,700.0
2025-02-12,25.7,25.82,25.7,25.7,3101.0
2025-02-13,25.7,25.7432,25.7,25.7,1109.0
2025-02-14,25.7,25.72,25.4591,25.6144,6171.0
2025-02-18,25.6,25.6238,25.6,25.6238,1512.0
2025-02-19,25.69,25.8,25.55,25.7,4013.0
2025-02-20,25.71,25.7508,25.7,25.7,1992.0
2025-02-21,25.56,25.7,25.53,25.61,1244.0
2025-02-24,25.52,25.52,25.51,25.51,267.0
2025-02-25,25.5,25.5842,25.5,25.56,1403.0
2025-02-26,25.7752,25.7752,25.56,25.685,803.0
2025-02-27,25.56,25.75,25.27,25.3,8703.0
2025-02-28,25.31,25.31,25.2,25.25,1031.0
2025-03-03,25.7488,25.7547,25.36,25.36,834.0
2025-03-04,25.29,25.36,25.29,25.36,394.0
2025-03-05,25.4637,25.4637,25.4637,25.4637,905.0
2025-03-06,25.27,25.3718,25.27,25.3718,609.0
2025-03-10,24.9,25.272,24.85,25.0,6465.0
2025-03-11,25.3899,25.3899,25.1932,25.29,4022.0
2025-03-12,25.4,25.5,25.4,25.5,2533.0
2025-03-13,25.52,25.77,25.5199,25.655,3158.0
2025-03-14,25.71,26.04,25.71,26.04,3626.0
2025-03-17,25.865,26.0958,25.7,26.0958,1456.0
2025-03-19,26.0899,26.15,25.7,25.7,1400.0
2025-03-20,26.11,26.15,25.85,26.15,819.0
2025-03-21,26.15,26.15,26.15,26.15,253.0
2025-03-24,26.15,26.15,25.53,25.54,1721.0
2025-03-26,26.11,26.11,26.11,26.11,432.0
2025-03-27,25.7948,25.8722,25.7948,25.8722,603.0
2025-03-28,26.15,26.15,25.7673,25.7673,1154.0
2025-03-31,25.825,25.825,25.825,25.825,130.0
2025-04-02,25.9919,26.1032,25.75,25.75,2105.0
2025-04-03,26.081,26.081,26.081,26.081,458.0
2025-04-04,26.11,26.11,26.11,26.11,237.0
2025-04-07,25.4001,25.4001,25.4001,25.4001,182.0
2025-04-09,25.7842,25.7842,25.4,25.4,1495.0
2025-04-10,25.41,25.41,25.41,25.41,225.0
2025-04-11,25.5053,25.775,25.1458,25.1458,6507.0
2025-04-14,25.4121,25.45,25.3002,25.45,688.0
2025-04-15,25.2548,25.2624,25.05,25.2624,3699.0
2025-04-17,25.3,26.13,25.3,26.06,931.0
2025-04-21,25.6356,25.81,25.6356,25.6356,315.0
2025-04-22,26.09,26.15,25.37,25.37,3474.0
2025-04-23,25.38,25.75,25.38,25.38,1471.0
2025-04-24,25.1624,25.3,25.1624,25.3,1790.0
2025-04-28,25.5,25.5,25.5,25.5,121.0
2025-04-29,25.3086,25.3086,25.3086,25.3086,503.0
2025-04-30,25.59,25.59,25.59,25.59,150.0
2025-05-01,25.5789,25.5789,25.2418,25.3,1940.0
2025-05-02,25.45,25.45,25.45,25.45,501.0
2025-05-05,25.4228,25.4228,25.4045,25.4045,1241.0
2025-05-06,25.5126,25.5126,25.497,25.497,527.0
2025-05-08,25.4319,25.4319,25.2289,25.2289,1378.0
2025-05-12,25.27,25.27,25.27,25.27,250.0
2025-05-14,25.27,25.27,25.27,25.27,1395.0
2025-05-15,25.28,25.43,25.25,25.43,4905.0
2025-05-16,25.5861,25.5861,25.3,25.3,780.0
2025-05-19,25.3,25.32,25.3,25.32,492.0
2025-05-20,25.3622,25.3622,25.3622,25.3622,198.0
2025-05-21,25.34,25.575,25.33,25.33,5148.0
2025-05-22,25.55,25.58,25.35,25.35,2343.0
2025-05-28,25.3522,25.46,25.3522,25.46,204.0
2025-05-30,25.37,25.42,25.35,25.42,3067.0
2025-06-02,25.39,25.39,25.36,25.39,368.0
2025-06-04,25.57,26.12,25.4,26.12,3157.0
2025-06-06,25.841,25.841,25.841,25.841,407.0
2025-06-09,25.754,25.875,25.754,25.875,471.0
2025-06-11,26.08,26.08,26.08,26.08,328.0
2025-06-13,25.99,26.155,25.96,25.9601,1288.0
2025-06-16,26.155,26.2671,26.155,26.2671,2683.0
2025-06-17,26.125,26.65,25.6,26.115,2675.0
2025-06-18,26.07,26.07,24.83,25.2,2342.0
2025-06-20,25.0,25.24,25.0,25.2,1670.0
2025-06-23,25.2,25.96,25.1501,25.42,4262.0
2025-06-24,25.31,25.33,25.31,25.33,236.0
2025-06-25,25.3,25.4,25.17,25.4,3000.0
2025-06-26,25.25,25.25,25.25,25.25,123.0
2025-06-27,25.63,25.63,25.16,25.4896,1205.0
2025-06-30,25.87,25.92,25.87,25.87,1613.0
2025-07-01,25.74,25.74,25.21,25.21,231.0
2025-07-02,25.815,25.815,25.1101,25.25,2791.0
2025-07-03,25.5367,25.5367,25.5367,25.5367,251.0
2025-07-07,25.6,25.64,25.38,25.44,2270.0
2025-07-09,25.6048,25.6048,25.6048,25.6048,428.0
2025-07-10,25.4255,25.5113,25.4255,25.5113,348.0
2025-07-11,25.6107,25.6107,25.5012,25.5012,1625.0
2025-07-15,25.4784,25.4784,25.4784,25.4784,299.0
2025-07-16,25.64,25.64,25.64,25.64,1033.0
2025-07-17,25.3884,25.495,25.3617,25.495,2192.0
2025-07-18,25.3771,25.5107,25.3771,25.5107,458.0
2025-07-22,25.64,25.85,25.64,25.85,972.0
2025-07-25,25.37,25.47,25.3522,25.47,1444.0
2025-07-28,25.7701,25.7701,25.7701,25.7701,191.0
2025-07-29,25.6423,25.6423,25.6423,25.6423,102.0
2025-07-31,25.5,25.5,25.5,25.5,434.0
2025-08-01,25.61,25.7,25.6,25.7,596.0
2025-08-04,25.85,25.85,25.85,25.85,619.0
2025-08-05,25.46,26.95,25.46,26.84,8948.0
2025-08-06,25.709,26.15,25.709,25.709,1414.0
2025-08-07,25.97,26.0,25.95,26.0,1894.0
2025-08-08,27.0,27.0,25.95,25.95,1217.0
2025-08-11,25.9508,26.15,25.9508,26.15,1321.0
2025-08-12,26.0051,26.15,26.0051,26.0054,2046.0
2025-08-13,25.88,25.88,25.83,25.83,1058.0
2025-08-14,26.2,26.35,26.075,26.35,4460.0
2025-08-15,26.115,26.3745,25.66,25.73,4299.0
2025-08-18,25.865,25.865,25.21,25.38,8534.0
2025-08-20,25.4,25.46,25.4,25.46,431.0
2025-08-21,25.45,25.637,25.45,25.637,1872.0
2025-08-22,25.49,25.63,25.49,25.57,5170.0
2025-08-25,25.64,25.815,25.64,25.66,2850.0
2025-08-27,25.5,25.7,25.5,25.7,618.0
2025-09-02,25.66,25.66,25.66,25.66,303.0
2025-09-04,25.44,25.7,25.44,25.7,3502.0
2025-09-05,25.7161,25.7161,25.7161,25.7161,803.0
2025-09-08,25.7821,25.97,25.73,25.97,3769.0
2025-09-09,25.9049,25.9049,25.9003,25.9003,700.0
2025-09-10,25.6869,25.6869,25.6869,25.6869,305.0
2025-09-11,26.03,26.06,25.49,26.0,4167.0
2025-09-15,26.0,26.15,26.0,26.13,2810.0
2025-09-16,25.77,25.935,25.76,25.935,1536.0
2025-09-18,25.98,26.15,25.98,26.15,4136.0
2025-09-19,26.15,26.4829,26.1295,26.4829,6078.0
2025-09-23,26.0138,26.0138,25.7525,25.7525,1677.0
2025-09-24,26.05,26.05,25.927,26.0,1267.0
2025-09-25,25.84,26.18,25.8009,26.1799,2320.0
2025-09-26,26.19,26.2,26.19,26.19,1323.0
2025-10-01,26.1,26.1,26.08,26.08,817.0
2025-10-03,26.2,26.3696,26.2,26.24,1230.0
2025-10-07,26.28,26.4475,26.22,26.4475,1970.0
2025-10-08,26.43,26.43,26.24,26.25,767.0
2025-10-10,26.4034,26.4034,26.4034,26.4034,111.0
2025-10-15,25.96,25.99,25.96,25.99,483.0
2025-10-20,26.17,26.29,26.17,26.17,263.0
2025-10-23,25.6,26.65,25.6,26.57,4136.0
2025-10-24,26.7,27.0,26.7,26.75,5296.0
2025-10-27,26.84,26.85,25.86,25.9201,4810.0
2025-10-28,25.9,26.34,25.9,25.9,800.0
2025-10-30,25.95,26.4301,25.9,26.4301,710.0
2025-10-31,26.0,26.74,26.0,26.0,2151.0
2025-11-03,26.01,26.0201,26.01,26.0101,1423.0
2025-11-05,26.19,26.63,26.19,26.59,970.0
2025-11-06,27.18,27.27,26.02,26.1,10322.0
2025-11-07,26.4409,26.45,25.8,26.45,4174.0
2025-11-10,26.7145,26.7145,25.8,26.59,4014.0
2025-11-12,25.84,26.347,25.8,26.347,2640.0
2025-11-17,25.91,26.2,25.91,26.2,263.0
2025-11-19,26.0,26.1,26.0,26.1,305.0
2025-11-20,25.85,26.01,25.85,26.01,1348.0
2025-11-21,26.05,26.0601,26.05,26.0501,2822.0
2025-11-24,25.88,26.05,25.85,26.05,914.0
2025-11-25,26.0,26.0,26.0,26.0,360.0
2025-11-26,26.22,26.25,26.22,26.25,470.0
2025-12-02,26.4,26.65,26.4,26.4972,690.0
2025-12-03,26.01,26.07,26.01,26.07,800.0
2025-12-04,26.07,26.4172,26.07,26.4172,645.0
2025-12-05,26.057,26.057,26.057,26.057,134.0
2025-12-08,26.1,26.1,26.1,26.1,143.0
2025-12-09,26.13,26.13,26.13,26.13,661.0
2025-12-10,26.3,26.3,26.3,26.3,151.0
2025-12-11,26.07,26.29,26.0,26.2061,5329.0
2025-12-12,26.3686,26.5555,26.07,26.4564,2828.0
2025-12-15,26.6019,26.6019,26.05,26.17,3194.0
2025-12-16,26.43,26.43,26.43,26.43,100.0
2025-12-17,26.09,26.39,26.07,26.28,1461.0
2025-12-18,26.37,26.58,26.1301,26.58,1166.0
2025-12-19,25.95,25.975,25.75,25.975,9085.0
2025-12-22,25.76,25.96,25.75,25.75,709.0
2025-12-23,25.9093,25.9093,25.52,25.52,5024.0
2025-12-24,25.62,25.65,25.62,25.65,204.0
2025-12-26,25.8985,25.8985,25.62,25.62,402.0
2025-12-29,25.61,25.75,25.61,25.75,2290.0
2025-12-30,25.75,25.75,25.75,25.75,242.0
2025-12-31,25.75,25.75,25.75,25.75,660.0
2026-01-02,25.77,25.77,25.77,25.77,428.0
2026-01-06,25.78,26.0,25.78,25.78,565.0
2026-01-07,25.827,25.95,25.827,25.827,679.0
2026-01-13,25.66,25.85,25.66,25.85,790.0
2026-01-16,25.82,25.82,25.82,25.82,155.0
2026-01-20,25.8,25.9178,25.64,25.9178,3094.0
2026-01-21,26.0,26.51,26.0,26.5,2104.0
2026-01-23,26.3,26.3,26.3,26.3,509.0
2026-01-26,26.0125,26.0125,25.65,26.0125,1686.0
2026-01-27,25.95,26.02,25.95,26.0,4039.0
2026-01-28,26,26,25.8539,26,3496
2026-02-02,26,26,26,26,625
2026-02-04,25.832,26.054,25.6125,25.6125,748
2026-02-05,25.65,26,25.65,26,1034
2026-02-09,26.091,26.35,25.79,26.1,1486
2026-02-10,25.61,25.83,25.61,25.83,815
