date,open,high,low,close,volume
2008-04-08,7.77268,7.77268,7.77268,7.77268,919.974
2008-04-09,7.66748,7.67161,7.6632,7.6632,9453.67
2008-04-10,7.41186,7.41186,7.41186,7.41186,919.974
2008-04-21,7.51011,7.51011,7.49502,7.49502,3771.47
2008-04-22,7.60382,7.60382,7.60382,7.60382,919.974
2008-04-23,7.78712,7.78712,7.78712,7.78712,919.974
2008-04-24,8.07441,8.07441,8.07441,8.07441,919.974
2008-04-28,8.19216,8.21737,8.19216,8.21737,9453.67
2008-04-30,8.48783,8.60075,8.48783,8.50223,95440.0
2008-05-01,8.49649,8.82466,8.49649,8.82466,3771.47
2008-05-02,9.03651,9.04707,8.77107,8.77107,7567.93
2008-05-05,8.7617,8.83854,8.72519,8.72519,236745.0
2008-05-06,8.12152,8.6774,8.12152,8.6774,11310.2
2008-05-07,8.07972,8.97237,8.07972,8.66655,16397.1
2008-05-09,8.72566,8.72566,8.72566,8.72566,6622.98
2008-05-13,8.9102,8.9102,8.9102,8.9102,919.974
2008-05-14,9.02834,9.02834,9.02834,9.02834,919.974
2008-05-15,9.06102,9.22025,9.06102,9.20848,11580.8
2008-05-16,9.50158,9.50158,9.50158,9.50158,919.974
2008-05-19,9.3627,9.53111,9.3627,9.53111,7567.93
2008-05-20,9.25702,9.25702,9.02834,9.10686,14378.2
2008-05-22,8.95868,8.96512,8.95868,8.96512,2834.85
2008-05-23,8.83517,8.83517,8.68937,8.73527,5873.68
2008-05-27,8.90343,8.90343,8.90343,8.90343,919.974
2008-05-28,9.01083,9.01083,9.01083,9.01083,919.974
2008-05-29,9.21793,9.43407,9.19047,9.43407,21738.0
2008-05-30,9.43407,9.5069,9.43407,9.48191,5432.42
2008-06-02,9.19047,9.19047,9.17348,9.17348,9453.67
2008-06-03,8.99904,8.99904,8.99904,8.99904,919.974
2008-06-04,9.24772,9.24772,9.24772,9.24772,3771.47
2008-06-05,9.60228,9.60228,9.60228,9.60228,5682.19
2008-06-06,9.43766,9.43766,9.43766,9.43766,919.974
2008-06-09,8.99207,9.04707,8.91112,9.04707,231537.0
2008-06-11,8.50345,8.59739,8.35524,8.35524,5882.0
2008-06-12,8.56809,8.56809,8.1472,8.16931,9745.06
2008-06-13,8.41651,8.48971,8.39081,8.48971,2834.85
2008-06-16,8.28363,8.41529,8.28363,8.41529,19827.3
2008-06-17,8.4703,8.4703,8.4703,8.4703,1873.25
2008-06-18,8.23779,8.23779,8.23779,8.23779,1873.25
2008-06-20,7.84307,7.84307,7.77729,7.81448,5682.19
2008-06-23,7.76789,7.76789,7.68474,7.68474,1873.25
2008-06-24,7.60045,7.60167,7.60045,7.60167,4733.07
2008-06-26,7.62518,7.62518,7.49502,7.50604,9453.67
2008-06-27,7.25498,7.3333,7.25498,7.27449,13220.9
2008-06-30,7.58005,7.58005,7.58005,7.58005,919.974
2008-07-01,7.30451,7.30451,7.18632,7.18632,31212.5
2008-07-02,7.4621,7.4621,7.09432,7.09432,3771.47
2008-07-03,6.96945,6.96945,6.89272,6.89272,2834.85
2008-07-07,7.0181,7.0181,6.84784,6.84784,14657.1
2008-07-08,7.04168,7.20866,7.04168,7.20866,20780.5
2008-07-09,6.98906,6.98906,6.90018,6.90018,2834.85
2008-07-10,6.87786,6.87786,6.87786,6.87786,919.974
2008-07-11,6.70323,6.72895,6.68619,6.72895,2834.85
2008-07-14,6.81802,6.87786,6.81802,6.87786,3771.47
2008-07-15,6.80839,6.80839,6.80839,6.80839,919.974
2008-07-16,6.81802,6.85674,6.81802,6.85674,10394.4
2008-07-17,6.87786,6.87786,6.87786,6.87786,1873.25
2008-07-18,6.89391,7.01167,6.89391,7.01167,6622.98
2008-07-21,7.10847,7.10847,6.98379,6.98379,154039.0
2008-07-22,6.87544,6.88025,6.87544,6.88025,5682.19
2008-07-23,7.2161,7.56612,7.2161,7.48637,7567.93
2008-07-24,7.40659,7.40971,7.22785,7.22785,6947.67
2008-07-25,7.09528,7.09528,7.09528,7.09528,1390.36
2008-07-28,6.93624,6.93624,6.93624,6.93624,2834.85
2008-07-29,6.88267,6.95664,6.88267,6.9372,7567.93
2008-07-30,7.0984,7.0984,7.02104,7.02104,21579.8
2008-07-31,7.11716,7.15773,7.11716,7.15773,19827.3
2008-08-05,6.90765,6.95453,6.90115,6.95453,41111.6
2008-08-07,6.77719,6.77719,6.62752,6.66456,22333.3
2008-08-08,6.84689,7.19569,6.84689,7.0905,27857.3
2008-08-11,7.13179,7.4239,7.13179,7.34557,93475.2
2008-08-12,7.33765,7.4239,7.29442,7.29442,14186.7
2008-08-13,7.17044,7.24853,7.03187,7.19999,27062.2
2008-08-14,7.0905,7.27519,7.0905,7.19664,9453.67
2008-08-15,7.30669,7.36959,7.30669,7.36959,5682.19
2008-08-19,6.99652,6.99652,6.87544,6.87544,17949.9
2008-08-20,7.02321,7.05345,7.02321,7.05345,2834.85
2008-08-21,6.88367,7.04964,6.88367,6.97972,2834.85
2008-08-22,7.0905,7.21707,7.0905,7.21707,20780.5
2008-08-25,7.0594,7.0594,6.89391,6.89391,9453.67
2008-08-26,6.85746,6.90018,6.82527,6.82527,9453.67
2008-08-27,6.97015,7.13802,6.97015,7.12334,17949.9
2008-08-28,7.32155,7.36381,7.32155,7.36381,23627.9
2008-08-29,7.40659,7.40659,7.31508,7.31508,1873.25
2008-09-02,7.63911,7.68813,7.46805,7.4974,57825.1
2008-09-03,7.53993,7.53993,7.5217,7.52815,5099.4
2008-09-04,7.4362,7.44068,7.01982,7.01982,56592.9
2008-09-05,6.85746,6.91485,6.79232,6.91485,6269.14
2008-09-08,7.19183,7.27926,7.08711,7.27926,32128.3
2008-09-09,7.32779,7.32779,7.04217,7.04217,16347.2
2008-09-10,7.00565,7.00565,6.73521,6.73521,32690.3
2008-09-11,6.40708,6.62586,6.40708,6.62586,38289.2
2008-09-12,6.53434,6.7378,6.49591,6.73521,34975.6
2008-09-15,6.37697,6.48559,6.13531,6.13531,33039.9
2008-09-16,5.79157,6.00898,5.73582,5.87805,17949.9
2008-09-17,5.70122,5.71707,5.29044,5.29044,59327.9
2008-09-18,5.43915,5.72048,5.07878,5.72048,68511.0
2008-09-19,6.29627,6.36598,6.12935,6.12935,9453.67
2008-09-22,6.13749,6.1476,5.64958,5.64958,31212.5
2008-09-23,5.83072,5.83072,5.54081,5.54081,17949.9
2008-09-24,5.40747,5.49489,5.40747,5.47062,4733.07
2008-09-25,5.59004,5.84417,5.59004,5.69885,27636.6
2008-09-29,5.2758,5.3455,4.74491,5.07782,152549.0
2008-09-30,4.93612,5.07165,4.93612,5.06463,5682.19
2008-10-01,5.03917,5.03917,5.03627,5.03627,5682.19
2008-10-02,5.30178,5.30178,4.81576,4.81576,9649.32
2008-10-03,5.84105,5.84105,4.71558,4.78507,55252.5
2008-10-06,4.26615,4.43792,3.88946,4.22438,368605.0
2008-10-07,4.3382,4.3382,3.84547,3.84547,3771.47
2008-10-08,3.57767,3.80273,3.34371,3.35019,63557.3
2008-10-09,3.6204,3.6204,2.84231,2.97633,28947.9
2008-10-10,2.81161,2.90363,2.42843,2.75151,83734.2
2008-10-13,3.14164,3.57767,3.00665,3.57767,92605.1
2008-10-14,3.96201,4.42778,3.38574,3.55581,347350.0
2008-10-15,3.29612,3.31097,2.96292,2.967,83634.3
2008-10-16,2.96292,3.07271,2.72509,3.07271,44221.2
2008-10-17,2.97014,3.25601,2.97014,3.0155,68244.5
2008-10-20,3.12173,3.29704,3.12173,3.28291,26620.9
2008-10-21,3.36408,3.40042,3.14357,3.15366,44221.2
2008-10-22,3.06859,3.06859,2.55091,2.72799,105751.0
2008-10-23,2.61938,2.72221,2.38085,2.61797,118039.0
2008-10-24,2.328,2.44958,2.21149,2.44958,98911.7
2008-10-27,2.37438,2.54465,2.34003,2.49235,58124.8
2008-10-28,2.69536,2.78806,2.43347,2.74835,116595.0
2008-10-29,2.72009,2.98936,2.71218,2.80391,71816.2
2008-10-30,3.08064,3.08064,2.72989,2.88342,23240.7
2008-10-31,2.91083,3.18056,2.90889,3.17457,37523.2
2008-11-03,3.29321,3.35974,2.97853,3.33815,92967.3
2008-11-04,3.62788,3.71387,3.34153,3.62472,136331.0
2008-11-05,3.6934,3.6934,3.13636,3.17862,520180.0
2008-11-06,2.94155,3.11594,2.79426,2.90961,277157.0
2008-11-07,3.04173,3.04173,2.8601,2.93702,100497.0
2008-11-10,3.16425,3.20336,2.90456,3.01147,159080.0
2008-11-11,2.82913,2.94275,2.77506,2.78302,59236.3
2008-11-12,2.6362,2.7849,2.487,2.55626,147108.0
2008-11-13,2.4402,2.97759,2.4402,2.97759,168621.0
2008-11-14,2.86229,2.95858,2.64032,2.77748,87655.6
2008-11-17,2.56942,2.79232,2.56942,2.67736,41149.0
2008-11-18,2.63714,2.68717,2.38085,2.41496,104032.0
2008-11-19,2.58796,2.58796,2.16398,2.23064,99244.8
2008-11-20,2.09943,2.27399,1.85699,1.85699,204933.0
2008-11-21,2.58698,2.58698,1.80101,2.13243,349336.0
2008-11-24,2.17028,2.45484,2.16841,2.32586,133109.0
2008-11-25,2.48889,2.60573,2.40225,2.54855,124517.0
2008-11-26,2.487,2.95378,2.487,2.91992,782510.0
2008-11-28,2.85748,3.0028,2.78398,2.96796,253650.0
2008-12-01,2.81161,2.81161,2.46208,2.56637,225851.0
2008-12-02,2.66671,2.8601,2.60473,2.8601,138828.0
2008-12-03,2.81257,2.90961,2.63405,2.76213,71162.7
2008-12-04,2.76691,3.01147,2.5781,2.7609,168809.0
2008-12-05,2.68476,2.85748,2.54465,2.83559,78497.5
2008-12-08,3.01191,3.17122,2.97326,3.15776,248484.0
2008-12-09,3.32879,3.32879,2.94444,3.01026,229781.0
2008-12-10,3.12627,3.13516,2.91298,2.99586,161245.0
2008-12-11,2.94541,3.00832,2.7724,2.81494,121053.0
2008-12-12,2.61797,2.8325,2.56078,2.77966,215619.0
2008-12-15,2.63191,2.79232,2.49617,2.63313,176580.0
2008-12-16,2.494,2.91511,2.494,2.86514,91755.9
2008-12-17,2.82388,2.9636,2.76523,2.92161,96414.1
2008-12-18,2.93822,2.9646,2.78183,2.84137,41756.8
2008-12-19,2.95593,2.95593,2.80391,2.80391,51680.9
2008-12-22,2.85748,2.85748,2.60135,2.60135,71300.0
2008-12-23,2.79118,2.80967,2.69868,2.73108,233577.0
2008-12-24,3.06117,3.06117,2.71764,2.71764,142891.0
2008-12-26,2.94898,2.94898,2.70683,2.78806,143861.0
2008-12-29,2.78398,2.78398,2.66865,2.69868,123547.0
2008-12-30,2.74075,2.79863,2.7229,2.79863,174403.0
2008-12-31,2.8325,2.98405,2.8325,2.96292,95714.7
2009-01-02,3.03958,3.13516,2.90961,3.11093,157923.0
2009-01-05,3.08496,3.08496,2.86416,3.03264,239576.0
2009-01-06,3.08064,3.2159,3.06648,3.14814,93283.7
2009-01-07,3.0155,3.18294,2.91298,3.09333,205836.0
2009-01-08,3.08375,3.30023,3.04939,3.29612,184436.0
2009-01-09,3.28391,3.3129,3.14601,3.1515,96855.3
2009-01-12,3.06859,3.06859,2.87258,2.91992,104102.0
2009-01-13,2.87258,2.91298,2.85915,2.91298,186438.0
2009-01-14,2.90961,2.90961,2.66095,2.68428,97105.1
2009-01-15,2.65401,2.67247,2.40225,2.67247,330291.0
2009-01-16,2.77966,2.77966,2.58436,2.68831,37831.3
2009-01-20,2.63405,2.64973,2.51899,2.51899,40582.9
2009-01-21,2.56294,2.70058,2.52911,2.70058,68943.9
2009-01-22,2.57472,2.68831,2.55842,2.6362,13041.9
2009-01-23,2.55958,2.8027,2.5389,2.73881,55335.8
2009-01-26,2.79741,2.90168,2.79741,2.85648,34563.5
2009-01-27,2.80485,2.82673,2.71309,2.78302,134424.0
2009-01-28,2.81878,2.90456,2.76691,2.85748,413842.0
2009-01-29,2.7724,2.79525,2.63191,2.63958,65567.9
2009-01-30,2.69724,2.69724,2.50985,2.53338,81719.5
2009-02-02,2.51562,2.57061,2.48889,2.57061,10673.3
2009-02-03,2.65521,2.69868,2.6072,2.69868,51710.0
2009-02-04,2.80174,2.80174,2.58317,2.58317,44945.5
2009-02-05,2.54015,2.64753,2.52454,2.6362,40903.4
2009-02-06,2.72509,2.79741,2.72509,2.79329,54965.3
2009-02-09,2.78925,2.80391,2.7724,2.7724,18024.8
2009-02-10,2.62396,2.66477,2.56202,2.56848,53362.6
2009-02-11,2.59227,2.61029,2.53698,2.56724,14465.6
2009-02-12,2.49087,2.58317,2.44861,2.58317,25559.4
2009-02-13,2.61387,2.71424,2.60814,2.68184,122385.0
2009-02-17,2.41281,2.50768,2.40584,2.43155,421980.0
2009-02-18,2.3482,2.36597,2.31094,2.33906,33864.2
2009-02-19,2.38638,2.50264,2.37031,2.37031,217184.0
2009-02-20,2.23852,2.43347,2.18202,2.41281,75795.8
2009-02-23,2.37031,2.46109,2.28331,2.28331,70825.5
2009-02-24,2.29824,2.50697,2.27494,2.49496,56609.6
2009-02-25,2.4678,2.5781,2.36476,2.53698,28823.0
2009-02-26,2.53338,2.53338,2.42315,2.42433,30275.8
2009-02-27,2.328,2.45484,2.30639,2.45484,26929.0
2009-03-02,2.29079,2.3172,2.13848,2.15467,74184.8
2009-03-03,2.32369,2.32369,1.85814,2.0423,304078.0
2009-03-04,2.18841,2.29079,2.10157,2.22124,57891.7
2009-03-05,2.14696,2.15467,2.02122,2.0486,45486.6
2009-03-06,2.10368,2.10368,1.89522,1.95766,24256.5
2009-03-09,1.94819,2.02429,1.88764,1.88764,148869.0
2009-03-10,1.98616,2.11618,1.8992,2.11618,53824.7
2009-03-11,2.13441,2.2338,2.13441,2.22124,98745.2
2009-03-12,2.22216,2.37438,2.22216,2.37438,114597.0
2009-03-13,2.42506,2.47072,2.3482,2.46853,92709.2
2009-03-16,2.2378,2.51202,2.2378,2.37126,124637.0
2009-03-17,2.4993,2.4993,2.3566,2.47072,65476.3
2009-03-18,2.487,2.72604,2.487,2.65401,124721.0
2009-03-19,2.66768,2.67589,2.59034,2.63019,65368.1
2009-03-20,2.69632,2.69632,2.51322,2.52789,32981.6
2009-03-23,2.63019,2.85818,2.617,2.85818,125270.0
2009-03-24,3.05325,3.05325,2.72701,2.7287,61621.6
2009-03-25,2.77966,2.77966,2.56848,2.5781,47268.3
2009-03-26,2.74932,2.81494,2.65521,2.81494,87917.8
2009-03-27,2.6451,2.80728,2.52142,2.78683,46764.6
2009-03-30,2.62036,2.63405,2.50697,2.56724,61034.6
2009-03-31,2.64753,2.72604,2.60428,2.64177,38709.6
2009-04-01,2.65638,2.85748,2.59803,2.8169,71720.5
2009-04-02,2.96172,3.11018,2.95042,3.04173,185988.0
2009-04-03,3.047,3.10012,3.0268,3.06859,64922.7
2009-04-06,3.1631,3.1631,2.94275,3.07392,187391.0
2009-04-07,2.91203,2.97252,2.68881,2.88775,73930.9
2009-04-08,2.90168,2.93192,2.87258,2.87258,45607.4
2009-04-09,2.88219,3.06956,2.88219,3.06956,36753.1
2009-04-13,2.93046,3.27789,2.92711,3.06859,765114.0
2009-04-14,3.09914,3.09914,2.84903,2.86974,991553.0
2009-04-15,3.03763,3.03763,2.84786,2.9348,138237.0
2009-04-16,2.91511,3.01672,2.91083,2.99363,1198064.0
2009-04-17,3.05882,3.05882,2.9646,2.99363,419325.0
2009-04-20,2.76523,2.89323,2.72604,2.72604,107062.0
2009-04-21,2.72509,2.82388,2.6451,2.81257,23311.5
2009-04-22,2.83484,2.93702,2.81593,2.9185,88542.3
2009-04-23,2.85314,2.86299,2.75442,2.81782,24830.9
2009-04-24,2.86974,2.94444,2.86851,2.93192,42964.0
2009-04-27,3.01317,3.01317,2.78683,2.90266,83900.8
2009-04-28,2.81782,2.96172,2.80074,2.96172,28594.1
2009-04-29,3.00039,3.14263,2.99033,2.99033,43388.6
2009-04-30,3.10441,3.14934,3.00665,3.08496,56193.3
2009-05-01,3.17862,3.17862,2.96796,3.1515,46398.3
2009-05-04,3.1515,3.38281,3.1515,3.34701,80121.0
2009-05-05,3.38476,3.41717,3.33407,3.41717,30854.5
2009-05-06,3.49218,3.51086,3.39341,3.45421,85678.3
2009-05-07,3.55966,3.6149,3.32637,3.34919,142995.0
2009-05-08,3.43643,3.46858,3.35974,3.44745,102562.0
2009-05-11,3.23003,3.44745,3.23003,3.42362,51039.8
2009-05-12,3.47747,3.48375,3.36408,3.41165,58399.6
2009-05-13,3.30216,3.30666,3.15581,3.15876,58124.8
2009-05-14,3.1631,3.24449,3.1631,3.24449,85711.6
2009-05-15,3.18195,3.18195,3.08732,3.14814,21975.3
2009-05-18,3.18195,3.26054,3.18195,3.25359,13733.0
2009-05-19,3.23749,3.31362,3.23749,3.31362,10019.8
2009-05-20,3.12488,3.38356,3.12488,3.28985,59685.9
2009-05-21,3.28483,3.28483,3.02443,3.07512,49062.5
2009-05-22,3.04173,3.08184,3.03672,3.03672,33381.3
2009-05-26,3.05015,3.22908,3.05015,3.21875,28739.8
2009-05-27,3.23221,3.27547,3.1724,3.1724,56576.3
2009-05-28,3.2012,3.24833,3.10012,3.24833,26970.6
2009-05-29,3.23149,3.24833,3.16185,3.24833,25984.0
2009-06-01,3.19066,3.38574,3.19066,3.36194,81423.9
2009-06-02,3.40376,3.42362,3.36194,3.41358,84883.2
2009-06-03,3.36194,3.36194,3.23439,3.23749,40283.2
2009-06-04,3.32976,3.35785,3.31485,3.34153,38164.3
2009-06-05,3.4614,3.4614,3.31362,3.31362,71554.0
2009-06-08,3.22713,3.26894,3.165,3.26173,85474.3
2009-06-09,3.26054,3.27018,3.23964,3.27018,53866.3
2009-06-10,3.2656,3.31002,3.23533,3.31002,11310.2
2009-06-11,3.38186,3.5452,3.38186,3.47437,330216.0
2009-06-12,3.41358,3.5037,3.39534,3.49094,382717.0
2009-06-15,3.40255,3.4071,3.34701,3.38186,26333.7
2009-06-16,3.39942,3.39942,3.31846,3.33935,7938.41
2009-06-17,3.28985,3.30216,3.23871,3.28125,23548.8
2009-06-18,3.29828,3.31607,3.28772,3.29321,42618.5
2009-06-19,3.34058,3.34058,3.20795,3.20795,28157.0
2009-06-22,3.16066,3.17862,3.14601,3.16425,35300.3
2009-06-23,3.21706,3.23749,3.15366,3.21776,181755.0
2009-06-24,3.26798,3.26894,3.20458,3.20458,12009.6
2009-06-25,3.17959,3.29828,3.17959,3.29228,27166.2
2009-06-26,3.26462,3.33309,3.26222,3.31701,80799.5
2009-06-29,3.37203,3.4102,3.32275,3.37949,90615.3
2009-06-30,3.37514,3.37514,3.25819,3.26173,90960.8
2009-07-01,3.28578,3.32157,3.26462,3.27643,55964.4
2009-07-02,3.17457,3.17457,3.09143,3.11018,125491.0
2009-07-06,3.03264,3.10874,2.94155,3.09046,845310.0
2009-07-07,3.07512,3.07512,2.97132,2.97132,173300.0
2009-07-08,2.99463,2.99463,2.83004,2.89111,161112.0
2009-07-09,2.91083,2.93577,2.88219,2.93192,40649.5
2009-07-10,2.90266,2.90266,2.82169,2.89233,67103.9
2009-07-13,2.88532,2.97518,2.84376,2.97422,33830.9
2009-07-14,2.99463,2.99463,2.94155,2.94736,25501.1
2009-07-15,3.01317,3.09695,3.01317,3.09695,82006.7
2009-07-16,3.07079,3.13731,3.06427,3.12966,112644.0
2009-07-17,3.1515,3.15581,3.08064,3.1318,40403.9
2009-07-20,3.17862,3.21325,3.14694,3.20217,590931.0
2009-07-21,3.23003,3.24615,3.19596,3.22432,232582.0
2009-07-22,3.25268,3.27258,3.24759,3.25359,77964.6
2009-07-23,3.27547,3.45518,3.27547,3.40494,134586.0
2009-07-24,3.36722,3.40922,3.33407,3.38695,57583.7
2009-07-27,3.41165,3.43254,3.35785,3.4246,358161.0
2009-07-28,3.35785,3.45056,3.35785,3.43643,129545.0
2009-07-29,3.38814,3.38814,3.36844,3.37733,65634.5
2009-07-30,3.42585,3.44865,3.41165,3.41165,8945.81
2009-07-31,3.43136,3.43136,3.36194,3.36194,103682.0
2009-08-03,3.39942,3.43811,3.37637,3.42153,66637.7
2009-08-04,3.42055,3.47556,3.4102,3.42702,102562.0
2009-08-05,3.45056,3.45272,3.34297,3.39534,67370.4
2009-08-06,3.32325,3.32422,3.23533,3.25939,175806.0
2009-08-07,3.29828,3.33091,3.26705,3.30666,134108.0
2009-08-10,3.2656,3.28652,3.25939,3.28652,74984.1
2009-08-11,3.24833,3.24833,3.17028,3.17028,53866.3
2009-08-12,3.19378,3.29924,3.19066,3.29924,182550.0
2009-08-13,3.30452,3.42949,3.23003,3.26222,83617.7
2009-08-14,3.22499,3.23366,3.16425,3.18056,63166.0
2009-08-17,3.01434,3.09792,2.97633,3.06574,43072.2
2009-08-18,3.12052,3.12052,3.08278,3.08278,77856.4
2009-08-19,3.02348,3.12269,3.02348,3.10874,79405.0
2009-08-20,3.12269,3.17547,3.12269,3.17547,45316.0
2009-08-21,3.23749,3.30666,3.21776,3.2954,89395.6
2009-08-24,3.33407,3.33601,3.27547,3.3014,40499.6
2009-08-25,3.29443,3.36408,3.26894,3.32325,168101.0
2009-08-26,3.28125,3.36408,3.28125,3.36313,54761.3
2009-08-27,3.30216,3.3461,3.26364,3.33815,20476.7
2009-08-28,3.34058,3.38281,3.31607,3.31607,151067.0
2009-08-31,3.26462,3.27136,3.23366,3.23366,23627.9
2009-09-01,3.24518,3.24518,3.08587,3.08587,27857.3
2009-09-02,3.06117,3.12871,3.05784,3.12871,84083.9
2009-09-03,3.12269,3.12269,3.05662,3.09695,36532.5
2009-09-04,3.13851,3.22332,3.11425,3.22332,29459.9
2009-09-08,3.29321,3.29321,3.26054,3.27643,84858.2
2009-09-09,3.28985,3.33309,3.28985,3.33189,22229.2
2009-09-10,3.37133,3.48015,3.32879,3.48015,52459.3
2009-09-11,3.49218,3.54089,3.46858,3.53538,140269.0
2009-09-14,3.36844,3.57454,3.36844,3.55675,214528.0
2009-09-15,3.57863,3.63052,3.54089,3.6149,180052.0
2009-09-16,3.58466,3.64417,3.58027,3.64417,81240.7
2009-09-17,3.55484,3.6432,3.531,3.531,62616.5
2009-09-18,3.54715,3.66965,3.54715,3.66651,37240.2
2009-09-21,3.59783,3.66,3.57454,3.63583,47439.0
2009-09-22,3.68336,3.70018,3.65185,3.65185,1023577.0
2009-09-23,3.67519,3.80175,3.67425,3.72641,255990.0
2009-09-24,3.67641,3.70742,3.57767,3.59207,34992.3
2009-09-25,3.59207,3.60624,3.57233,3.57548,40420.5
2009-09-28,3.5868,3.70836,3.5868,3.70836,390606.0
2009-09-29,3.70112,3.78304,3.67979,3.73167,210378.0
2009-09-30,3.64994,3.75088,3.64994,3.70281,76312.0
2009-10-01,3.62982,3.62982,3.4698,3.4698,187841.0
2009-10-02,3.43901,3.45732,3.2954,3.4246,45636.5
2009-10-05,3.46263,3.52672,3.46263,3.52672,10910.6
2009-10-06,3.57668,3.6072,3.57668,3.59783,13233.4
2009-10-07,3.5179,3.59349,3.5179,3.55869,16492.9
2009-10-08,3.57767,3.57767,3.55387,3.55387,8271.44
2009-10-09,3.47942,3.49218,3.47942,3.49218,3779.8
2009-10-12,3.52672,3.53538,3.5179,3.51878,14070.1
2009-10-13,3.5179,3.5179,3.47221,3.47221,2851.5
2009-10-14,3.56708,3.57356,3.55054,3.569,49162.4
2009-10-15,3.57668,3.57668,3.55675,3.55675,20780.5
2009-10-16,3.48998,3.50463,3.48998,3.49648,11368.5
2009-10-19,3.51305,3.54715,3.50946,3.54715,51439.4
2009-10-20,3.48901,3.48901,3.45176,3.45923,32211.5
2009-10-21,3.47842,3.52579,3.43469,3.43469,9949.04
2009-10-22,3.37444,3.51691,3.37444,3.45923,23240.7
2009-10-23,3.49792,3.49792,3.37063,3.39027,36803.1
2009-10-26,3.44215,3.44215,3.2656,3.27018,77590.0
2009-10-27,3.29704,3.3057,3.27258,3.27427,13220.9
2009-10-28,3.2512,3.28125,3.2159,3.2159,74343.0
2009-10-29,3.24979,3.27427,3.24833,3.26705,37036.2
2009-10-30,3.24111,3.24111,3.07173,3.10012,34488.6
2009-11-02,3.10128,3.15876,3.0268,3.03958,191471.0
2009-11-03,3.03861,3.10346,3.03861,3.10346,13220.9
2009-11-04,3.19378,3.19378,3.16425,3.17959,7101.7
2009-11-05,3.1844,3.21875,3.1844,3.21132,64002.7
2009-11-06,3.20578,3.23366,3.20578,3.23003,6252.49
2009-11-09,3.2159,3.37637,3.2159,3.37637,8246.46
2009-11-10,3.38574,3.38574,3.38574,3.38574,4733.07
2009-11-11,3.4071,3.42362,3.35542,3.38186,172351.0
2009-11-12,3.38044,3.38186,3.31362,3.31607,34088.9
2009-11-13,3.33309,3.35019,3.33309,3.34371,5682.19
2009-11-16,3.43901,3.48158,3.43901,3.45658,40083.3
2009-11-17,3.38044,3.49218,3.38044,3.49218,60485.1
2009-11-18,3.43136,3.50055,3.43136,3.50055,9066.53
2009-11-19,3.47556,3.47556,3.39124,3.39124,19594.2
2009-11-20,3.41933,3.44526,3.41933,3.44025,25584.4
2009-11-23,3.50757,3.61826,3.50757,3.61156,13416.6
2009-11-24,3.62472,3.66,3.61252,3.64202,32885.9
2009-11-25,3.64876,3.70281,3.64876,3.68914,28877.1
2009-11-27,3.23149,3.63678,3.23149,3.60529,56992.6
2009-11-30,3.569,3.569,3.49094,3.52767,25784.2
2009-12-01,3.62232,3.69436,3.62232,3.69105,38742.9
2009-12-02,3.7242,3.83061,3.71916,3.80175,138957.0
2009-12-03,3.88854,3.88854,3.77465,3.78663,33730.9
2009-12-04,3.80394,3.91972,3.80394,3.84647,20534.9
2009-12-07,3.93124,4.06849,3.92379,4.04251,58203.9
2009-12-08,4.04251,4.04251,3.92912,3.97672,67432.8
2009-12-09,4.00308,4.00308,3.92715,3.97137,23873.5
2009-12-10,4.00498,4.00498,3.98365,3.98365,21975.3
2009-12-11,4.05353,4.06008,4.00428,4.06008,52192.9
2009-12-14,4.12701,4.12701,4.04153,4.06008,181534.0
2009-12-15,4.04728,4.07856,4.00498,4.00498,66850.0
2009-12-16,4.00093,4.08524,4.00093,4.04081,64036.0
2009-12-17,3.98271,3.98459,3.9392,3.96104,53262.7
2009-12-18,3.99971,4.03771,3.98795,4.03771,42868.2
2009-12-21,4.11022,4.15132,4.09848,4.13352,52442.6
2009-12-22,4.18325,4.23223,4.15325,4.22647,370391.0
2009-12-23,4.2618,4.2618,4.19602,4.20728,37173.6
2009-12-24,4.44441,4.44441,4.04251,4.24789,56014.3
2009-12-28,4.27938,4.58681,4.27168,4.31728,1645683.0
2009-12-29,4.31517,4.31728,4.28613,4.29111,155542.0
2009-12-30,4.25339,4.2618,4.23011,4.23755,16850.9
2009-12-31,4.22862,4.23223,4.18208,4.18564,83563.6
2010-01-04,4.28153,4.3978,4.28153,4.3978,98537.1
2010-01-05,4.38622,4.485,4.38241,4.45088,216984.0
2010-01-06,4.485,4.485,4.28516,4.29521,143669.0
2010-01-07,4.36439,4.36439,4.19912,4.26758,55136.0
2010-01-08,4.21278,4.21278,4.17488,4.20728,265772.0
2010-01-11,4.19602,4.23011,4.17992,4.21568,50819.2
2010-01-12,4.1566,4.1566,4.06556,4.06939,60014.7
2010-01-13,4.07974,4.11239,4.05353,4.11239,191741.0
2010-01-14,4.08865,4.1213,4.00715,4.00715,36811.4
2010-01-15,4.02157,4.03071,3.87357,3.8993,231617.0
2010-01-19,3.85393,4.0021,3.85393,4.0021,74580.3
2010-01-20,3.9392,3.94979,3.85541,3.85541,72024.4
2010-01-21,3.85631,3.85877,3.74895,3.7566,69322.7
2010-01-22,3.65574,3.76264,3.61607,3.62352,186388.0
2010-01-25,3.66439,3.72109,3.65477,3.7119,32885.9
2010-01-26,3.64994,3.64994,3.53992,3.59783,223799.0
2010-01-27,3.54615,3.57863,3.50871,3.57668,77510.9
2010-01-28,3.60912,3.60912,3.4614,3.49094,117586.0
2010-01-29,3.54615,3.57913,3.44333,3.44333,92155.6
2010-02-01,3.3653,3.52579,3.3653,3.52579,103024.0
2010-02-02,3.5289,3.62689,3.51641,3.61707,79013.7
2010-02-03,3.62982,3.62982,3.54285,3.57,28806.4
2010-02-04,3.50609,3.51183,3.36844,3.36844,199334.0
2010-02-05,3.33309,3.3461,3.25268,3.3461,88987.7
2010-02-08,3.38186,3.42246,3.35209,3.35785,98707.8
2010-02-09,3.42828,3.49094,3.4102,3.44433,74301.4
2010-02-10,3.4184,3.4184,3.35974,3.37133,71462.4
2010-02-11,3.4071,3.45421,3.4071,3.44745,29897.0
2010-02-12,3.43568,3.43568,3.43568,3.43568,2422.73
2010-02-16,3.51305,3.55054,3.51305,3.52,22362.4
2010-02-17,3.56708,3.59878,3.55269,3.59878,101459.0
2010-02-18,3.59878,3.66727,3.59878,3.66727,46906.1
2010-02-19,3.69105,3.69436,3.66439,3.68264,20052.1
2010-02-22,3.68791,3.69105,3.66197,3.66439,55065.2
2010-02-23,3.6476,3.6476,3.56273,3.581,77989.6
2010-02-24,3.6149,3.6149,3.60529,3.60529,18320.3
2010-02-25,3.50463,3.61252,3.50463,3.61252,14449.0
2010-02-26,3.60314,3.63268,3.60002,3.63268,9728.41
2010-03-01,3.68791,3.72853,3.67736,3.72853,20077.0
2010-03-02,3.78544,3.78544,3.73594,3.73594,16880.0
2010-03-03,3.78858,3.81068,3.74292,3.74292,66704.3
2010-03-04,3.75088,3.76264,3.74151,3.75088,24185.7
2010-03-05,3.79677,3.83806,3.77659,3.83304,49062.5
2010-03-08,3.87357,3.92478,3.83636,3.9219,39841.9
2010-03-09,3.87935,4.03771,3.87935,3.99106,119525.0
2010-03-10,4.00093,4.03771,3.98271,4.01849,59015.7
2010-03-11,3.97575,4.04633,3.97575,4.04633,25671.8
2010-03-12,4.01292,4.06124,4.01292,4.06124,8175.69
2010-03-15,4.02447,4.05353,4.01055,4.03528,54678.1
2010-03-16,4.05544,4.07182,4.05544,4.06939,5432.42
2010-03-17,4.04153,4.17366,4.04153,4.16214,35525.1
2010-03-18,4.21066,4.21066,4.15132,4.19383,45495.0
2010-03-19,4.20442,4.21159,4.14819,4.15566,50357.1
2010-03-22,4.20345,4.24692,4.20345,4.22146,23265.7
2010-03-23,4.28803,4.34468,4.23011,4.34468,56093.4
2010-03-24,4.37929,4.37929,4.25177,4.25246,22062.7
2010-03-25,4.23223,4.29447,4.18086,4.18086,78368.4
2010-03-26,4.17582,4.20059,4.12895,4.1523,581852.0
2010-03-29,4.18564,4.18564,4.18448,4.18448,7617.88
2010-03-30,4.24116,4.24116,4.19602,4.21159,84375.3
2010-03-31,4.22388,4.25628,4.2056,4.2056,24281.4
2010-04-01,4.26055,4.28369,4.24213,4.24213,19619.1
2010-04-05,4.31106,4.36439,4.31106,4.36197,70850.4
2010-04-06,4.37593,4.37593,4.30914,4.34588,76262.1
2010-04-07,4.32357,4.32983,4.22862,4.23223,240500.0
2010-04-08,4.23223,4.31728,4.21066,4.31611,74193.2
2010-04-09,4.31946,4.37211,4.31946,4.36871,45844.6
2010-04-12,4.38622,4.42999,4.37929,4.41145,119155.0
2010-04-13,4.41701,4.41701,4.3781,4.41484,11189.5
2010-04-14,4.44871,4.46388,4.4,4.46388,19281.9
2010-04-15,4.44128,4.46288,4.44128,4.46171,14723.7
2010-04-16,4.45253,4.45253,4.30914,4.34588,105967.0
2010-04-19,4.36319,4.40643,4.32936,4.38622,24464.6
2010-04-20,4.41484,4.45253,4.4124,4.45253,21280.1
2010-04-21,4.46071,4.46071,4.35258,4.39372,1999020.0
2010-04-22,4.34805,4.41941,4.34805,4.40307,172234.0
2010-04-23,4.3925,4.41584,4.33316,4.41584,24768.5
2010-04-26,4.37929,4.40956,4.37929,4.40956,139840.0
2010-04-27,4.23223,4.23223,4.22767,4.22767,2356.13
2010-04-28,4.21426,4.28369,4.21426,4.28369,5882.0
2010-04-29,4.39372,4.4211,4.39372,4.4211,12284.3
2010-04-30,4.43163,4.44346,4.41145,4.4326,9453.67
2010-05-03,4.39274,4.44441,4.35478,4.44441,20780.5
2010-05-04,4.42545,4.42545,4.17992,4.17992,52001.4
2010-05-05,4.21066,4.21066,4.16024,4.19912,34975.6
2010-05-06,4.17028,4.19814,2.89978,3.97672,212097.0
2010-05-07,3.89618,3.93124,3.69657,3.73167,24960.0
2010-05-10,3.83806,4.29211,3.83806,3.91494,131614.0
2010-05-11,3.86805,4.05761,3.86805,4.05761,71712.1
2010-05-12,4.0622,4.20679,4.04941,4.20679,64881.0
2010-05-13,4.14917,4.28036,4.14917,4.20728,34975.6
2010-05-14,4.17028,4.17028,4.06317,4.09439,14145.1
2010-05-17,4.13044,4.17269,4.13044,4.17269,17017.4
2010-05-18,4.24455,4.25339,4.12701,4.12701,6131.77
2010-05-19,4.07182,4.07974,3.96874,4.07974,25055.7
2010-05-20,3.87503,3.88248,3.75853,3.86519,9016.57
2010-05-21,3.59011,3.80925,3.50244,3.80925,159746.0
2010-05-24,3.88323,3.89068,3.88323,3.89068,16047.5
2010-05-25,3.63391,3.83806,3.60792,3.83806,211286.0
2010-05-26,3.89618,3.90677,3.79869,3.79869,38880.3
2010-05-27,3.97788,3.98459,3.95458,3.98459,19340.2
2010-05-28,4.01508,4.05065,4.01508,4.04633,45365.9
2010-06-01,3.91086,3.99851,3.82361,3.82361,169670.0
2010-06-02,3.94162,3.98604,3.94162,3.98365,3771.47
2010-06-03,4.04251,4.04251,3.99394,3.99394,20172.8
2010-06-04,3.87261,3.90988,3.80706,3.80706,15677.0
2010-06-07,3.79769,3.80175,3.6934,3.6934,43342.8
2010-06-08,3.72109,3.73262,3.63483,3.67856,108602.0
2010-06-09,3.77777,3.82746,3.77777,3.82535,22699.6
2010-06-10,3.88323,3.92379,3.88323,3.92379,7567.93
2010-06-11,3.93224,3.93224,3.93224,3.93224,1173.9
2010-06-14,4.10133,4.10782,4.0759,4.0759,32036.7
2010-06-15,4.04941,4.13212,4.04941,4.13212,81736.1
2010-06-16,4.06556,4.1213,4.06556,4.1213,10252.9
2010-06-17,4.05065,4.14191,4.05065,4.14191,8387.99
2010-06-18,4.12033,4.12486,4.12033,4.12486,3534.19
2010-06-21,4.18325,4.18325,4.02157,4.02157,34975.6
2010-06-22,4.01055,4.01055,3.99513,3.99513,3147.06
2010-06-23,3.9219,3.99394,3.91086,3.98459,18786.6
2010-06-24,3.91203,3.91203,3.86423,3.86423,11331.0
2010-06-25,3.85056,3.85056,3.83445,3.83949,6847.77
2010-06-28,3.8993,3.92478,3.8993,3.92478,14615.5
2010-06-29,3.74484,3.74484,3.67303,3.70981,105289.0
2010-06-30,3.65885,3.7242,3.61707,3.61707,42526.9
2010-07-01,3.59878,3.59878,3.51641,3.59349,17704.2
2010-07-02,3.60214,3.6149,3.54382,3.60314,206378.0
2010-07-06,3.68914,3.68914,3.55174,3.5868,79450.8
2010-07-07,3.67087,3.67087,3.67087,3.67087,7567.93
2010-07-08,3.82053,3.86092,3.82053,3.86092,8487.9
2010-07-09,3.88633,3.90677,3.85541,3.88538,60485.1
2010-07-12,3.88854,3.88854,3.83711,3.83711,10394.4
2010-07-14,3.96733,3.98365,3.96733,3.98174,10585.9
2010-07-15,3.99971,3.99971,3.99971,3.99971,2555.94
2010-07-16,3.88034,3.88034,3.85154,3.85154,1873.25
2010-07-19,3.81068,3.8626,3.81068,3.8626,2834.85
2010-07-21,3.94522,3.94522,3.89283,3.89283,19827.3
2010-07-22,4.02233,4.02233,4.02233,4.02233,2834.85
2010-07-23,4.06849,4.21278,4.06849,4.20156,41174.0
2010-07-26,4.30363,4.30363,4.30363,4.30363,919.974
2010-07-27,4.26516,4.29828,4.26516,4.27286,17949.9
2010-07-29,4.30607,4.30607,4.25483,4.29306,9133.13
2010-08-02,4.39561,4.45544,4.39561,4.45544,12833.8
2010-08-03,4.39682,4.39682,4.39682,4.39682,919.974
2010-08-04,4.35887,4.35887,4.35355,4.35355,2293.69
2010-08-05,4.37691,4.42329,4.37691,4.41364,33560.3
2010-08-06,4.37211,4.37211,4.276,4.34034,3026.34
2010-08-09,4.34224,4.37259,4.34224,4.37114,15352.3
2010-08-10,4.30699,4.36439,4.30699,4.35355,31212.5
2010-08-11,4.17125,4.17677,4.1643,4.1643,11805.6
2010-08-12,4.06752,4.18448,4.06752,4.18448,15131.7
2010-08-13,4.17366,4.17366,4.13904,4.14409,23627.9
2010-08-16,4.07299,4.17488,4.07299,4.17488,43380.3
2010-08-17,4.25053,4.25053,4.25053,4.25053,10394.4
2010-08-18,4.3334,4.3334,4.3334,4.3334,3771.47
2010-08-19,4.1866,4.20442,4.17992,4.20442,43109.7
2010-08-20,4.18564,4.18564,4.09293,4.11744,23627.9
2010-08-23,4.21354,4.21354,4.08865,4.08865,17949.9
2010-08-24,4.02157,4.07974,4.00308,4.07974,18649.2
2010-08-25,4.0021,4.12701,4.0021,4.12252,62641.4
2010-08-27,4.10782,4.17798,4.10782,4.17798,9616.01
2010-08-31,4.04992,4.17316,4.04992,4.17316,13091.9
2010-09-01,4.31182,4.31182,4.31182,4.31182,2368.62
2010-09-02,4.33914,4.36632,4.33914,4.36197,49961.6
2010-09-03,4.40307,4.44776,4.37929,4.44776,12850.4
2010-09-07,4.50348,4.50348,4.3978,4.44776,134195.0
2010-09-08,4.48642,4.4927,4.45663,4.45663,62154.4
2010-09-09,4.5511,4.55638,4.51237,4.54314,85378.5
2010-09-10,4.55204,4.55638,4.54192,4.54192,7796.88
2010-09-13,4.59858,4.64522,4.58588,4.58588,18574.3
2010-09-14,4.62913,4.63802,4.6082,4.6082,207885.0
2010-09-15,4.61881,4.65288,4.61881,4.63394,35354.4
2010-09-16,4.63272,4.63272,4.58179,4.58179,36848.9
2010-09-17,4.64642,4.68269,4.64642,4.68269,20780.5
2010-09-20,4.79776,4.8542,4.79172,4.8542,81036.8
2010-09-21,4.81023,4.85345,4.80475,4.85345,59544.3
2010-09-22,4.88065,4.88065,4.78717,4.78717,53304.3
2010-09-23,4.76461,4.76461,4.73821,4.73821,8013.34
2010-09-24,4.83812,4.87415,4.83812,4.87415,20639.0
2010-09-27,4.87965,4.96929,4.87965,4.95439,18778.2
2010-09-28,4.93974,4.99766,4.87006,4.99766,15123.3
2010-09-29,4.97023,4.97121,4.97023,4.97121,2834.85
2010-09-30,5.02907,5.05454,4.93061,4.93471,23744.4
2010-10-01,4.97219,5.00487,4.97219,5.00487,57179.9
2010-10-05,5.02624,5.20518,5.02624,5.14051,37094.5
2010-10-06,5.10886,5.10886,5.03174,5.04785,153552.0
2010-10-07,5.06968,5.06968,4.97674,4.99182,31004.3
2010-10-08,4.96158,4.96158,4.91569,4.92602,19136.2
2010-10-11,4.94475,5.01132,4.94475,5.00195,12929.5
2010-10-12,4.89677,5.01232,4.89677,5.00821,98603.7
2010-10-13,5.05092,5.06968,5.05092,5.06968,2943.08
2010-10-14,5.02857,5.02857,5.00821,5.00821,7742.76
2010-10-15,4.99182,4.99182,4.97987,4.97987,8042.48
2010-10-18,4.98084,4.98084,4.98084,4.98084,919.974
2010-10-19,4.9217,4.92792,4.84679,4.86865,34975.6
2010-10-20,5.03627,5.03627,5.03627,5.03627,919.974
2010-10-21,5.02067,5.06561,4.8864,4.93298,155837.0
2010-10-22,4.97121,5.00099,4.97121,5.00099,132530.0
2010-10-25,5.06561,5.0899,5.05598,5.05598,11460.1
2010-10-26,5.10068,5.11104,5.07999,5.07999,19827.3
2010-10-27,4.9947,4.9947,4.92075,4.92075,6693.74
2010-10-28,4.98971,5.02957,4.98971,5.02957,20780.5
2010-10-29,5.07115,5.07619,5.07115,5.07619,17949.9
2010-11-01,5.14051,5.14051,5.14051,5.14051,3525.87
2010-11-02,5.12421,5.14585,5.12421,5.14585,2285.36
2010-11-03,5.21047,5.21047,5.15425,5.17657,18420.2
2010-11-04,5.33946,5.33946,5.27,5.32367,89004.3
2010-11-05,5.23762,5.28731,5.23762,5.28731,37148.6
2010-11-08,5.25513,5.25513,5.23446,5.25441,30205.1
2010-11-09,5.28253,5.33272,5.2523,5.25441,62062.8
2010-11-10,5.18307,5.28161,5.15932,5.28161,21738.0
2010-11-11,5.2235,5.2235,5.2235,5.2235,1115.62
2010-11-12,5.13193,5.14822,5.1175,5.14822,20106.2
2010-11-15,5.21816,5.21816,5.18935,5.18935,10698.3
2010-11-16,5.11104,5.11104,4.91019,4.93856,85694.9
2010-11-17,4.98274,4.99766,4.98274,4.99766,11310.2
2010-11-18,5.12737,5.1331,5.12737,5.1331,4733.07
2010-11-23,5.02525,5.02525,5.02525,5.02525,919.974
2010-11-24,5.07065,5.11538,5.07065,5.11538,6294.12
2010-11-26,5.09301,5.10263,5.09301,5.10263,3534.19
2010-11-29,4.94955,5.02525,4.9474,5.02525,5424.1
2010-11-30,4.99255,4.99255,4.96086,4.96086,11560.0
2010-12-02,5.23378,5.2523,5.22705,5.22705,19627.5
2010-12-03,5.22798,5.24218,5.21356,5.21816,28348.5
2010-12-06,5.28731,5.33728,5.28731,5.33728,6622.98
2010-12-07,5.34259,5.41057,5.34259,5.35481,185605.0
2010-12-08,5.39519,5.399,5.32367,5.32367,82518.7
2010-12-09,5.35704,5.42184,5.35704,5.37975,8263.11
2010-12-10,5.42812,5.44972,5.42812,5.44972,5682.19
2010-12-13,5.57754,5.57754,5.52683,5.52683,44042.2
2010-12-14,5.54295,5.56482,5.54295,5.56482,31212.5
2010-12-15,5.6275,5.63591,5.55134,5.55134,27940.5
2010-12-16,5.52781,5.56577,5.48002,5.5523,45074.5
2010-12-17,5.53863,5.54631,5.50162,5.50639,236104.0
2010-12-20,5.55469,5.62653,5.55469,5.62412,29010.4
2010-12-21,5.64839,5.6844,5.64839,5.67771,33789.2
2010-12-22,5.69094,5.69094,5.67245,5.69094,10698.3
2010-12-23,5.67555,5.67555,5.66501,5.66501,7680.32
2010-12-27,5.72048,5.73582,5.65198,5.73582,35408.5
2010-12-28,5.77764,5.77764,5.71614,5.71614,13999.4
2010-12-29,5.72525,5.74323,5.72525,5.73918,6622.98
2010-12-30,5.73699,5.76037,5.73699,5.74566,12492.4
2010-12-31,5.75264,5.79087,5.75264,5.77619,17933.2
2011-01-03,5.85136,5.93857,5.85136,5.93139,57129.9
2011-01-04,5.91941,5.98035,5.88524,5.93857,58478.7
2011-01-05,5.95131,6.06733,5.90013,6.06733,60197.9
2011-01-06,5.97893,5.99261,5.83072,5.84417,79879.5
2011-01-07,5.8202,5.8202,5.70318,5.73125,11189.5
2011-01-10,5.714,5.73677,5.68105,5.73677,13025.3
2011-01-11,5.74664,5.74664,5.56482,5.61617,257080.0
2011-01-12,5.7003,5.70122,5.67868,5.68637,26283.7
2011-01-13,5.65198,5.74303,5.65198,5.68562,38022.8
2011-01-14,5.64309,5.72048,5.64309,5.66282,38630.5
2011-01-18,5.62965,5.62965,5.58066,5.58066,9453.67
2011-01-19,5.51794,5.59361,5.44009,5.4519,57995.8
2011-01-20,5.49394,5.49394,5.39154,5.42184,32361.4
2011-01-21,5.48406,5.48406,5.48406,5.48406,1873.25
2011-01-24,5.45313,5.53863,5.45313,5.53329,35824.8
2011-01-25,5.55592,5.5797,5.50162,5.57367,40403.9
2011-01-26,5.74423,5.77642,5.71107,5.77043,22150.1
2011-01-27,5.7882,5.7882,5.70964,5.7411,21704.7
2011-01-28,5.74303,5.74303,5.54295,5.54295,14952.7
2011-01-31,5.53307,5.54487,5.53307,5.54487,48192.4
2011-02-01,5.64743,5.7226,5.64214,5.72048,34334.6
2011-02-02,5.67868,5.68562,5.67652,5.67652,20780.5
2011-02-03,5.63591,5.72383,5.63591,5.72383,6622.98
2011-02-04,5.76707,5.76856,5.70964,5.76707,25830.0
2011-02-07,5.76013,5.83189,5.76013,5.78484,41157.3
2011-02-08,5.75769,5.79157,5.75769,5.79157,8396.32
2011-02-09,5.79279,5.79279,5.79279,5.79279,919.974
2011-02-10,5.82857,5.88524,5.82426,5.88524,18886.5
2011-02-11,5.93523,5.99744,5.93523,5.99744,50852.5
2011-02-14,6.05246,6.05246,5.97461,5.99261,68094.7
2011-02-15,5.99431,5.99431,5.94052,5.95251,8308.9
2011-02-16,5.93212,5.94581,5.93212,5.94581,2456.03
2011-02-17,5.92251,5.92251,5.90877,5.91719,47251.7
2011-02-18,5.88336,5.9249,5.85019,5.85019,7101.7
2011-02-22,5.714,5.73125,5.56986,5.59913,72927.7
2011-02-23,5.55469,5.55469,5.36737,5.418,59789.9
2011-02-24,5.42812,5.44972,5.33084,5.44972,89757.8
2011-02-25,5.50256,5.61213,5.50256,5.61213,11014.7
2011-02-28,5.65992,5.67676,5.63591,5.67676,10844.0
2011-03-01,5.63496,5.63496,5.4584,5.4584,18886.5
2011-03-02,5.46391,5.46677,5.418,5.44226,29035.3
2011-03-03,5.51291,5.5487,5.51291,5.5321,12072.0
2011-03-04,5.54915,5.54915,5.50043,5.50543,17017.4
2011-03-07,5.50256,5.50256,5.4584,5.4584,12971.2
2011-03-08,5.46773,5.52781,5.46773,5.52781,2597.57
2011-03-09,5.59004,5.59004,5.58861,5.58861,4733.07
2011-03-14,5.37163,5.40434,5.36064,5.40434,8487.9
2011-03-15,5.18525,5.34955,5.17295,5.34955,18507.7
2011-03-16,5.35382,5.37163,5.32045,5.37163,11023.0
2011-03-17,5.37259,5.37259,5.33443,5.33443,3771.47
2011-03-18,5.51696,5.51696,5.4565,5.48002,19594.2
2011-03-21,5.49511,5.54777,5.37259,5.39038,104161.0
2011-03-22,5.40937,5.4519,5.40937,5.4519,4562.4
2011-03-23,5.39038,5.39519,5.39038,5.39519,7559.6
2011-03-24,5.55134,5.60489,5.54295,5.59719,36786.4
2011-03-25,5.69094,5.69094,5.68154,5.68154,26441.9
2011-03-28,5.69816,5.81077,5.69816,5.77401,28706.5
2011-03-29,5.7173,5.84729,5.71133,5.84367,71816.2
2011-03-30,5.9266,6.01424,5.9266,6.00273,28556.6
2011-03-31,5.97201,6.04643,5.97201,6.02193,41544.5
2011-04-01,6.08751,6.08967,6.03106,6.03542,54507.4
2011-04-04,6.07045,6.07623,6.04308,6.0551,24506.2
2011-04-05,6.0683,6.07403,6.0683,6.07403,13196.0
2011-04-06,6.01907,6.03851,6.0049,6.00655,15260.7
2011-04-07,6.01424,6.01424,5.95822,6.01424,47643.0
2011-04-08,5.93357,5.9381,5.92848,5.92848,11793.1
2011-04-11,6.10556,6.18699,6.08845,6.10888,46019.5
2011-04-12,6.00273,6.01331,6.00273,6.01331,7559.6
2011-04-13,6.03851,6.03851,6.03851,6.03851,1873.25
2011-04-14,5.99598,6.05869,5.96959,6.05869,8213.16
2011-04-15,6.08437,6.11851,6.03442,6.11005,34205.5
2011-04-18,5.93357,5.9381,5.87252,5.9006,60418.5
2011-04-19,5.90276,5.94534,5.87852,5.87852,7655.35
2011-04-20,6.02886,6.02886,6.02886,6.02886,1390.36
2011-04-21,6.13409,6.13409,6.13409,6.13409,919.974
2011-04-26,6.24846,6.27298,6.24747,6.25137,20439.2
2011-04-27,6.26794,6.37697,6.04401,6.37697,17933.2
2011-04-28,6.37246,6.42742,6.37246,6.41445,15189.9
2011-04-29,6.49352,6.49352,6.3681,6.37509,67765.8
2011-05-02,6.45527,6.45527,6.30033,6.30033,38247.6
2011-05-03,6.30805,6.44834,6.30805,6.44834,24818.4
2011-05-04,6.38155,6.38155,6.35152,6.36526,13495.7
2011-05-05,6.31452,6.41445,6.31452,6.3926,25688.5
2011-05-06,6.4601,6.46133,6.43273,6.43273,17000.7
2011-05-09,6.47644,6.49231,6.42862,6.49231,28177.8
2011-05-10,6.54296,6.54296,6.54296,6.54296,919.974
2011-05-11,6.63308,6.73352,6.59246,6.60374,21713.0
2011-05-12,6.59129,6.76035,6.58983,6.74863,33214.8
2011-05-13,6.7568,6.79742,6.5574,6.59801,80928.5
2011-05-16,6.52136,6.60569,6.52136,6.52813,11422.6
2011-05-17,6.49014,6.52813,6.41566,6.51921,31799.4
2011-05-18,6.55647,6.55647,6.55356,6.55356,3771.47
2011-05-19,6.5831,6.63597,6.5831,6.62397,8870.88
2011-05-20,6.58217,6.69551,6.58217,6.69551,16905.0
2011-05-23,6.50479,6.60788,6.50479,6.60374,24639.4
2011-05-24,6.62969,6.71568,6.62492,6.71332,19340.2
2011-05-25,6.74381,6.74381,6.63063,6.69768,21942.0
2011-05-26,6.78008,6.85698,6.78008,6.85698,24177.4
2011-05-27,6.91726,6.93092,6.85478,6.91945,37773.0
2011-05-31,7.04407,7.09817,6.9182,6.98425,74384.6
2011-06-01,6.9367,6.9367,6.74863,6.74863,40624.5
2011-06-02,6.75462,6.80047,6.71664,6.79618,34163.9
2011-06-03,6.61819,6.67824,6.51659,6.51659,66858.3
2011-06-06,6.46993,6.49014,6.34189,6.34189,86964.6
2011-06-07,6.30033,6.38563,6.30033,6.33758,40711.9
2011-06-08,6.2331,6.29935,6.22585,6.23214,36278.6
2011-06-09,6.22038,6.31762,6.22038,6.28425,15156.6
2011-06-10,6.29288,6.29288,6.12815,6.13627,13196.0
2011-06-13,6.18699,6.20328,6.13821,6.16006,37352.6
2011-06-14,6.26891,6.26891,6.26891,6.26891,16950.8
2011-06-15,6.14496,6.18792,6.09157,6.11561,22379.0
2011-06-16,6.0616,6.0616,6.04617,6.04617,24531.2
2011-06-17,6.18963,6.19201,6.1291,6.13409,18778.2
2011-06-21,6.36526,6.4061,6.36526,6.40271,20722.3
2011-06-22,6.3609,6.40823,6.32198,6.32198,18191.3
2011-06-23,6.15572,6.2367,6.15572,6.2367,7655.35
2011-06-24,6.23553,6.23553,6.23553,6.23553,1760.85
2011-06-27,6.32823,6.35802,6.32823,6.35274,3771.47
2011-06-28,6.36714,6.44163,6.35802,6.44163,18869.8
2011-06-30,6.53553,6.59104,6.53553,6.59104,21917.0
2011-07-01,6.59441,6.82047,6.5831,6.82047,43584.2
2011-07-05,6.79166,6.87398,6.76035,6.76325,15227.4
2011-07-06,6.82359,6.82359,6.79839,6.79839,3592.47
2011-07-07,6.91127,6.98094,6.886,6.91535,23727.8
2011-07-08,6.73925,6.80599,6.73638,6.80599,56821.9
2011-07-11,6.64507,6.73252,6.54922,6.54922,34917.3
2011-07-13,6.64818,6.65512,6.62298,6.62298,26441.9
2011-07-14,6.49425,6.49425,6.3556,6.36598,13774.6
2011-07-18,6.3556,6.3556,6.11223,6.15047,120745.0
2011-07-19,6.2163,6.27393,6.18145,6.27393,7955.07
2011-07-20,6.28833,6.33275,6.2163,6.22922,19065.5
2011-07-21,6.39645,6.42214,6.39048,6.39742,17000.7
2011-07-22,6.33469,6.37316,6.33469,6.37316,2834.85
2011-07-25,6.31022,6.31022,6.2163,6.2175,18736.6
2011-07-27,6.12596,6.12596,6.00179,6.00179,12030.4
2011-07-28,6.00179,6.00179,5.83844,5.85855,23548.8
2011-08-01,6.03542,6.03542,5.76756,5.79207,18199.6
2011-08-02,5.63782,5.63782,5.58861,5.58861,2834.85
2011-08-03,5.30178,5.5569,5.30178,5.5569,18349.5
2011-08-04,5.32022,5.32242,4.98463,4.98463,17662.6
2011-08-05,5.08942,5.08942,4.83639,4.89725,41174.0
2011-08-08,4.7007,4.7007,4.18517,4.18517,22258.3
2011-08-09,4.20535,4.37088,4.19912,4.37088,13541.5
2011-08-10,4.48642,4.48642,4.41049,4.41049,3763.15
2011-08-11,4.44968,4.74899,4.41145,4.74899,31612.1
2011-08-12,4.79106,4.79106,4.65815,4.66471,12259.3
2011-08-15,4.82274,4.96856,4.82274,4.96856,28323.5
2011-08-16,4.85256,4.93155,4.85256,4.91594,13782.9
2011-08-17,5.02116,5.05045,4.9952,5.00748,9861.62
2011-08-18,4.71828,4.74899,4.5806,4.5806,13658.0
2011-08-19,4.4768,4.64884,4.46724,4.56328,18395.3
2011-08-22,4.49368,4.49368,4.49368,4.49368,919.974
2011-08-24,4.83185,4.83185,4.83185,4.83185,919.974
2011-08-25,5.02453,5.02453,4.73462,4.73462,9228.88
2011-08-26,4.77757,4.77757,4.75694,4.75694,1873.25
2011-08-29,4.93251,5.05218,4.84387,5.05218,15165.0
2011-08-31,5.2765,5.2765,5.15089,5.17295,7688.65
2011-09-01,5.16507,5.25706,5.08942,5.08942,6610.49
2011-09-02,4.93637,4.93637,4.82685,4.83233,2834.85
2011-09-06,4.62766,4.69157,4.62766,4.69157,3771.47
2011-09-07,4.81096,4.8922,4.81096,4.8922,2834.85
2011-09-08,4.88451,4.88451,4.84557,4.85926,5673.86
2011-09-09,4.62766,4.62766,4.62766,4.62766,919.974
2011-09-12,4.53015,4.5736,4.53015,4.5736,11693.2
2011-09-13,4.73025,4.73025,4.73025,4.73025,919.974
2011-09-14,4.72255,4.8881,4.72255,4.8881,18869.8
2011-09-16,4.98872,4.98872,4.98872,4.98872,2834.85
2011-09-19,4.77687,4.8732,4.76704,4.8732,16030.8
2011-09-20,4.93348,4.93348,4.87682,4.87989,11485.1
2011-09-21,4.7831,4.7831,4.55588,4.55588,3771.47
2011-09-22,4.35067,4.35067,4.19627,4.19627,22674.6
2011-09-23,4.28516,4.28516,4.27525,4.27525,5174.33
2011-09-26,4.37979,4.44053,4.36243,4.38769,16105.7
2011-09-27,4.60291,4.60291,4.58565,4.58565,22674.6
2011-10-03,4.26541,4.33867,4.08621,4.08621,20439.2
2011-10-04,3.91275,4.16214,3.84697,4.16214,32095.0
2011-10-05,4.29015,4.29258,4.19383,4.20182,108111.0
2011-10-06,4.29355,4.32309,4.29355,4.32309,17933.2
2011-10-07,4.38769,4.45685,4.35067,4.35306,13196.0
2011-10-10,4.33753,4.36917,4.33753,4.35067,8479.58
2011-10-12,4.50733,4.61424,4.50733,4.61424,18312.0
2011-10-13,4.49411,4.58349,4.4915,4.5801,111358.0
2011-10-14,4.65357,4.67814,4.65072,4.65072,7093.37
2011-10-17,4.62529,4.62529,4.54289,4.54289,156682.0
2011-10-18,4.59743,4.69587,4.59619,4.69587,25009.9
2011-10-19,4.66202,4.71341,4.6315,4.64067,172713.0
2011-10-20,4.53179,4.58444,4.52582,4.58444,12259.3
2011-10-21,4.68124,4.71034,4.65262,4.69948,81336.5
2011-10-24,4.75984,4.78507,4.75188,4.75188,55702.1
2011-10-25,4.65767,4.66107,4.6051,4.60893,36203.6
2011-10-26,4.69395,4.69395,4.61134,4.69395,1873.25
2011-10-27,4.88065,4.89774,4.73265,4.86865,32715.2
2011-10-28,4.84125,4.88161,4.83475,4.85617,78414.2
2011-10-31,4.69757,4.72447,4.67429,4.67861,67474.4
2011-11-01,4.48594,4.54046,4.43834,4.43834,82706.0
2011-11-02,4.57507,4.57507,4.4785,4.4785,19361.0
2011-11-03,4.66588,4.74849,4.66202,4.73165,36786.4
2011-11-04,4.59475,4.64334,4.5683,4.62145,45295.1
2011-11-07,4.64284,4.70022,4.56519,4.70022,67982.3
2011-11-08,4.72644,4.76654,4.63247,4.76461,69551.7
2011-11-09,4.60893,4.64953,4.47533,4.47533,27357.7
2011-11-10,4.56159,4.56159,4.54289,4.54289,1873.25
2011-11-11,4.71876,4.71876,4.6834,4.70213,13196.0
2011-11-14,4.6834,4.6834,4.57844,4.58852,5673.86
2011-11-15,4.5477,4.64284,4.5477,4.64187,8479.58
2011-11-16,4.58565,4.58565,4.46674,4.46674,12534.1
2011-11-17,4.46338,4.46338,4.33483,4.36243,69797.3
2011-11-18,4.35718,4.38076,4.33961,4.38076,18761.6
2011-11-21,4.2378,4.24812,4.20778,4.24812,15756.1
2011-11-22,4.20585,4.20585,4.20585,4.20585,919.974
2011-11-28,4.19839,4.22291,4.1345,4.1345,30171.8
2011-11-29,4.22672,4.26422,4.21834,4.2349,10386.1
2011-11-30,4.41966,4.55612,4.41966,4.55612,11301.9
2011-12-01,4.53496,4.53496,4.4785,4.53496,100185.0
2011-12-02,4.5801,4.59743,4.53496,4.54553,69530.8
2011-12-05,4.64497,4.65865,4.59743,4.59743,130424.0
2011-12-06,4.60242,4.65457,4.60242,4.61566,26595.9
2011-12-07,4.52052,4.56019,4.52052,4.54192,48134.2
2011-12-08,4.41145,4.41559,4.33776,4.33776,37931.2
2011-12-09,4.41559,4.43792,4.41559,4.43792,2834.85
2011-12-12,4.37979,4.37979,4.33867,4.35503,134969.0
2011-12-13,4.47752,4.49246,4.42086,4.43116,38693.0
2011-12-14,4.30388,4.31564,4.27407,4.28319,267104.0
2011-12-15,4.29136,4.39322,4.29136,4.32309,138757.0
2011-12-16,4.34969,4.37546,4.28419,4.32885,125520.0
2011-12-19,4.34395,4.34395,4.27625,4.28081,76432.7
2011-12-20,4.40453,4.50085,4.40453,4.48908,187812.0
2011-12-21,4.43645,4.49653,4.43645,4.48475,46269.2
2011-12-22,4.53784,4.5683,4.53784,4.5511,28323.5
2011-12-23,4.60535,4.60535,4.60535,4.60535,1873.25
2011-12-27,4.58706,4.58706,4.58706,4.58706,1057.34
2011-12-28,4.56354,4.57167,4.56354,4.57167,8013.34
2011-12-30,4.58565,4.64788,4.53931,4.62577,15073.4
2012-01-03,4.76033,4.79509,4.73676,4.74947,25438.7
2012-01-04,4.68413,4.6966,4.63419,4.63419,19315.2
2012-01-05,4.56354,4.56354,4.54095,4.54095,7018.44
2012-01-06,4.54408,4.57676,4.54408,4.57676,1873.25
2012-01-09,4.54314,4.58085,4.51958,4.58085,12242.7
2012-01-10,4.68074,4.69348,4.67142,4.67142,20713.9
2012-01-11,4.68413,4.74319,4.67977,4.74319,14245.0
2012-01-12,4.78287,4.83233,4.78287,4.83233,8471.25
2012-01-13,4.76654,4.76654,4.76414,4.76414,3763.15
2012-01-18,4.82154,4.8739,4.82154,4.8739,3763.15
2012-01-19,4.88161,4.90104,4.88161,4.90104,6131.77
2012-01-20,4.90226,4.90226,4.88065,4.88065,10369.4
2012-01-24,4.72157,4.72157,4.71966,4.71966,8471.25
2012-01-26,4.79989,4.82685,4.79989,4.82685,2834.85
2012-01-27,4.74202,4.74202,4.74009,4.74009,5665.54
2012-01-30,4.66904,4.68531,4.64334,4.68531,24389.7
2012-01-31,4.67952,4.74202,4.67952,4.69206,10773.2
2012-02-01,4.82274,4.84557,4.82274,4.83354,11285.2
2012-02-03,4.99595,5.0255,4.99595,5.0255,5166.0
2012-02-06,5.01878,5.04207,5.00439,5.04207,10369.4
2012-02-07,5.06513,5.06513,5.00846,5.02092,18840.7
2012-02-10,5.05142,5.05142,5.01518,5.02092,4508.28
2012-02-13,5.15089,5.15089,5.12352,5.12352,2834.85
2012-02-14,5.00965,5.07759,5.00965,5.01156,7551.28
2012-02-15,5.05766,5.05766,5.05766,5.05766,1873.25
2012-02-16,5.19221,5.19726,5.19221,5.19726,10369.4
2012-02-17,5.21047,5.23378,5.21047,5.23378,2555.94
2012-02-27,5.21912,5.21912,5.19726,5.19726,7921.76
2012-03-02,5.19509,5.19509,5.1761,5.1761,69739.0
2012-03-05,5.10044,5.15283,5.10044,5.14775,62495.8
2012-03-06,4.96086,4.96759,4.96086,4.96759,5665.54
2012-03-14,5.25205,5.25729,5.25205,5.25729,1873.25
2012-03-15,5.22681,5.29717,5.21574,5.29717,4716.42
2012-03-16,5.32503,5.35654,5.32503,5.35654,2356.13
2012-03-19,5.41968,5.42764,5.41226,5.41226,4982.84
2012-03-20,5.36737,5.37213,5.36737,5.37213,4716.42
2012-03-21,5.40072,5.40072,5.40072,5.40072,1536.06
2012-03-26,5.34639,5.34639,5.34639,5.34639,1165.57
2012-03-27,5.35316,5.35316,5.35316,5.35316,1873.25
2012-03-28,5.14944,5.17491,5.14944,5.17491,5707.17
2012-03-29,5.07236,5.1557,5.05408,5.1557,4766.38
2012-03-30,5.18913,5.18913,5.18913,5.18913,1873.25
2012-04-02,5.24315,5.24315,5.24195,5.24195,5657.21
2012-04-05,5.09565,5.09565,5.09565,5.09565,4708.1
2012-04-09,4.98589,4.98589,4.98589,4.98589,2826.52
2012-04-10,4.81671,4.81671,4.81671,4.81671,3754.82
2012-04-16,4.90034,4.90034,4.89602,4.89677,3937.98
2012-04-19,4.88474,4.88474,4.88474,4.88474,1998.13
2012-04-26,4.99377,4.99377,4.99377,4.99377,3018.01
2012-04-27,5.00289,5.00289,4.9772,4.98677,4708.1
2012-05-01,5.10357,5.11104,5.10357,5.11104,3754.82
2012-05-04,4.91498,4.92817,4.91498,4.92817,3059.64
2012-05-07,5.06561,5.06561,4.67548,4.90226,4708.1
2012-05-10,4.83592,4.83592,4.83592,4.83592,1873.25
2012-05-11,4.83592,4.83592,4.83592,4.83592,1873.25
2012-05-18,4.58877,4.58877,4.54046,4.54046,2826.52
2012-05-21,4.5931,4.59763,4.5931,4.59763,8454.6
2012-05-22,4.67429,4.67429,4.67429,4.67429,936.625
2012-05-31,4.61254,4.71828,4.61254,4.71828,16938.3
2012-06-01,4.61254,4.61254,4.60535,4.61037,13083.6
2012-06-11,4.89909,4.89909,4.89909,4.89909,919.974
2012-06-19,5.10693,5.34187,5.10693,5.24672,15951.7
2012-06-22,5.07356,5.13074,5.0685,5.13074,35021.4
2012-07-02,5.4565,5.48002,5.4565,5.48002,1873.25
2012-07-05,5.49394,5.49394,5.49394,5.49394,7534.63
2012-07-11,5.46965,5.46965,5.46965,5.46965,1873.25
2012-07-13,5.47541,5.53329,5.47541,5.53329,2826.52
2012-07-16,5.5292,5.5292,5.49968,5.50543,4708.1
2012-07-17,5.62147,5.62147,5.60705,5.60705,2826.52
2012-07-18,5.73799,5.73799,5.67724,5.67724,19635.8
2012-07-23,5.32626,5.42258,5.32626,5.38988,5761.28
2012-07-24,5.28636,5.29187,5.28636,5.29187,2826.52
2012-07-26,5.50972,5.50972,5.50972,5.50972,944.95
2012-07-27,5.53042,5.7226,5.53042,5.7226,14124.3
2012-07-31,5.965,5.965,5.965,5.965,6593.84
2012-08-01,6.10073,6.10073,6.10073,6.10073,3534.19
2012-08-06,6.01498,6.0265,6.01498,6.0248,4333.45
2012-08-07,5.89651,5.92228,5.89651,5.92228,2826.52
2012-08-08,5.95369,5.95369,5.95369,5.95369,919.974
2012-08-09,6.0037,6.11463,6.0037,6.1046,5715.49
2012-08-10,6.09929,6.18792,6.07934,6.18792,10819.0
2012-08-13,6.22423,6.22423,6.16632,6.16632,10344.5
2012-08-14,6.27176,6.27176,6.20521,6.24028,11997.1
2012-08-17,6.3304,6.3304,6.3304,6.3304,7301.51
2012-08-20,6.27997,6.27997,6.25423,6.25423,4341.77
2012-08-21,6.33735,6.33735,6.25423,6.25423,5657.21
2012-08-22,6.10173,6.10173,6.04789,6.04789,2826.52
2012-08-23,5.95131,5.99457,5.95131,5.96188,9940.71
2012-08-24,5.88501,6.11463,5.88501,6.11463,6593.84
2012-08-28,6.05415,6.05415,6.05415,6.05415,1873.25
2012-08-29,6.14856,6.17928,6.14856,6.17928,2630.87
2012-08-31,6.15383,6.15383,6.08247,6.14737,11285.2
2012-09-05,6.21798,6.26744,6.21798,6.26744,2564.27
2012-09-10,6.48609,6.53938,6.48509,6.53938,2826.52
2012-09-11,6.56579,6.56579,6.52858,6.52858,20518.3
2012-09-12,6.59416,6.69482,6.58743,6.6852,43921.4
2012-09-13,6.69866,6.84087,6.57086,6.82619,67070.6
2012-09-14,6.85963,6.85963,6.82865,6.83871,5499.03
2012-09-17,6.70179,6.70179,6.69168,6.69963,7534.63
2012-09-18,6.7551,6.7551,6.7551,6.7551,4708.1
2012-09-19,6.83535,6.97564,6.83077,6.97564,21313.4
2012-09-20,7.03089,7.03089,7.01478,7.01478,18853.2
2012-09-21,7.1671,7.23796,7.16299,7.16394,66517.0
2012-09-24,7.14806,7.14806,7.07719,7.07719,11268.6
2012-09-27,7.01785,7.01785,7.01785,7.01785,919.974
2012-09-28,7.01571,7.01571,6.99216,6.99216,3384.33
2012-10-01,6.93885,6.93885,6.80432,6.80432,10806.5
2012-10-02,6.9225,6.96196,6.91604,6.92613,17862.4
2012-10-03,6.93069,6.93069,6.82097,6.84904,14890.2
2012-10-04,6.8159,6.88291,6.8159,6.87931,21646.4
2012-10-05,6.97564,7.10436,6.97564,7.05421,21146.9
2012-10-08,7.01785,7.01785,6.92613,6.96967,14969.3
2012-10-09,6.83196,6.83196,6.77816,6.77816,4470.82
2012-10-10,6.75702,6.75702,6.74765,6.74765,14124.3
2012-10-11,6.77311,6.77311,6.77311,6.77311,5411.61
2012-10-12,6.70179,6.70179,6.69963,6.69963,1873.25
2012-10-15,6.68107,6.71881,6.65273,6.65273,17346.3
2012-10-19,6.69963,6.69963,6.69963,6.69963,1873.25
2012-10-22,6.69385,6.69385,6.47018,6.47018,8537.85
2012-10-23,6.22734,6.29142,6.22734,6.27755,2868.15
2012-10-24,6.27997,6.3107,6.27997,6.3107,5657.21
2012-10-25,6.30781,6.30781,6.27275,6.27275,3754.82
2012-10-26,6.25662,6.25662,6.25662,6.25662,4708.1
2012-11-05,6.16848,6.18311,6.16848,6.18311,27074.7
2012-11-06,6.17404,6.17638,6.17404,6.17638,5515.68
2012-11-09,5.879,5.879,5.86795,5.86795,3754.82
2012-11-12,5.87492,6.09833,5.83984,5.83984,3559.17
2012-11-14,5.64933,5.67339,5.64933,5.67339,3696.54
2012-11-15,5.5292,5.61886,5.51385,5.51385,14769.5
2012-11-16,5.41539,5.55999,5.37427,5.55999,16938.3
2012-11-19,5.5292,5.7661,5.5292,5.7661,6685.42
2012-11-21,5.714,5.714,5.714,5.714,4708.1
2012-11-26,5.81848,5.8269,5.63641,5.812,7534.63
2012-11-27,5.78196,5.78291,5.77302,5.77302,9786.69
2012-11-30,5.98009,5.98009,5.98009,5.98009,4708.1
2012-12-03,5.95486,6.31548,5.95486,5.98951,3754.82
2012-12-05,6.02119,6.03399,6.02119,6.02986,15048.4
2012-12-10,5.96815,5.99311,5.96815,5.99311,1873.25
2012-12-11,6.01907,6.01907,6.01907,6.01907,919.974
2012-12-13,6.04501,6.30541,6.04501,6.30541,4899.59
2012-12-14,6.2338,6.24438,6.2338,6.24438,5857.03
2012-12-17,6.26218,6.2924,6.25112,6.25112,33889.1
2012-12-18,6.42862,6.49375,6.41154,6.49375,22591.4
2012-12-19,6.41688,6.41688,6.41154,6.41154,4017.08
2012-12-21,6.29983,6.29983,6.29983,6.29983,919.974
2012-12-24,6.29983,6.30541,6.27345,6.30541,35583.4
2012-12-28,6.10888,6.10888,6.09833,6.09833,2826.52
2012-12-31,6.2134,6.23553,6.2134,6.23553,1873.25
2013-01-02,6.5651,6.5651,6.46322,6.46322,1873.25
2013-01-03,6.56072,6.57833,6.56072,6.57373,5736.3
2013-01-09,6.52665,6.52665,6.50647,6.50985,39463.1
2013-01-11,6.55647,6.55647,6.55647,6.55647,919.974
2013-01-15,6.33565,6.33565,6.33565,6.33565,1873.25
2013-01-16,6.30445,6.30445,6.30445,6.30445,1873.25
2013-01-17,6.34095,6.34095,6.34095,6.34095,1873.25
2013-01-18,6.39576,6.39576,6.39576,6.39576,7526.3
2013-01-22,6.52566,6.52566,6.52566,6.52566,1536.06
2013-01-24,6.42909,6.6105,6.42909,6.6105,3251.13
2013-01-30,6.52475,6.52475,6.52354,6.52354,4258.52
2013-02-12,6.57615,6.60494,6.57615,6.60494,1873.25
2013-02-14,6.3556,6.3556,6.22543,6.24797,11709.8
2013-02-19,6.2129,6.2737,6.2129,6.2737,1873.25
2013-02-21,6.08247,6.09691,6.08247,6.09691,15951.7
2013-02-22,6.13102,6.23839,6.13102,6.22325,9861.62
2013-02-26,6.12596,6.12596,6.12596,6.12596,1973.15
2013-02-27,6.12693,6.12693,6.12693,6.12693,919.974
2013-02-28,6.18552,6.18552,6.18552,6.18552,1873.25
2013-03-05,6.14642,6.15289,6.12717,6.12717,3534.19
2013-03-06,6.16873,6.16873,6.16873,6.16873,6581.35
2013-03-13,6.29288,6.29288,6.29288,6.29288,3754.82
2013-03-14,6.31118,6.31118,6.31118,6.31118,1873.25
2013-03-18,6.21678,6.22876,6.21678,6.22325,3754.82
2013-03-25,6.2919,6.2919,6.2919,6.2919,3921.33
2013-04-04,6.45723,6.45723,6.43104,6.43104,1873.25
2013-04-08,6.62107,6.70179,6.62107,6.70179,14986.0
2013-04-09,6.80769,6.86371,6.75012,6.86371,25305.5
2013-04-10,6.89272,7.12554,6.88341,7.12554,8820.92
2013-04-11,7.23648,7.25691,7.13441,7.13441,15885.1
2013-04-12,7.16853,7.28794,7.16136,7.25885,17870.8
2013-04-15,7.26535,7.26535,7.04339,7.10797,9387.06
2013-04-16,7.17379,7.20911,7.17379,7.20911,1873.25
2013-04-17,6.92112,6.92112,6.92112,6.92112,919.974
2013-04-18,7.03761,7.03761,7.03761,7.03761,919.974
2013-04-24,7.38451,7.38451,7.38451,7.38451,1390.36
2013-04-26,7.70735,7.70735,7.698,7.698,5640.56
2013-04-29,7.678,7.69582,7.678,7.6838,4874.61
2013-04-30,7.6828,7.6828,7.6828,7.6828,919.974
2013-05-01,7.70423,7.70423,7.55361,7.55361,3284.43
2013-05-02,7.57643,7.62883,7.57643,7.62883,6639.63
2013-05-03,7.72874,7.72874,7.58818,7.58818,7509.65
2013-05-06,7.62372,7.66748,7.62372,7.64464,6564.7
2013-05-07,7.64464,7.71861,7.63503,7.71861,8687.71
2013-05-09,7.74676,7.74676,7.7196,7.72799,3284.43
2013-05-15,8.04364,8.04364,8.04364,8.04364,1873.25
2013-05-16,8.06478,8.06478,8.06478,8.06478,1873.25
2013-05-17,8.09002,8.09002,8.09002,8.09002,919.974
2013-05-20,8.05327,8.05327,8.05327,8.05327,919.974
2013-05-21,8.23202,8.23202,8.16931,8.16931,3746.5
2013-05-22,8.18997,8.18997,7.75036,7.75036,16888.3
2013-05-23,7.5212,7.67161,7.35231,7.62785,6244.16
2013-05-24,7.83823,7.83823,7.83823,7.83823,1873.25
2013-05-28,7.78953,7.99972,7.73113,7.75197,12176.1
2013-05-29,7.77461,7.77461,7.72106,7.72106,1873.25
2013-05-30,7.67518,7.67518,7.43875,7.51181,65567.9
2013-06-03,7.32828,7.32828,7.32828,7.32828,919.974
2013-06-04,7.29849,7.29849,7.29849,7.29849,2818.2
2013-06-05,7.19973,7.19973,7.19973,7.19973,919.974
2013-06-06,7.23648,7.23648,7.23648,7.23648,919.974
2013-06-13,7.16344,7.23309,7.16344,7.23309,5053.61
2013-06-17,7.23938,7.24392,7.23938,7.24392,2818.2
2013-06-19,7.25454,7.25454,7.23938,7.23938,2818.2
2013-06-20,7.21634,7.21634,6.85478,6.85478,35608.4
2013-06-21,6.78706,6.84303,6.73252,6.84303,14986.0
2013-06-24,6.83535,6.83535,6.60207,6.60763,22275.0
2013-06-26,6.97467,6.97467,6.97467,6.97467,9228.88
2013-06-27,7.24128,7.24128,7.24128,7.24128,1864.92
2013-07-01,7.35181,7.35181,7.25691,7.25691,3550.85
2013-07-15,8.38501,8.55921,8.29852,8.558,27482.6
2013-07-18,8.78379,8.80516,8.78379,8.79656,6980.98
2013-07-19,8.76194,8.77299,8.76194,8.77299,10440.2
2013-07-22,8.71317,8.71317,8.71317,8.71317,2793.22
2013-07-23,8.87987,8.87987,8.74368,8.74368,11093.8
2013-07-30,8.624,8.624,8.624,8.624,1864.92
2013-08-05,8.64541,8.70287,8.64541,8.70287,1864.92
2013-08-07,8.56158,8.56158,8.52773,8.52773,3034.66
2013-08-08,8.5246,8.5246,8.50128,8.50128,7459.69
2013-08-12,8.48017,8.48017,8.48017,8.48017,911.648
2013-08-19,7.81784,7.81784,7.81279,7.81279,1864.92
2013-08-20,7.90867,7.90867,7.90768,7.90768,2793.22
2013-08-23,7.91971,7.92664,7.91082,7.92664,7459.69
2013-08-26,8.09725,8.09725,8.09149,8.09149,12325.9
2013-08-27,7.84764,7.84764,7.82961,7.82961,5827.89
2013-08-28,7.79572,7.79572,7.79453,7.79453,6344.07
2013-08-30,7.82312,7.82961,7.78783,7.78783,14186.7
2013-09-04,7.91175,7.91175,7.91175,7.91175,1294.62
2013-09-05,7.936,7.936,7.91175,7.91175,1864.92
2013-09-09,7.91971,7.96632,7.91971,7.96632,29797.1
2013-09-13,8.32234,8.32234,8.32234,8.32234,911.648
2013-09-16,8.21812,8.22691,8.20895,8.20895,18624.2
2013-09-17,8.30121,8.30121,8.30121,8.30121,1864.92
2013-09-18,8.29423,8.29423,8.28533,8.28533,15818.5
2013-09-19,8.27956,8.49362,8.27956,8.46503,18965.6
2013-09-24,8.34759,8.34759,8.30217,8.30217,4666.47
2013-09-25,8.2411,8.4141,8.2411,8.4141,8712.69
2013-10-01,8.26246,8.45324,8.26246,8.45324,2793.22
2013-10-02,8.51593,8.51593,8.51593,8.51593,1136.43
2013-10-04,8.36943,8.36943,8.36943,8.36943,1864.92
2013-10-07,8.38644,8.38644,8.38644,8.38644,911.648
2013-10-14,8.59884,8.59884,8.59884,8.59884,1481.94
2013-10-15,8.60531,8.60531,8.60531,8.60531,1864.92
2013-10-17,8.91883,8.91883,8.91883,8.91883,911.648
2013-10-21,8.97624,9.39733,8.97624,9.24649,4287.66
2013-10-22,9.2248,9.31324,9.2248,9.31324,2447.71
2013-10-24,9.18596,9.19432,9.18596,9.19432,2793.22
2013-10-25,9.24841,9.24841,9.24841,9.24841,911.648
2013-10-28,9.34972,9.34972,9.34972,9.34972,911.648
2013-10-31,9.41897,9.41897,9.41436,9.41436,9324.62
2013-11-06,9.45352,9.5129,9.45352,9.5129,3613.29
2013-11-26,8.8861,8.94835,8.88109,8.88109,53562.4
2013-11-29,9.03315,9.037,9.03315,9.037,4050.38
2013-12-11,8.53562,8.53562,8.53562,8.53562,4033.73
2013-12-19,9.03172,9.03172,9.03172,9.03172,1431.99
2013-12-27,9.74975,9.74975,9.74975,9.74975,1864.92
2013-12-30,9.83065,9.83065,9.81848,9.81848,3184.52
2014-01-06,9.44609,9.51336,9.44609,9.51336,6131.77
2014-01-07,9.39037,9.63202,9.39037,9.63202,1864.92
2014-01-10,9.49298,9.49298,9.49298,9.49298,1311.27
2014-01-14,9.47801,9.47801,9.47801,9.47801,911.648
2014-01-15,9.63421,9.63661,9.63421,9.6354,9307.97
2014-01-16,9.69924,9.69924,9.66349,9.66349,3846.4
2014-01-21,9.66349,9.66349,9.66349,9.66349,3867.22
2014-01-24,9.31349,9.31349,9.31349,9.31349,1190.55
2014-01-27,9.52154,9.52154,9.31224,9.3543,8995.76
2014-01-31,9.2854,9.2854,9.2854,9.2854,3346.87
2014-02-06,8.7617,8.7617,8.75161,8.75161,5182.65
2014-02-11,9.11194,9.11194,9.11194,9.11194,12534.1
2014-02-20,9.60989,9.60989,9.60989,9.60989,1036.53
2014-02-28,9.25562,9.25562,9.15161,9.15161,2206.27
2014-03-03,8.93971,9.07566,8.64613,9.07566,12912.9
2014-03-04,9.38172,9.38172,9.38172,9.38172,6277.47
2014-03-05,9.42685,9.43956,9.42498,9.43956,17163.1
2014-03-17,9.42257,9.42257,9.42257,9.42257,1619.32
2014-03-18,9.6258,9.6258,9.6258,9.6258,4649.82
2014-03-20,9.87752,9.87752,9.81337,9.81337,3067.96
2014-03-26,9.53544,9.56379,9.49988,9.50952,152873.0
2014-03-27,9.45065,9.60775,9.44826,9.56593,105359.0
2014-03-31,9.80328,9.96729,9.80328,9.96729,4749.73
2014-04-01,10.179,10.2724,10.179,10.2724,16501.2
2014-04-03,10.1419,10.1419,10.1419,10.1419,2310.34
2014-04-04,9.7257,9.81388,9.7257,9.76656,5657.21
2014-04-08,9.62049,9.73461,9.62049,9.73461,3534.19
2014-04-10,9.65916,9.65916,9.65916,9.65916,2959.73
2014-04-11,9.13522,9.49745,9.13522,9.13522,6040.19
2014-04-22,9.53544,9.53544,9.53544,9.53544,3267.78
2014-04-28,8.86068,8.86068,8.86068,8.86068,3396.82
2014-05-01,9.4987,9.56784,9.4987,9.56784,5582.28
2014-05-07,9.26665,9.31609,9.26665,9.31609,4125.31
2014-05-12,9.70795,9.70795,9.70795,9.70795,3292.75
2014-05-16,9.75626,9.75626,9.72885,9.72885,10286.2
2014-05-22,9.58256,9.6169,9.58256,9.6169,10215.4
2014-06-18,9.97744,10.0189,9.97744,10.0189,8350.53
2014-06-24,10.0741,10.0741,10.0741,10.0741,2043.92
2014-06-26,10.0644,10.0644,10.0551,10.0551,3242.8
2014-07-07,10.3395,10.3407,10.3395,10.3407,3937.98
2014-07-08,10.1152,10.1749,10.1152,10.1166,5744.63
2014-07-17,10.3225,10.3225,10.3225,10.3225,5336.68
2014-07-18,10.2157,10.3276,10.2157,10.3179,8279.76
2014-07-22,10.2137,10.2137,10.1654,10.1654,5003.66
2014-07-24,10.2463,10.2463,10.2463,10.2463,4092.01
2014-07-29,11.087,11.087,10.8444,10.8444,3846.4
2014-08-01,10.4037,10.4037,10.4037,10.4037,8566.99
2014-09-08,10.5654,10.5712,10.5654,10.5712,7892.62
2014-09-10,10.2326,10.2326,10.2326,10.2326,2172.97
2014-09-15,10.3044,10.3044,10.3044,10.3044,1136.43
2014-09-16,10.3063,10.3063,10.3063,10.3063,1677.59
2014-09-19,10.7008,10.7008,10.7008,10.7008,2493.5
2014-09-23,10.2956,10.2956,10.2944,10.2944,5769.61
2014-09-24,10.3022,10.3022,10.2773,10.2773,5070.26
2014-10-03,9.91117,9.91575,9.75885,9.80763,25934.1
2014-10-10,9.17587,9.2561,8.82658,8.82658,11988.8
2014-10-16,8.70477,8.77466,8.70477,8.77466,1998.13
2014-10-20,9.00434,9.18904,9.00434,9.18904,2564.27
2014-11-04,10.179,10.1799,10.1778,10.1778,3725.68
2014-11-07,9.93062,9.93062,9.93062,9.93062,1848.27
2014-11-11,10.0437,10.0437,10.0437,10.0437,2555.94
2014-11-14,10.5753,10.5753,10.5753,10.5753,1228.01
2014-11-18,10.457,10.457,10.3352,10.3352,4150.29
2014-11-19,10.2431,10.2431,10.2431,10.2431,1981.48
2014-11-21,10.236,10.237,10.2348,10.237,5723.82
2014-11-24,10.1307,10.1307,10.1307,10.1307,2834.85
2014-11-25,10.3352,10.3352,10.1222,10.1243,11147.9
2014-11-26,10.3352,10.3352,10.3352,10.3352,1948.18
2014-11-28,10.4602,10.4602,10.4602,10.4602,1373.71
2014-12-01,10.2835,10.2835,10.2835,10.2835,919.974
2014-12-05,10.1429,10.2027,9.88883,9.90494,548924.0
2014-12-08,10.0461,10.1307,9.64479,9.64479,544324.0
2014-12-09,9.4516,9.55205,9.32741,9.4504,107112.0
2014-12-10,9.51002,9.51336,9.2284,9.31969,112365.0
2014-12-11,9.10352,9.29233,9.02019,9.25512,48995.9
2014-12-12,9.05602,9.22293,8.89816,9.01581,76632.5
2014-12-15,9.04899,9.13497,8.66991,8.70069,103382.0
2014-12-16,8.62642,9.06322,8.62642,8.84382,61292.7
2014-12-17,8.97861,9.16429,8.89164,9.148,27490.9
2014-12-18,9.6512,9.6512,9.3361,9.5369,34625.9
2014-12-19,9.5369,9.80763,9.5369,9.72264,59677.5
2014-12-22,9.80763,9.80763,9.70312,9.70312,14053.5
2014-12-23,9.96519,9.97096,9.85667,9.87225,22724.6
2014-12-24,9.81004,9.86411,9.73654,9.85954,8879.2
2014-12-26,9.99314,10.0558,9.99314,10.0558,9008.25
2014-12-29,10.0507,10.0507,9.90566,9.98293,16684.4
2014-12-30,9.98825,9.98825,9.82926,9.88087,63644.7
2014-12-31,9.82567,9.88087,9.73079,9.73079,24364.7
2015-01-02,9.75023,9.75023,9.54508,9.70748,19602.5
2015-01-05,9.69615,9.81219,9.27315,9.38896,75067.3
2015-01-06,9.32597,9.32692,9.06703,9.1494,28798.1
2015-01-07,9.1494,9.26185,9.1052,9.15906,44117.1
2015-01-08,9.17223,9.47539,9.16454,9.37068,620870.0
2015-01-09,9.31944,9.36926,9.18761,9.24722,149972.0
2015-01-12,9.16551,9.48094,9.16551,9.48094,80233.4
2015-01-13,9.4454,9.68174,9.27529,9.5256,32869.3
2015-01-14,9.37358,9.37595,9.16697,9.36853,30817.0
2015-01-15,9.52681,9.52773,9.20585,9.25103,29609.8
2015-01-16,9.16454,9.43502,9.16454,9.43502,17258.8
2015-01-20,9.35193,9.62193,9.35193,9.62193,41844.2
2015-01-21,9.61737,9.65221,9.54386,9.65221,11139.5
2015-01-22,9.59093,9.76101,9.57893,9.75742,25696.8
2015-01-23,9.70679,9.70748,9.6426,9.6426,9029.06
2015-01-26,9.57002,9.68536,9.45664,9.68536,18736.6
2015-01-27,9.56044,9.70679,9.35719,9.67867,28165.3
2015-01-28,9.60944,9.6426,9.48668,9.48668,13325.0
2015-01-29,9.3877,9.4499,9.07016,9.21548,57346.4
2015-01-30,9.27071,9.27649,9.12444,9.16022,26000.7
2015-02-02,9.09608,9.26859,9.05527,9.21668,27108.0
2015-02-03,9.18521,9.77302,9.18521,9.74585,34047.3
2015-02-04,9.86987,9.99753,9.86987,9.99753,17362.9
2015-02-05,9.93496,10.034,9.83907,9.99953,16967.4
2015-02-06,10.1511,10.1624,10.0538,10.1032,49087.4
2015-02-09,10.1297,10.3249,10.1085,10.1802,15010.9
2015-02-10,10.2382,10.4017,10.216,10.216,5936.12
2015-02-11,10.2814,10.358,10.2814,10.358,3330.22
2015-02-12,10.4637,10.4637,10.4637,10.4637,4899.59
2015-02-13,10.5098,10.5098,10.5098,10.5098,2697.48
2015-02-17,10.5453,10.598,10.5453,10.5453,5723.82
2015-02-18,10.52,10.52,10.2554,10.4616,19827.3
2015-02-20,10.4007,10.4007,10.3897,10.4007,2235.41
2015-02-24,10.1889,10.1889,10.1889,10.1889,1948.18
2015-02-25,10.1934,10.3037,10.1159,10.3037,9274.67
2015-02-26,10.4195,10.4195,10.4195,10.4195,1003.22
2015-02-27,10.4063,10.4063,10.4063,10.4063,1203.04
2015-03-02,10.4116,10.4659,10.4116,10.4659,4624.84
2015-03-03,10.455,10.6427,10.455,10.6427,5540.65
2015-03-04,10.6427,10.6427,10.6427,10.6427,911.648
2015-03-05,10.5746,10.5746,10.5746,10.5746,2768.24
2015-03-06,10.3532,10.3532,10.1848,10.249,14748.7
2015-03-09,10.2091,10.3184,10.1368,10.179,9228.88
2015-03-10,10.0558,10.0558,9.94508,9.94508,3688.22
2015-03-11,9.95558,9.95558,9.92364,9.92364,8296.41
2015-03-13,9.92364,9.92364,9.92364,9.92364,911.648
2015-03-16,9.94221,9.94221,9.94221,9.94221,911.648
2015-03-17,10.1771,10.1771,10.0975,10.1771,17525.2
2015-03-18,10.2544,10.52,10.2544,10.52,4624.84
2015-03-20,10.7387,10.874,10.724,10.7387,7376.44
2015-03-23,10.7387,10.7387,10.7387,10.7387,911.648
2015-03-24,10.7387,10.7387,10.7387,10.7387,911.648
2015-03-25,10.7378,10.7378,10.7378,10.7378,903.323
2015-03-26,10.3326,10.3326,10.3326,10.3326,903.323
2015-03-27,10.1358,10.1358,10.0712,10.0712,7334.81
2015-03-30,10.2981,10.2981,10.1703,10.2981,4599.87
2015-03-31,10.2981,10.2981,10.2981,10.2981,1182.22
2015-04-01,10.236,10.4591,10.236,10.4591,53212.8
2015-04-02,10.7909,10.933,10.7909,10.8824,6410.67
2015-04-06,10.9223,11.1371,10.9223,11.1371,31200.0
2015-04-07,10.9556,10.9556,10.9413,10.9498,24314.7
2015-04-08,10.9831,10.9831,10.8901,10.8901,2751.59
2015-04-09,10.8901,10.8901,10.8901,10.8901,308.045
2015-04-10,10.817,10.817,10.8071,10.8071,2751.59
2015-04-13,10.83,10.83,10.83,10.83,26604.3
2015-04-14,10.8202,10.8202,10.8148,10.8148,2751.59
2015-04-15,10.8802,10.8802,10.8802,10.8802,1440.32
2015-04-16,10.8802,10.8802,10.8802,10.8802,270.58
2015-04-17,10.8802,10.8802,10.8802,10.8802,903.323
2015-04-20,10.7432,10.8322,10.6665,10.6816,8854.23
2015-04-21,10.6816,10.6816,10.6816,10.6816,291.394
2015-04-22,10.858,10.858,10.858,10.858,1498.6
2015-04-23,10.858,10.858,10.858,10.858,903.323
2015-04-24,10.858,10.858,10.858,10.858,474.556
2015-04-27,10.9853,10.9853,10.7885,10.9853,2751.59
2015-04-28,10.6804,10.8979,10.6804,10.8979,4907.91
2015-04-29,10.8979,10.8979,10.8979,10.8979,903.323
2015-04-30,10.8979,10.8979,10.8979,10.8979,903.323
2015-05-01,10.4649,10.4649,10.4591,10.4591,3659.08
2015-05-04,10.4591,10.4591,10.4591,10.4591,903.323
2015-05-05,10.5189,10.5189,10.1413,10.1413,3659.08
2015-05-06,10.1413,10.1413,10.1413,10.1413,894.997
2015-05-07,9.86051,9.86051,9.78763,9.78861,11043.8
2015-05-08,10.0277,10.0277,10.0277,10.0277,903.323
2015-05-11,9.79998,9.97385,9.79998,9.97385,2751.59
2015-05-12,9.89435,9.89435,9.89435,9.89435,5124.38
2015-05-13,9.78481,10.0471,9.78481,9.96223,3704.87
2015-05-14,10.0296,10.2497,9.9503,10.1159,5515.68
2015-05-15,10.1159,10.1159,10.1159,10.1159,545.324
2015-05-18,10.1159,10.2456,10.1159,10.2456,22574.7
2015-05-19,10.1538,10.1538,10.1538,10.1538,4683.12
2015-05-20,9.91619,9.91619,9.91619,9.91619,4882.93
2015-05-21,10.1142,10.1142,10.1142,10.1142,4599.87
2015-05-22,10.0255,10.0255,9.81102,9.81102,4599.87
2015-05-26,9.86744,9.86744,9.86744,9.86744,4641.49
2015-05-27,9.8557,9.8629,9.85329,9.8629,12850.4
2015-05-28,9.8629,9.8629,9.8629,9.8629,820.067
2015-05-29,10.0277,10.0277,10.0277,10.0277,4599.87
2015-06-01,9.74445,10.0277,9.60085,9.60085,35479.3
2015-06-02,9.91981,9.91981,9.79299,9.91981,5873.68
2015-06-03,9.98373,10.0287,9.98373,10.0287,2751.59
2015-06-04,10.0287,10.0287,10.0287,10.0287,903.323
2015-06-05,9.93546,10.0234,9.65432,10.0234,6410.67
2015-06-08,9.97813,9.97813,9.97813,9.97813,4599.87
2015-06-09,9.93882,9.93882,9.91284,9.91284,7180.79
2015-06-10,9.91981,9.91981,9.84005,9.84005,8113.25
2015-06-11,9.87582,10.1551,9.87582,10.1551,8870.88
2015-06-12,10.1722,10.1722,10.1722,10.1722,4599.87
2015-06-15,10.0002,10.0002,10.0002,10.0002,4599.87
2015-06-16,9.92075,10.1302,9.92075,10.1302,8254.79
2015-06-17,10.0381,10.0381,10.0381,10.0381,4599.87
2015-06-18,10.0381,10.0381,10.0381,10.0381,903.323
2015-06-19,10.0381,10.0381,10.0381,10.0381,903.323
2015-06-22,10.3548,10.3548,10.3548,10.3548,4599.87
2015-06-23,10.3548,10.3548,10.3548,10.3548,911.648
2015-06-24,10.3748,10.3748,10.2864,10.2864,5507.35
2015-06-25,10.3124,10.3124,10.2343,10.2343,7318.16
2015-06-26,10.2304,10.2304,10.0803,10.0803,6402.35
2015-06-29,10.0803,10.0803,10.0803,10.0803,903.323
2015-06-30,10.0803,10.0803,10.0803,10.0803,145.697
2015-07-01,10.0803,10.0803,10.0803,10.0803,903.323
2015-07-02,10.0803,10.0803,10.0803,10.0803,903.323
2015-07-06,9.40429,9.40429,9.33946,9.33946,5507.35
2015-07-07,9.32741,9.38338,9.15186,9.15278,10061.4
2015-07-08,9.05452,9.05452,8.88012,9.01944,10061.4
2015-07-09,9.01944,9.01944,9.01944,9.01944,903.323
2015-07-10,9.27435,9.27435,9.27435,9.27435,1839.94
2015-07-13,9.53158,9.53158,9.53158,9.53158,1839.94
2015-07-14,9.53158,9.53158,9.53158,9.53158,1173.9
2015-07-15,9.37906,9.37906,9.37906,9.37906,5270.07
2015-07-16,9.57965,9.57965,9.57965,9.57965,1839.94
2015-07-17,9.57965,9.57965,9.57965,9.57965,903.323
2015-07-20,9.51866,9.51866,9.45664,9.45664,2743.27
2015-07-21,9.45664,9.45664,9.45664,9.45664,903.323
2015-07-22,9.03053,9.1218,9.03053,9.1218,4591.54
2015-07-23,9.1218,9.1218,9.1218,9.1218,903.323
2015-07-24,8.77014,8.77014,8.77014,8.77014,903.323
2015-07-27,8.73765,8.73765,8.73765,8.73765,2743.27
2015-07-28,8.54379,8.84866,8.54379,8.84866,10061.4
2015-07-29,8.84866,8.84866,8.84866,8.84866,903.323
2015-07-30,8.84866,8.84866,8.84866,8.84866,903.323
2015-07-31,8.84866,8.84866,8.84866,8.84866,903.323
2015-08-03,9.44633,9.44633,9.44633,9.44633,1698.41
2015-08-04,9.44633,9.44633,9.44633,9.44633,903.323
2015-08-05,9.44633,9.44633,9.44633,9.44633,903.323
2015-08-06,9.44633,9.44633,9.44633,9.44633,33.3022
2015-08-07,9.2241,9.2241,9.05452,9.05452,6402.35
2015-08-10,9.56569,9.60944,9.56569,9.60944,6402.35
2015-08-11,9.74561,9.74561,9.74561,9.74561,44087.9
2015-08-12,9.39178,9.6001,9.39178,9.56569,15556.3
2015-08-13,9.56569,9.56569,9.56569,9.56569,903.323
2015-08-14,9.67289,9.67289,9.67289,9.67289,903.323
2015-08-17,9.77496,10.07,9.77496,10.07,20147.8
2015-08-18,10.1703,10.3706,10.1054,10.1054,7318.16
2015-08-19,10.1054,10.1054,10.1054,10.1054,903.323
2015-08-20,10.1054,10.1054,10.1054,10.1054,903.323
2015-08-21,9.5136,9.57752,9.14823,9.15278,15556.3
2015-08-24,6.01598,8.95843,6.01598,8.95843,7126.67
2015-08-25,8.95843,8.95843,8.95843,8.95843,903.323
2015-08-26,8.40976,8.65552,8.40976,8.46578,5507.35
2015-08-27,8.94043,8.94501,8.8746,8.89572,6402.35
2015-08-28,8.94501,9.15375,8.94501,9.10257,12825.5
2015-08-31,9.10257,9.10257,9.10257,9.10257,903.323
2015-09-02,8.86715,8.92745,8.86715,8.92745,7318.16
2015-09-03,8.92745,8.92745,8.92745,8.92745,903.323
2015-09-04,8.78911,8.95628,8.78911,8.95533,10061.4
2015-09-08,9.2253,9.2253,9.06532,9.06532,3650.75
2015-09-09,9.34427,9.38028,9.34427,9.38028,10061.4
2015-09-10,8.95533,8.95533,8.95533,8.95533,1373.71
2015-09-11,8.95533,8.95533,8.95533,8.95533,903.323
2015-09-14,8.92168,8.92168,8.92168,8.92168,903.323
2015-09-15,8.92168,8.92168,8.92168,8.92168,316.371
2015-09-16,9.2241,9.2241,9.2241,9.2241,903.323
2015-09-17,9.1684,9.1684,9.1684,9.1684,2647.52
2015-09-21,9.1684,9.1684,9.1684,9.1684,903.323
2015-09-22,9.1684,9.1684,9.1684,9.1684,903.323
2015-09-25,8.74847,8.74847,8.74847,8.74847,1831.62
2015-09-28,8.74847,8.74847,8.74847,8.74847,283.068
2015-09-29,8.0194,8.0194,8.0194,8.0194,903.323
2015-09-30,7.92496,8.08234,7.92496,7.94854,9133.13
2015-10-01,8.11382,8.11382,7.72514,7.86735,51077.2
2015-10-02,7.86735,7.86735,7.86735,7.86735,903.323
2015-10-05,7.95647,8.54211,7.95647,8.54211,5815.4
2015-10-06,8.54211,8.54211,8.54211,8.54211,903.323
2015-10-07,8.54211,8.54211,8.54211,8.54211,382.975
2015-10-08,9.03629,9.03629,9.03629,9.03629,2734.94
2015-10-12,9.04634,9.04634,9.01179,9.04514,26637.6
2015-10-13,9.04514,9.04514,9.04514,9.04514,903.323
2015-10-14,9.04514,9.04514,9.04514,9.04514,903.323
2015-10-15,9.04514,9.13427,9.04514,9.13427,4570.73
2015-10-16,9.28997,9.28997,9.19217,9.19217,6377.37
2015-10-19,9.19217,9.19217,9.19217,9.19217,262.255
2015-10-20,9.44442,9.51625,9.44442,9.51625,3642.43
2015-10-21,9.56184,9.56184,9.56184,9.56184,1831.62
2015-10-22,9.4982,9.4982,9.4982,9.4982,1831.62
2015-10-23,9.4982,9.4982,9.4982,9.4982,903.323
2015-10-26,9.4982,9.4982,9.4982,9.4982,903.323
2015-10-27,9.4982,9.4982,9.4982,9.4982,903.323
2015-10-28,9.4982,9.4982,9.4982,9.4982,903.323
2015-10-29,9.4982,9.4982,9.4982,9.4982,903.323
2015-10-30,9.4982,9.4982,9.4982,9.4982,903.323
2015-11-02,10.3053,10.3053,10.3053,10.3053,7384.76
2015-11-03,10.2166,10.2166,10.2166,10.2166,2106.36
2015-11-04,10.3053,10.3053,10.1951,10.1951,2743.27
2015-11-05,10.0632,10.0632,10.0632,10.0632,903.323
2015-11-06,10.0632,10.0632,10.0632,10.0632,903.323
2015-11-09,10.0632,10.0632,10.0632,10.0632,33.3022
2015-11-10,9.8557,9.8557,9.75553,9.77424,6377.37
2015-11-11,9.77424,9.77424,9.77424,9.77424,903.323
2015-11-13,9.77424,9.77424,9.77424,9.77424,903.323
2015-11-17,9.77424,9.77424,9.77424,9.77424,903.323
2015-11-18,9.73079,9.73079,9.73079,9.73079,903.323
2015-11-19,9.73079,9.73079,9.73079,9.73079,903.323
2015-11-20,9.73079,9.73079,9.73079,9.73079,903.323
2015-11-25,9.85689,9.85689,9.79875,9.79875,3642.43
2015-11-27,9.79875,9.79875,9.79875,9.79875,903.323
2015-11-30,9.83138,9.83138,9.83138,9.83138,3642.43
2015-12-01,9.87582,9.87582,9.8355,9.84392,5053.61
2015-12-02,9.88858,9.96183,9.88858,9.96183,3205.33
2015-12-03,9.96183,9.96183,9.96183,9.96183,212.301
2015-12-04,9.96183,9.96183,9.96183,9.96183,2734.94
2015-12-07,9.61351,9.66444,9.55494,9.55494,8213.16
2015-12-08,9.46961,9.79754,9.42398,9.79754,10948.1
2015-12-09,9.68034,9.68034,9.68034,9.68034,2734.94
2015-12-10,9.41172,9.41172,9.41172,9.41172,903.323
2015-12-11,9.41172,9.41172,9.41172,9.41172,903.323
2015-12-14,9.41172,9.41172,9.41172,9.41172,782.602
2015-12-15,8.87336,8.87336,8.87336,8.87336,1831.62
2015-12-16,8.87336,8.87336,8.87336,8.87336,903.323
2015-12-18,9.04421,9.04421,8.91452,8.91452,3642.43
2015-12-21,8.91452,8.91452,8.91452,8.91452,903.323
2015-12-23,8.91403,8.91403,8.91403,8.91403,903.323
2015-12-29,9.61089,9.68897,9.61089,9.68897,2068.9
2015-12-31,9.32237,9.32237,9.13237,9.13237,24019.2
2016-01-07,8.38891,8.59113,8.38891,8.59113,4179.43
2016-01-08,8.42372,8.42372,8.42372,8.42372,4258.52
2016-01-11,8.30963,8.34205,8.17843,8.20727,12904.6
2016-01-12,8.35307,8.35307,8.11264,8.11264,5524.0
2016-01-13,8.16881,8.17794,8.16881,8.17794,1823.29
2016-01-14,7.71694,7.95024,7.71694,7.95024,6931.02
2016-01-15,7.48056,7.48056,7.43975,7.43975,2776.57
2016-01-19,7.44288,7.6002,7.42701,7.42701,5469.89
2016-01-20,7.1212,7.1212,6.70323,6.78512,8517.04
2016-01-21,7.40373,7.40373,7.31727,7.38474,11068.8
2016-01-26,8.07346,8.07346,8.07346,8.07346,3455.1
2016-01-27,8.14907,8.25126,8.14907,8.25126,7135.0
2016-02-01,8.44364,8.47657,8.40398,8.47657,5619.75
2016-02-03,8.41792,8.41792,8.41792,8.41792,1823.29
2016-02-08,7.76238,7.77729,7.58751,7.63697,10277.9
2016-02-09,7.41693,7.44218,7.29724,7.44218,6668.77
2016-02-10,7.62808,7.62808,7.62808,7.62808,1352.9
2016-02-11,7.49527,7.71836,7.49527,7.71836,2768.24
2016-02-16,8.11816,8.23656,8.11816,8.23202,3059.64
2016-02-17,8.50871,8.50871,8.47729,8.47729,1823.29
2016-02-23,8.70355,8.70477,8.70355,8.70477,1823.29
2016-02-25,9.00434,9.18761,9.00434,9.18761,2476.85
2016-02-29,9.59698,9.59698,9.40979,9.53111,8696.04
2016-03-02,9.85644,9.98775,9.85644,9.98775,1823.29
2016-03-04,10.094,10.1761,9.9498,9.9498,7155.81
2016-03-07,10.262,10.2993,10.1981,10.1981,14682.1
2016-03-08,9.96779,9.96879,9.96779,9.96879,1823.29
2016-03-10,9.93277,9.93277,9.93277,9.93277,2376.94
2016-03-16,9.68126,9.68126,9.68126,9.68126,1365.39
2016-03-17,9.78986,9.78986,9.78986,9.78986,3634.1
2016-03-18,9.95319,9.95319,9.95319,9.95319,1319.6
2016-03-28,10.1032,10.1032,9.86315,9.86315,6098.47
2016-03-31,10.3872,10.3872,10.3872,10.3872,3525.87
2016-04-01,10.3201,10.716,10.3201,10.4949,378021.0
2016-04-04,10.7979,10.9659,10.6568,10.8644,155379.0
2016-04-05,10.7558,10.7851,10.6785,10.6785,132447.0
2016-04-06,10.6599,10.6599,10.6556,10.6556,3176.2
2016-04-07,10.492,10.5409,10.492,10.5409,1856.59
2016-04-08,10.6587,10.6587,10.4881,10.4881,6622.98
2016-04-11,10.4563,10.4575,10.2859,10.2859,7110.02
2016-04-12,10.5377,10.6274,10.4646,10.4646,19490.1
2016-04-13,10.4949,10.4949,10.4949,10.4949,2718.29
2016-04-14,10.6058,10.6131,10.6058,10.6083,3625.78
2016-04-18,10.8111,10.8111,10.6004,10.6004,2726.62
2016-04-19,10.9278,11.0182,10.9278,11.0182,2934.75
2016-04-20,10.9867,11.1934,10.9867,11.1934,3929.66
2016-04-21,11.0001,11.0001,10.7626,10.7626,1831.62
2016-04-25,10.8585,10.8585,10.8585,10.8585,953.276
2016-04-26,10.9245,10.9245,10.9245,10.9245,1490.27
2016-04-29,10.8406,10.8406,10.6723,10.7699,3779.8
2016-05-02,10.8324,11.047,10.8324,11.0061,60776.5
2016-05-03,10.7651,10.7651,10.6723,10.6723,10244.5
2016-05-04,10.7849,10.8211,10.7803,10.7803,3625.78
2016-05-05,11.1248,11.1248,10.4443,10.4443,7884.3
2016-05-06,10.1398,10.2594,10.0323,10.0323,14261.6
2016-05-09,10.2993,10.3073,10.235,10.2451,12850.4
2016-05-10,10.3787,10.6107,10.3787,10.6107,22878.6
2016-05-12,10.3228,10.3984,10.3228,10.3799,5919.47
2016-05-13,10.2511,10.4245,10.2511,10.4245,28086.2
2016-05-16,10.4832,10.6339,10.4832,10.6339,10448.5
2016-05-19,10.3167,10.3897,10.1511,10.3897,14865.2
2016-05-20,10.3863,10.3863,10.3863,10.3863,1814.97
2016-05-23,10.4591,10.4876,10.3556,10.4876,21096.9
2016-05-25,10.5924,10.6435,10.5924,10.6016,14498.9
2016-05-27,10.83,10.83,10.83,10.83,903.323
2016-05-31,11.0523,11.0523,10.9617,10.9617,4549.91
2016-06-01,10.9965,10.9965,10.51,10.51,44595.8
2016-06-02,10.6833,10.7914,10.5992,10.7914,14615.5
2016-06-03,10.818,10.818,10.0534,10.214,9166.43
2016-06-06,10.6401,10.6401,10.5915,10.6401,6972.65
2016-06-07,10.6884,10.8478,10.6723,10.8478,9016.57
2016-06-08,10.9724,11.2228,10.9117,11.1122,10394.4
2016-06-13,10.8706,10.8706,10.6611,10.6611,3929.66
2016-06-15,11.0574,11.0574,11.0557,11.0557,2580.92
2016-06-20,11.6792,11.6792,11.4204,11.4204,3405.15
2016-06-22,11.6475,11.6475,11.5169,11.5169,2043.92
2016-06-24,11.1809,11.2452,11.1809,11.2452,19843.9
2016-06-27,11.0054,11.0054,11.0054,11.0054,1752.52
2016-06-28,11.0087,11.0087,11.0087,11.0087,3301.08
2016-06-29,11.046,11.8082,11.046,11.8082,5673.86
2016-07-01,12.0806,12.0806,11.8093,11.8662,33776.7
2016-07-05,12.1698,12.1698,12.1698,12.1698,1228.01
2016-07-12,12.9889,13.1544,12.9889,13.1544,63507.3
2016-07-13,13.0001,13.4186,13.0001,13.1267,105272.0
2016-07-14,13.3941,13.3953,13.1985,13.1985,31333.2
2016-07-15,13.2865,13.4375,13.1759,13.1759,17575.2
2016-07-18,13.1759,13.1759,12.9225,13.0979,24281.4
2016-07-19,12.9774,13.0438,12.5314,12.5314,143990.0
2016-07-20,12.7897,12.7897,12.6978,12.6978,28585.8
2016-07-21,12.7968,12.7968,12.7968,12.7968,1165.57
2016-07-22,12.6887,13.026,12.6887,13.026,14898.5
2016-07-25,13.1483,13.1483,13.0653,13.0761,14170.0
2016-07-27,13.055,13.0562,13.055,13.0562,7542.95
2016-07-29,12.8542,12.8542,12.8542,12.8542,2776.57
2016-08-02,12.4703,12.5226,12.4449,12.4449,11035.5
2016-08-04,12.5434,12.5434,12.2561,12.2561,4533.26
2016-08-05,12.7979,12.7979,12.3236,12.3236,9482.81
2016-08-08,12.2266,12.2266,12.2016,12.2016,2285.36
2016-08-09,12.2704,12.2704,12.2483,12.2483,4533.26
2016-08-10,12.0719,12.0719,12.0719,12.0719,903.323
2016-08-11,11.9257,11.9752,11.8846,11.9108,13391.6
2016-08-15,11.8069,11.8069,11.6982,11.6982,5453.24
2016-08-16,11.5981,11.5981,11.5251,11.5875,4866.28
2016-08-22,11.6913,11.6913,10.6998,10.7851,29251.8
2016-08-26,11.2008,11.2008,10.9292,10.9292,9965.69
2016-09-01,10.979,10.979,10.911,10.911,13424.9
2016-09-08,11.806,11.8846,11.6178,11.6215,79196.8
2016-09-09,11.4204,11.4423,11.4204,11.4423,13920.3
2016-09-12,11.5471,11.5471,11.5471,11.5471,903.323
2016-09-15,11.3841,11.3841,11.3841,11.3841,911.648
2016-09-16,11.1458,11.1458,11.1458,11.1458,1536.06
2016-09-21,10.9845,11.2028,10.9845,11.1434,12301.0
2016-09-26,11.468,11.468,11.468,11.468,936.625
2016-09-27,11.6374,11.6374,11.6374,11.6374,3592.47
2016-09-29,11.6361,11.6361,11.6361,11.6361,1257.15
2016-10-11,11.0823,11.11,11.0823,11.11,2376.94
2016-10-12,11.0847,11.1381,11.0847,11.1381,5798.75
2016-10-14,11.1156,11.1544,11.1156,11.1544,1831.62
2016-10-24,10.7829,10.8952,10.743,10.8692,44645.8
2016-11-01,10.3682,10.3682,10.3682,10.3682,1848.27
2016-11-02,9.87108,9.87108,9.87108,9.87108,944.95
2016-11-03,9.40787,9.47277,9.40787,9.47277,1889.9
2016-11-04,9.53973,9.53973,9.53973,9.53973,2106.36
2016-11-09,10.2771,10.6016,10.2612,10.6016,11068.8
2016-11-10,10.3548,10.3548,10.1958,10.1958,2622.55
2016-11-11,10.1958,10.2326,10.1958,10.2326,4250.19
2016-11-22,10.9364,10.9364,10.8309,10.8309,4599.87
2016-11-28,11.7412,11.7412,11.677,11.677,2759.92
2016-11-29,11.7467,11.7467,11.7467,11.7467,2630.87
2016-12-05,11.5894,11.5894,11.5894,11.5894,2630.87
2016-12-06,12.0654,12.4125,11.4916,11.8212,919274.0
2016-12-07,12.0796,12.4579,11.8393,12.4579,85053.9
2016-12-08,12.6333,12.7378,12.389,12.5381,67811.6
2016-12-09,12.739,12.739,12.419,12.4559,111853.0
2016-12-12,12.6346,12.6346,12.1906,12.1906,49537.0
2016-12-13,12.365,12.5541,12.2865,12.4449,33568.6
2016-12-14,12.5238,12.5541,12.2574,12.333,63024.4
2016-12-15,12.3352,12.4792,12.268,12.4449,13258.4
2016-12-16,12.6235,12.6235,12.4904,12.5446,103703.0
2016-12-19,12.6235,13.1885,12.6235,13.0885,22412.4
2016-12-20,13.2159,13.3449,13.1905,13.2818,62649.8
2016-12-21,13.3579,13.5017,13.2226,13.2226,33185.6
2016-12-22,13.3132,13.6912,13.2965,13.4135,34359.5
2016-12-23,13.5675,14.0258,13.4912,13.4965,27973.8
2016-12-27,13.8393,14.0975,13.646,13.9947,20830.5
2016-12-28,14.0017,14.2337,13.2436,13.6221,50690.1
2016-12-29,13.4736,13.6441,13.3431,13.3755,49616.1
2016-12-30,13.5356,13.6878,13.3337,13.3337,10535.9
2017-01-03,13.5911,15.1584,13.529,14.3438,74830.1
2017-01-04,14.5287,15.3042,14.5287,14.8001,55531.4
2017-01-05,15.4677,15.4677,14.5287,14.8558,54224.3
2017-01-06,14.9784,15.1774,14.2021,14.4229,93712.4
2017-01-09,14.2566,14.2566,13.9236,14.0352,29172.7
2017-01-10,14.2337,14.249,13.624,13.9137,146313.0
2017-01-11,13.8549,14.311,13.8549,14.09,46764.6
2017-01-12,13.7015,13.932,13.4907,13.8699,16584.5
2017-01-13,14.2348,14.2348,13.8706,13.9947,19968.8
2017-01-17,13.9947,13.9947,13.76,13.8151,6826.95
2017-01-18,13.8196,13.8568,13.4812,13.4812,13408.3
2017-01-19,13.4794,13.7577,13.4794,13.5798,21700.5
2017-01-20,13.896,13.896,13.6484,13.6484,3425.96
2017-01-23,13.6484,14.0209,13.6484,13.901,16180.7
2017-01-24,14.0459,14.0459,13.4464,13.5357,55248.4
2017-01-25,13.5798,13.8171,13.509,13.718,23244.9
2017-01-26,13.9125,13.9788,13.5597,13.8946,24244.0
2017-01-27,13.8327,14.239,13.8327,14.2378,23407.3
2017-01-30,14.2373,14.2373,13.9344,14.0583,23365.6
2017-01-31,14.1657,14.2899,13.9788,14.0459,9324.62
2017-02-01,13.9788,13.9788,12.9109,13.0372,92521.9
2017-02-02,12.8788,12.9361,12.6145,12.8141,61234.4
2017-02-03,13.1222,13.2025,12.8938,13.0735,17125.6
2017-02-06,13.0919,13.0919,12.5752,12.7254,38776.2
2017-02-07,12.592,12.6036,12.4021,12.4698,30762.9
2017-02-08,12.2636,12.5122,12.2077,12.5122,33343.8
2017-02-09,12.2374,12.7122,12.2041,12.6675,35953.9
2017-02-10,13.2028,13.2028,12.6508,12.7608,18782.4
2017-02-13,12.6764,12.9098,12.3783,12.7345,53212.8
2017-02-14,12.796,12.8362,12.5592,12.5592,12117.8
2017-02-15,12.3461,12.5963,12.3461,12.4938,18470.2
2017-02-16,12.3596,12.6483,12.3596,12.6483,14011.9
2017-02-17,12.4725,12.87,12.4725,12.7831,11476.7
2017-02-21,12.7831,13.0919,12.7831,12.9743,26733.3
2017-02-22,12.841,13.2998,12.841,13.2135,12355.1
2017-02-23,13.3765,13.3765,12.87,12.87,10989.7
2017-02-24,12.8764,12.8764,12.5963,12.5966,5736.3
2017-02-27,12.421,12.6546,12.421,12.6546,10069.7
2017-02-28,12.6508,12.6508,11.9573,12.0196,68527.6
2017-03-01,12.1761,12.5587,12.1021,12.5587,12471.6
2017-03-02,12.5705,12.5705,12.3284,12.3284,6090.14
2017-03-03,12.0514,12.0514,11.5199,11.8093,301809.0
2017-03-06,11.6497,11.7143,11.4846,11.523,77036.3
2017-03-07,11.3012,11.4963,11.1115,11.1371,67557.7
2017-03-08,11.0945,11.3211,11.0793,11.0965,45053.7
2017-03-09,10.9729,11.362,10.9729,11.2517,21875.4
2017-03-10,11.2321,11.4277,11.2216,11.3674,39042.7
2017-03-13,11.2947,11.5169,11.2947,11.5169,24793.5
2017-03-14,11.4494,11.4678,11.3409,11.3664,5752.96
2017-03-15,11.372,11.7579,11.372,11.7579,12255.2
2017-03-16,11.8866,11.8866,11.7472,11.839,3292.75
2017-03-17,11.9423,11.9484,11.9335,11.9383,3105.43
2017-03-20,11.8476,12.0275,11.8476,12.0275,9008.25
2017-03-21,11.8048,11.8717,11.8048,11.8717,1527.73
2017-03-22,11.4349,11.4349,11.4349,11.4349,532.835
2017-03-23,11.3015,11.4866,11.3015,11.48,8870.88
2017-03-24,11.2791,11.5199,11.2791,11.3503,12138.6
2017-03-27,11.0872,11.2409,11.0001,11.1831,9174.76
2017-03-28,10.8152,11.2163,10.8152,11.0896,7851.0
2017-03-29,11.0737,11.4187,11.0737,11.3902,15448.0
2017-03-30,11.5471,11.58,11.5395,11.5395,5361.65
2017-03-31,11.6715,11.7158,11.6715,11.7158,2310.34
2017-04-03,11.7317,11.7317,11.3216,11.3556,9749.22
2017-04-04,12.062,12.0678,11.8715,12.0421,53395.9
2017-04-05,12.097,12.2205,12.097,12.2205,12296.8
2017-04-06,11.9742,11.9742,11.9742,11.9742,1315.43
2017-04-07,11.9544,12.2644,11.9544,12.2644,12992.0
2017-04-10,12.3608,12.4864,12.3608,12.4606,11039.6
2017-04-11,12.4606,12.4606,12.4606,12.4606,0.0
2017-04-12,12.418,12.5551,12.418,12.5367,7293.18
2017-04-17,12.3964,12.6906,12.3964,12.6874,22191.7
2017-04-18,12.5324,12.5324,12.5324,12.5324,903.323
2017-04-19,12.5324,12.8755,12.5324,12.8731,9216.39
2017-04-20,12.711,12.9559,12.7087,12.9559,4678.96
2017-04-24,12.6416,12.6416,12.6416,12.6416,878.346
2017-04-25,12.9083,13.165,12.9083,12.9818,10565.1
2017-04-26,13.0899,13.2236,13.0899,13.2124,2847.34
2017-04-27,13.3118,13.3118,13.085,13.085,5578.12
2017-04-28,12.8331,12.8933,12.7087,12.7087,9990.66
2017-05-01,12.7286,12.7286,12.7286,12.7286,1265.48
2017-05-02,12.6385,12.7384,12.6213,12.7384,2193.78
2017-05-03,12.0346,12.0346,12.0346,12.0346,441.254
2017-05-04,11.15,11.2993,11.15,11.2993,1606.83
2017-05-05,11.3859,11.6693,11.3859,11.6317,40982.5
2017-05-08,12.1285,12.1285,11.593,11.5955,5619.75
2017-05-09,11.8103,11.8103,11.5955,11.6999,4745.56
2017-05-10,11.6513,11.6513,11.6513,11.6513,1086.48
2017-05-12,11.1072,11.4928,11.1072,11.4928,5603.1
2017-05-16,11.3414,11.5277,11.3414,11.462,12609.0
2017-05-17,11.2678,11.2678,11.2678,11.2678,482.882
2017-05-18,11.1229,11.1612,11.1229,11.1612,1323.76
2017-05-19,11.3725,11.5914,11.3725,11.5914,2077.22
2017-05-22,11.6557,11.692,11.6232,11.6292,8017.51
2017-05-23,11.6292,11.8542,11.6292,11.7494,4071.19
2017-05-24,11.5377,11.5377,11.5377,11.5377,441.254
2017-05-25,11.6603,11.6777,11.6603,11.6777,4379.24
2017-05-26,11.8745,11.8812,11.8674,11.8674,2689.15
2017-05-30,11.6851,11.6851,11.6851,11.6851,2951.41
2017-05-31,11.7291,11.7291,11.7291,11.7291,1819.13
2017-06-01,11.97,12.2578,11.97,12.1297,5719.65
2017-06-02,11.9435,11.9435,11.9435,11.9435,2539.29
2017-06-05,12.2986,12.3223,12.2986,12.3223,2364.45
2017-06-06,12.3223,12.5271,12.3223,12.4171,8958.3
2017-06-08,12.2092,12.4183,12.2092,12.3971,7505.49
2017-06-09,12.4473,12.4597,12.4473,12.4574,1348.74
2017-06-13,12.5752,12.5752,12.5752,12.5752,4524.94
2017-06-14,12.5502,12.5502,12.5502,12.5502,1019.88
2017-06-16,12.3104,12.3398,12.3104,12.3398,974.09
2017-06-19,12.2072,12.2072,12.2072,12.2072,899.16
2017-06-20,11.6901,11.6901,11.6829,11.6829,911.648
2017-06-22,11.4866,11.4866,11.4866,11.4866,536.998
2017-06-23,11.4536,11.5548,11.4536,11.5548,2222.92
2017-06-26,11.5476,11.6816,11.5476,11.6816,4162.77
2017-06-28,11.7729,11.8268,11.7729,11.8268,3076.29
2017-06-29,11.7218,11.7218,11.7218,11.7218,4745.56
2017-07-05,11.4983,11.4983,11.4159,11.4589,5369.98
2017-07-07,10.9761,11.0448,10.9451,11.0226,16505.4
2017-07-10,11.0073,11.1166,10.7725,10.8465,32432.2
2017-07-11,10.6974,10.9427,10.6974,10.8777,10594.2
2017-07-12,10.8733,10.8733,10.7099,10.7313,3267.78
2017-07-13,10.7083,10.7143,10.5243,10.6303,17687.6
2017-07-14,10.5537,10.8755,10.5537,10.8755,16809.3
2017-07-17,10.8777,10.9407,10.8711,10.9045,18936.4
2017-07-18,10.7974,10.8353,10.7371,10.7682,6718.72
2017-07-19,10.7658,10.8488,10.7658,10.8488,4874.61
2017-07-20,10.8202,11.2348,10.8202,11.2105,19144.6
2017-07-24,11.1502,11.1502,10.9917,11.0005,19261.1
2017-07-25,11.2435,11.2435,11.2435,11.2435,899.16
2017-07-26,11.6347,11.6347,11.3666,11.3666,3251.13
2017-07-27,11.3868,11.6328,11.3868,11.6328,6801.98
2017-07-28,11.3264,11.3264,11.3245,11.3245,1781.66
2017-07-31,11.3104,11.3104,11.3104,11.3104,928.299
2017-08-01,11.3868,11.3868,11.3868,11.3868,1635.97
2017-08-03,11.3803,11.3803,11.2823,11.3734,2193.78
2017-08-04,11.3868,11.7286,11.3868,11.7286,7946.74
2017-08-07,11.7325,11.7325,11.6973,11.6973,2622.55
2017-08-08,11.8827,11.8827,11.704,11.704,1927.36
2017-08-09,11.3844,11.5635,11.195,11.5172,23586.3
2017-08-10,11.3666,11.4146,11.257,11.3334,3954.64
2017-08-11,11.3288,11.3461,11.3288,11.3461,1490.27
2017-08-14,11.3868,11.6526,11.3868,11.6526,6256.65
2017-08-15,11.6504,11.6504,11.6504,11.6504,5890.33
2017-08-16,11.3537,11.3537,11.3537,11.3537,1794.15
2017-08-17,11.0742,11.0742,10.9814,10.9814,1402.85
2017-08-22,10.7457,10.8161,10.7457,10.8161,2684.99
2017-08-24,10.8777,11.1524,10.8777,11.1524,1456.97
2017-08-28,11.1862,11.1862,11.1862,11.1862,757.625
2017-08-29,11.1595,11.1595,11.1595,11.1595,441.254
2017-08-30,11.1862,11.1862,11.1461,11.1461,899.16
2017-08-31,11.3129,11.3129,11.2281,11.2281,1894.06
2017-09-01,11.201,11.3201,11.201,11.3201,1469.46
2017-09-05,11.3044,11.3211,11.0617,11.2774,2489.34
2017-09-07,10.7732,10.7732,10.1831,10.1831,10777.4
2017-09-08,10.016,10.1297,9.93617,9.93617,11734.8
2017-09-11,9.95777,10.0116,9.81029,9.84175,9974.01
2017-09-12,10.0789,10.0789,10.0663,10.0663,2560.1
2017-09-14,9.92798,9.94021,9.92798,9.94021,2210.43
2017-09-15,10.0468,10.0909,10.0468,10.0909,1261.32
2017-09-18,10.0923,10.0923,9.87847,9.87847,3138.73
2017-09-19,10.2936,10.3485,10.1068,10.2135,18899.0
2017-09-20,10.2616,10.4708,10.0943,10.1246,11185.3
2017-09-25,10.525,10.525,10.525,10.525,1369.55
2017-09-26,10.4942,10.4942,10.4942,10.4942,2239.57
2017-09-27,10.4173,10.5915,10.4173,10.5915,3163.71
2017-09-28,10.5189,10.5189,10.5189,10.5189,899.16
2017-09-29,10.3519,10.3519,10.3519,10.3519,3092.94
2017-10-02,10.5669,10.5669,10.5669,10.5669,1332.08
2017-10-03,10.7655,10.8025,10.7655,10.8025,22000.2
2017-10-04,11.2278,11.4221,11.2278,11.3201,6048.51
2017-10-05,11.4502,11.4502,11.1381,11.1381,13191.8
2017-10-06,10.8839,10.8839,10.8839,10.8839,641.067
2017-10-09,10.8909,11.0149,10.8909,10.9571,7734.44
2017-10-10,11.0706,11.1048,11.0706,11.1048,1644.29
2017-10-11,11.0035,11.0035,10.9991,10.9991,4058.7
2017-10-17,10.4847,10.5243,10.4847,10.5243,1082.32
2017-10-20,10.4983,10.5002,10.4983,10.5002,3346.87
2017-10-27,10.2986,10.3075,10.2986,10.3075,15144.1
2017-10-30,9.88087,9.88087,9.88087,9.88087,437.091
2017-10-31,9.93302,9.99294,9.93302,9.99294,903.323
2017-11-01,10.1324,10.1324,10.1063,10.1063,1290.46
2017-11-02,9.73748,9.73748,9.55303,9.60035,2851.5
2017-11-03,9.08362,9.08362,9.07875,9.07875,3825.59
2017-11-06,8.68867,8.74343,8.68867,8.74343,2252.06
2017-11-07,8.74703,8.7833,8.74462,8.7833,2306.17
2017-11-08,8.62306,8.62306,8.62306,8.62306,1132.27
2017-11-09,8.51113,8.57624,8.51113,8.57145,1436.15
2017-11-10,8.71101,8.71101,8.69279,8.69279,3475.92
2017-11-13,8.52247,8.54019,8.52247,8.54019,2418.57
2017-11-14,8.29326,8.46383,8.29326,8.46383,1065.67
2017-11-15,8.50632,8.55539,8.49936,8.55539,235317.0
2017-11-16,8.54043,8.77344,8.50871,8.77344,247214.0
2017-11-20,8.99619,8.99619,8.99619,8.99619,482.882
2017-11-21,9.08362,9.15086,9.06439,9.15086,25251.4
2017-11-22,9.17323,9.4742,9.17323,9.4742,15930.9
2017-11-24,9.26305,9.30172,9.26305,9.30172,1332.08
2017-11-27,9.51026,9.51026,9.51026,9.51026,441.254
2017-11-28,9.58446,9.66034,9.58446,9.66034,3937.98
2017-11-29,9.70748,10.0943,9.6995,9.90274,111341.0
2017-11-30,9.99294,10.2578,9.99294,10.0853,18253.7
2017-12-01,10.1509,10.1509,10.1056,10.1324,2098.04
2017-12-04,10.4426,10.4426,10.0041,10.0041,36445.1
2017-12-05,9.76198,9.79803,9.67428,9.67428,5827.89
2017-12-06,9.37092,9.375,9.26305,9.26305,5548.98
2017-12-07,9.07231,9.07231,9.07231,9.07231,1785.83
2017-12-08,9.03197,9.26305,9.03197,9.26305,1781.66
2017-12-11,9.26305,9.26305,9.26305,9.26305,2626.71
2017-12-13,9.89075,9.89194,9.88549,9.88955,6402.35
2017-12-14,9.90736,9.90736,9.52371,9.65602,5461.56
2017-12-15,9.59336,9.59336,9.59336,9.59336,437.091
2017-12-18,9.77902,9.81992,9.77902,9.81992,4832.98
2017-12-19,9.79058,9.79058,9.63103,9.63103,10119.7
2017-12-20,9.65359,9.67647,9.65359,9.65743,19581.7
2017-12-21,9.79299,9.79972,9.71922,9.7572,97121.7
2017-12-22,9.77642,9.77642,9.74635,9.75817,3962.96
2017-12-27,9.84537,9.84537,9.78936,9.80237,2764.08
2017-12-28,9.81362,9.84943,9.81362,9.84943,1465.29
2017-12-29,9.79079,9.81263,9.75286,9.75286,2859.82
2018-01-02,9.70288,9.70819,9.69615,9.69615,13079.4
2018-01-04,9.66563,9.66563,9.64621,9.66204,1332.08
2018-01-05,9.6193,9.6193,9.6193,9.6193,949.113
2018-01-08,9.65073,9.65073,9.65073,9.65073,1198.88
2018-01-09,9.65073,9.65073,9.54721,9.59842,2780.73
2018-01-11,9.49608,9.54049,9.49608,9.53641,2522.64
2018-01-12,9.70097,9.76777,9.70097,9.76777,2222.92
2018-01-16,9.516,9.516,9.50879,9.50879,1631.8
2018-01-17,9.48119,9.48119,9.48119,9.48119,532.835
2018-01-18,9.46604,9.46819,9.44345,9.46819,132859.0
2018-01-22,9.45497,9.79998,9.45497,9.79998,2210.43
2018-01-23,9.72115,9.73034,9.71898,9.73034,6248.33
2018-01-25,9.83407,9.83407,9.66444,9.7507,7659.51
2018-01-26,9.80904,9.80904,9.80904,9.80904,432.929
2018-01-29,9.66013,9.66013,9.66013,9.66013,857.532
2018-01-30,9.94697,10.0639,9.94697,10.0639,10714.9
2018-01-31,10.1783,10.1783,9.55851,9.85667,11072.9
2018-02-01,10.3556,10.3556,10.3556,10.3556,765.951
2018-02-02,10.1054,10.1054,9.70957,9.70957,3517.54
2018-02-07,8.61201,8.61201,8.61201,8.61201,432.929
2018-02-08,8.69373,8.69373,8.49143,8.49143,2501.83
2018-02-12,8.31652,8.31652,8.31652,8.31652,449.58
2018-02-14,8.68123,8.68123,8.68123,8.68123,1327.92
2018-02-15,8.84121,8.84121,8.84121,8.84121,1461.13
2018-02-16,8.86333,8.97237,8.86333,8.93706,6148.42
2018-02-22,8.35475,8.35475,8.35475,8.35475,1178.06
2018-02-23,8.60796,8.60796,8.60773,8.60773,2839.01
2018-02-26,8.88707,9.01557,8.8508,9.01557,1656.78
2018-02-27,9.04041,9.04041,8.97598,8.97598,1656.78
2018-03-02,8.68027,8.68027,8.68027,8.68027,1015.71
2018-03-05,8.6488,8.6488,8.6488,8.6488,2027.27
2018-03-16,8.68842,8.82636,8.68842,8.82636,7060.07
2018-03-19,8.67595,8.67595,8.67595,8.67595,432.929
2018-03-21,8.68216,8.68216,8.68216,8.68216,520.347
2018-03-22,8.53923,8.54982,8.53923,8.54861,2435.22
2018-03-23,8.15752,8.15752,8.07154,8.07154,2322.83
2018-03-26,8.23899,8.23899,8.21112,8.21112,2206.27
2018-03-28,8.04317,8.08159,8.04317,8.08159,3263.61
2018-03-29,8.14162,8.20292,8.06478,8.06478,7526.3
2018-04-05,8.25175,8.36584,8.25175,8.36584,2356.13
2018-04-10,8.22983,8.54861,8.22983,8.54861,1552.71
2018-04-17,8.5916,8.78141,8.5916,8.78141,4050.38
2018-04-19,8.68437,8.68437,8.63965,8.63965,1323.76
2018-04-20,8.67595,8.67595,8.67595,8.67595,466.231
2018-04-30,8.5061,8.51308,8.5061,8.51308,5149.35
2018-05-04,8.26872,8.28674,8.24833,8.28221,13936.9
2018-05-07,8.70502,8.70502,8.70502,8.70502,3542.52
2018-05-10,8.34734,8.43382,8.34734,8.43382,4516.61
2018-05-11,8.81793,8.81793,8.81793,8.81793,6493.93
2018-05-14,8.55199,8.55199,8.38618,8.38618,10852.3
2018-05-15,8.17865,8.17865,8.17865,8.17865,1323.76
2018-05-16,8.37256,8.38191,8.36584,8.36584,7963.39
2018-05-17,8.5916,8.5916,8.5916,8.5916,936.625
2018-05-18,8.26872,8.26872,8.26872,8.26872,2214.59
2018-05-21,8.34058,8.68216,8.32712,8.68216,5653.05
2018-05-22,8.47175,8.49216,8.47175,8.49216,3097.1
2018-05-23,8.33748,8.70502,8.27498,8.32932,7959.23
2018-05-24,8.58968,8.58968,8.37729,8.37729,4300.15
2018-05-25,8.70502,8.70502,8.70502,8.70502,1211.36
2018-05-29,8.41287,8.5916,8.18251,8.18251,2651.69
2018-05-30,8.28221,8.60075,8.28221,8.30505,5386.63
2018-05-31,8.47871,8.47871,8.47871,8.47871,5299.21
2018-06-01,8.31394,9.04398,8.22983,8.25529,27449.3
2018-06-04,8.28221,8.37729,8.28221,8.34734,3184.52
2018-06-05,8.29617,8.39106,8.29617,8.39106,1719.22
2018-06-06,8.39294,8.39294,8.39294,8.39294,1236.34
2018-06-12,8.67376,8.67376,8.67376,8.67376,586.951
2018-06-13,8.5916,8.5916,8.53876,8.54235,2801.55
2018-06-18,8.55218,8.56667,8.55218,8.564,3550.85
2018-06-19,8.50128,8.58968,8.50128,8.58968,3013.85
2018-06-20,8.55199,8.57385,8.55199,8.57385,2264.55
2018-06-21,8.4631,8.4631,8.38841,8.38841,4162.77
2018-06-26,8.34947,8.34947,8.34947,8.34947,928.299
2018-07-05,8.66895,8.66895,8.66895,8.66895,890.834
2018-07-09,8.89263,8.91088,8.89263,8.89476,2206.27
2018-07-12,9.04899,9.06006,9.02398,9.02398,32311.4
2018-07-18,8.78763,8.79074,8.78209,8.78209,3534.19
2018-07-19,8.71389,8.71389,8.69562,8.69562,2335.31
2018-07-23,8.52153,8.52153,8.52153,8.52153,932.462
2018-07-24,8.62113,8.62113,8.47416,8.50821,3534.19
2018-07-25,8.50821,8.50821,8.50821,8.50821,4.16277
2018-07-26,8.61421,8.62113,8.61421,8.62113,2397.76
2018-07-27,8.56206,8.56206,8.56206,8.56206,890.834
2018-07-30,8.55513,8.55513,8.55513,8.55513,2535.13
2018-07-31,8.55967,8.55967,8.55389,8.55389,2351.97
2018-08-03,8.37231,8.75711,8.37231,8.67813,5669.7
2018-08-08,8.90417,8.90417,8.90417,8.90417,1877.41
2018-08-09,9.23929,9.23929,9.23929,9.23929,1773.34
2018-08-10,9.06795,9.06795,9.05765,9.05765,1323.76
2018-08-13,9.05765,9.05765,9.05765,9.05765,2135.5
2018-08-15,9.03315,9.05139,9.01969,9.05139,1765.01
2018-08-16,9.43313,9.43313,9.39998,9.39998,15468.8
2018-08-17,9.46986,9.60371,9.45113,9.57146,255473.0
2018-08-20,9.59216,9.66204,9.57752,9.66204,4212.73
2018-08-21,9.74181,9.74181,9.74181,9.74181,1382.04
2018-08-22,9.56044,9.56044,9.56044,9.56044,890.834
2018-08-23,9.608,9.608,9.58544,9.58758,5424.1
2018-08-24,9.70505,9.70505,9.70505,9.70505,657.719
2018-08-27,9.84727,9.84727,9.84727,9.84727,770.114
2018-08-28,9.81579,9.82951,9.80929,9.82951,2672.5
2018-08-31,9.69208,9.74063,9.69208,9.74063,982.415
2018-09-04,9.65505,9.65505,9.61451,9.61451,10365.3
2018-09-06,9.50614,9.50614,9.50183,9.50183,2127.18
2018-09-10,9.60371,9.60371,9.59936,9.59936,3147.06
2018-09-12,9.84344,9.84344,9.84344,9.84344,1148.92
2018-09-20,9.85833,9.85833,9.85833,9.85833,561.975
2018-09-24,10.1824,10.1824,9.92774,9.92774,4175.26
2018-09-26,9.86362,9.86362,9.86362,9.86362,2401.92
2018-09-27,9.84344,9.84344,9.80451,9.80451,2414.41
2018-09-28,9.96559,9.96559,9.96559,9.96559,691.021
2018-10-01,9.94289,9.95946,9.69615,9.81388,13795.4
2018-10-04,9.77086,9.80693,9.77086,9.80693,2414.41
2018-10-05,11.4361,11.4361,9.73676,9.73676,2676.66
2018-10-10,9.40763,9.40763,9.1307,9.1307,5299.21
2018-10-11,8.45882,8.68722,8.45882,8.68722,1769.18
2018-10-15,8.37231,8.69854,8.37231,8.69854,2868.15
2018-10-18,8.98313,9.10113,8.8638,9.10113,4487.47
2018-10-25,8.5921,8.5921,8.5921,8.5921,707.672
2018-10-31,8.63965,8.87771,8.63965,8.77061,12954.5
2018-11-01,8.72324,8.75711,8.72324,8.75711,3205.33
2018-11-02,8.8907,8.8907,8.88948,8.8907,8970.78
2018-11-07,9.09633,9.50183,9.09633,9.49125,4591.54
2018-11-09,9.17562,9.17562,9.16454,9.16454,2297.85
2018-11-12,8.5645,8.5645,8.5645,8.5645,432.929
2018-11-13,8.39081,8.39081,8.39081,8.39081,624.416
2018-11-14,8.40614,8.40614,8.40614,8.40614,432.929
2018-11-16,8.64613,8.64613,8.64613,8.64613,720.16
2018-11-19,8.58968,8.58968,8.54861,8.54861,890.834
2018-11-20,7.90385,8.16906,7.90169,8.16906,1473.62
2018-11-26,8.25509,8.25509,8.25509,8.25509,1323.76
2018-11-29,8.63965,8.63965,8.63965,8.63965,770.114
2018-11-30,9.36537,9.36537,8.66655,8.66655,2043.92
2018-12-03,8.85469,9.53973,8.85469,9.03558,16497.0
2018-12-04,8.60773,8.60773,8.60773,8.60773,432.929
2018-12-06,7.96319,7.96319,7.95622,7.95622,1760.85
2018-12-07,8.58467,8.58467,8.58467,8.58467,974.09
2018-12-10,8.42899,8.42899,8.42899,8.42899,308.045
2018-12-11,8.58418,8.58418,8.58418,8.58418,120.72
2018-12-12,8.6805,8.6805,8.6805,8.6805,116.557
2018-12-13,8.55055,8.55055,8.55055,8.55055,4.16277
2018-12-14,8.3471,8.3471,8.3471,8.3471,278.906
2018-12-17,8.06218,8.06218,7.89256,7.91997,10823.2
2018-12-18,7.87456,7.87456,7.827,7.86279,3167.87
2018-12-19,7.86326,7.86326,7.71744,7.71744,1327.92
2018-12-20,7.57138,7.60309,7.24058,7.42196,7018.44
2018-12-21,7.42196,7.42196,7.15723,7.15723,1794.15
2018-12-24,6.90163,6.90163,6.74552,6.82934,3255.29
2018-12-26,6.77141,7.17141,6.77141,7.17141,7742.76
2018-12-27,6.98543,7.23527,6.98543,7.23527,1781.66
2018-12-28,7.40994,7.40994,7.40994,7.40994,145.697
2018-12-31,7.37824,7.46572,7.37585,7.46572,1785.83
2019-01-02,7.58629,7.58629,7.58629,7.58629,4.16277
2019-01-03,7.54736,7.54736,7.54736,7.54736,108.232
2019-01-04,7.84114,7.84114,7.84114,7.84114,33.3022
2019-01-07,8.2022,8.2022,8.2022,8.2022,8.32555
2019-01-08,8.28171,8.28171,8.28171,8.28171,8.32555
2019-01-09,8.30963,8.30963,8.30963,8.30963,8.32555
2019-01-10,8.30071,8.30071,8.30071,8.30071,4.16277
2019-01-11,8.39031,8.39031,8.39031,8.39031,220.627
2019-01-14,8.43286,8.43286,8.43286,8.43286,8.32555
2019-01-15,8.40495,8.40495,8.40495,8.40495,45.7905
2019-01-16,8.43286,8.43286,8.43286,8.43286,4.16277
2019-01-17,8.32639,8.32639,8.32639,8.32639,4.16277
2019-01-18,8.51016,8.51016,8.51016,8.51016,8.32555
2019-01-22,8.33579,8.33579,8.33579,8.33579,45.7905
2019-01-23,8.55316,8.60918,8.48804,8.48804,7759.42
2019-01-24,8.41751,8.41751,8.41751,8.41751,8.32555
2019-01-25,8.5916,8.5916,8.5916,8.5916,79.0928
2019-01-28,8.46167,8.46167,8.46167,8.46167,104.069
2019-01-29,8.45012,8.46406,8.31628,8.31628,2551.78
2019-01-30,8.21902,8.21902,8.21902,8.21902,487.045
2019-01-31,8.44673,8.44673,8.44673,8.44673,216.464
2019-02-01,8.42701,8.49143,8.42701,8.49143,11901.3
2019-02-04,8.49599,8.49599,8.49599,8.49599,95.7439
2019-02-05,8.49599,8.54405,8.45734,8.54405,874.183
2019-02-06,8.52078,8.52078,8.52078,8.52078,4.16277
2019-02-07,8.41506,8.41506,8.22983,8.22983,3521.71
2019-02-08,8.30071,8.35736,8.30071,8.35736,2168.8
2019-02-11,8.57696,8.57696,8.57696,8.57696,145.697
2019-02-12,8.7797,8.7797,8.7797,8.7797,145.697
2019-02-13,8.77515,8.80734,8.77515,8.80734,428.766
2019-02-14,8.87053,8.87078,8.72639,8.84866,7380.6
2019-02-15,9.0149,9.21767,9.0149,9.21767,2814.03
2019-02-19,9.35047,9.35047,9.35047,9.35047,33.3022
2019-02-20,9.44368,9.44368,9.42185,9.42185,607.765
2019-02-21,9.40022,9.40022,9.38485,9.38485,1731.71
2019-02-22,9.44368,9.58422,9.44368,9.58422,1531.9
2019-02-25,9.56834,9.56834,9.56834,9.56834,104.069
2019-02-26,9.51766,9.56667,9.47303,9.47303,2693.31
2019-02-27,9.57485,9.57485,9.57485,9.57485,49.9533
2019-02-28,9.51938,9.51938,9.51938,9.51938,104.069
2019-03-01,9.50614,9.50614,9.50614,9.50614,8.32555
2019-03-04,9.46243,9.46243,9.29668,9.29668,936.625
2019-03-05,9.18422,9.18422,9.18422,9.18422,4.16277
2019-03-06,9.07304,9.07304,9.07304,9.07304,4.16277
2019-03-07,9.01802,9.01802,9.01802,9.01802,4.16277
2019-03-08,9.01226,9.01226,9.01226,9.01226,1069.83
2019-03-11,9.28929,9.28929,9.28929,9.28929,495.37
2019-03-12,9.35817,9.35817,9.30388,9.30388,795.09
2019-03-13,9.36996,9.36996,9.36996,9.36996,8.32555
2019-03-14,9.22271,9.36514,9.22271,9.36514,1365.39
2019-03-15,9.51984,9.51984,9.51984,9.51984,8.32555
2019-03-18,9.51766,9.51766,9.51766,9.51766,270.58
2019-03-19,9.38796,9.38796,9.38796,9.38796,270.58
2019-03-20,9.28978,9.45329,9.28978,9.36759,3896.36
2019-03-21,9.56859,9.69234,9.56859,9.69234,1036.53
2019-03-22,9.48069,9.48069,9.48069,9.48069,270.58
2019-03-25,9.48069,9.48069,9.45809,9.46819,878.346
2019-03-26,9.65988,9.65988,9.65988,9.65988,270.58
2019-03-27,9.63686,9.63686,9.63686,9.63686,8.32555
2019-03-28,9.49488,9.49488,9.49488,9.49488,133.208
2019-03-29,9.56642,9.59985,9.37956,9.59985,1173.9
2019-04-01,9.79754,9.85689,9.79754,9.8449,4899.59
2019-04-02,9.89677,9.95508,9.85043,9.85043,11564.2
2019-04-03,9.69354,9.99434,9.69354,9.98153,1053.18
2019-04-04,9.97316,9.97316,9.97316,9.97316,4.16277
2019-04-05,10.0078,10.0078,10.0078,10.0078,4.16277
2019-04-08,10.0102,10.2519,10.0061,10.0991,14207.5
2019-04-09,10.0892,10.0936,10.0365,10.0365,2018.94
2019-04-10,10.2232,10.2232,10.2232,10.2232,8.32555
2019-04-11,10.1855,10.2275,10.1855,10.2275,432.929
2019-04-12,10.3266,10.3524,10.3085,10.3524,4953.7
2019-04-15,10.6351,10.6351,10.3247,10.3247,9266.34
2019-04-16,10.45,10.45,10.45,10.45,91.5811
2019-04-17,10.2903,10.2903,10.2297,10.2297,616.091
2019-04-18,10.1778,10.2807,10.1778,10.2609,2268.71
2019-04-22,10.3151,10.3151,10.3151,10.3151,499.533
2019-04-23,10.3151,10.3151,10.1375,10.2866,5457.4
2019-04-24,10.2903,10.3109,10.2903,10.3109,1377.87
2019-04-25,10.2878,10.2878,10.016,10.016,1078.15
2019-04-26,10.0125,10.0231,10.0125,10.0231,424.603
2019-04-29,10.0618,10.0618,10.0618,10.0618,8.32555
2019-04-30,9.95269,10.0068,9.95269,10.0068,1257.15
2019-05-01,10.0147,10.0172,9.79754,9.79754,2164.64
2019-05-02,9.72475,9.72475,9.72475,9.72475,641.067
2019-05-03,9.78144,9.78144,9.78144,9.78144,199.813
2019-05-06,9.62772,9.62772,9.62772,9.62772,270.58
2019-05-07,9.37882,9.37882,9.37882,9.37882,66.6044
2019-05-08,9.37617,9.37617,9.37617,9.37617,262.255
2019-05-09,9.148,9.2383,9.148,9.2383,1140.6
2019-05-10,9.08769,9.29308,9.06226,9.29308,969.927
2019-05-13,8.86018,8.86018,8.82636,8.82636,632.742
2019-05-14,8.97186,8.97186,8.97186,8.97186,166.511
2019-05-15,8.97907,8.97907,8.97907,8.97907,262.255
2019-05-16,9.37643,9.37643,9.37643,9.37643,208.138
2019-05-17,9.39081,9.39081,9.36803,9.36803,1257.15
2019-05-20,9.49796,9.49796,9.32237,9.32237,1057.34
2019-05-21,9.5768,9.5768,9.56954,9.56954,512.021
2019-05-22,9.44584,9.44584,9.44584,9.44584,166.511
2019-05-23,9.22221,9.22221,9.15685,9.15685,478.719
2019-05-24,9.3034,9.3034,9.3034,9.3034,91.5811
2019-05-28,9.13713,9.13713,9.13713,9.13713,174.836
2019-05-29,9.0163,9.0163,8.98536,8.98536,1153.08
2019-05-30,8.97284,8.97284,8.95843,8.95843,870.02
2019-05-31,8.46935,8.46935,8.46935,8.46935,49.9533
2019-06-03,8.58368,8.61059,8.53562,8.61059,16651.1
2019-06-04,8.90125,8.90125,8.90125,8.90125,249.766
2019-06-05,9.18182,9.18182,9.18182,9.18182,49.9533
2019-06-06,9.20106,9.34207,9.20106,9.34207,2597.57
2019-06-07,9.45209,9.45209,9.45209,9.45209,1228.01
2019-06-10,9.37837,9.37837,9.37837,9.37837,224.79
2019-06-11,9.44514,9.44514,9.44514,9.44514,224.79
2019-06-12,9.37837,9.37837,9.37837,9.37837,199.813
2019-06-13,9.43527,9.43527,9.43527,9.43527,224.79
2019-06-14,9.32717,9.32717,9.32717,9.32717,224.79
2019-06-17,9.2657,9.33054,9.2657,9.33054,824.23
2019-06-18,9.54266,9.54266,9.54266,9.54266,112.395
2019-06-19,9.65221,9.65221,9.65221,9.65221,74.93
2019-06-20,9.63249,9.74585,9.63249,9.74585,566.137
2019-06-21,9.67547,9.67547,9.67547,9.67547,320.533
2019-06-24,9.62432,9.62432,9.62432,9.62432,199.813
2019-06-25,9.54796,9.54961,9.3846,9.3846,5399.12
2019-06-26,9.54552,9.54552,9.36222,9.36222,1515.25
2019-06-27,9.42039,9.42039,9.42039,9.42039,8.32555
2019-06-28,9.42951,9.42951,9.42951,9.42951,4.16277
2019-07-01,9.42951,9.46077,9.42758,9.46077,11843.1
2019-07-02,9.08024,9.69713,9.08024,9.69713,857.532
2019-07-03,9.84442,9.84442,9.84442,9.84442,8.32555
2019-07-05,9.9275,9.9275,9.89796,9.89796,428.766
2019-07-08,9.77924,9.77924,9.73559,9.73559,5827.89
2019-07-09,9.7159,9.74833,9.7159,9.74833,1431.99
2019-07-10,9.90736,9.90736,9.90736,9.90736,299.72
2019-07-11,9.90616,9.97336,9.90153,9.91141,1302.94
2019-07-12,10.1271,10.1271,10.1271,10.1271,399.626
2019-07-15,10.1588,10.1588,10.1588,10.1588,299.72
2019-07-16,10.1424,10.1424,10.1424,10.1424,299.72
2019-07-17,10.0323,10.0323,10.0323,10.0323,208.138
2019-07-18,9.91981,9.97116,9.91981,9.97116,524.51
2019-07-19,9.89554,9.89554,9.89554,9.89554,208.138
2019-07-22,9.78481,9.78481,9.78481,9.78481,341.347
2019-07-23,9.7841,9.8117,9.7841,9.8117,2106.36
2019-07-24,9.93932,9.96203,9.93932,9.96203,1727.55
2019-07-25,9.88018,9.88018,9.88018,9.88018,199.813
2019-07-26,9.98512,10.0861,9.98512,10.0861,8646.09
2019-07-29,10.1246,10.1246,10.1246,10.1246,216.464
2019-07-30,9.98735,9.98735,9.98735,9.98735,12.4883
2019-07-31,9.73631,9.73631,9.73631,9.73631,199.813
2019-08-01,9.57124,9.57124,9.57124,9.57124,228.952
2019-08-02,9.17849,9.17849,9.17849,9.17849,12.4883
2019-08-05,8.79197,8.79197,8.79197,8.79197,349.673
2019-08-06,8.81436,8.97574,8.81436,8.97574,1153.08
2019-08-07,8.8722,8.90825,8.8722,8.90825,974.09
2019-08-08,9.10881,9.10881,9.10881,9.10881,316.371
2019-08-09,8.9661,8.9661,8.9661,8.9661,20.8138
2019-08-12,8.80277,8.80277,8.80277,8.80277,199.813
2019-08-13,9.08839,9.08839,9.08839,9.08839,33.3022
2019-08-14,8.63965,8.63965,8.63965,8.63965,8.32555
2019-08-15,8.1455,8.2572,8.1455,8.2572,424.603
2019-08-16,8.38984,8.38984,8.38984,8.38984,378.812
2019-08-19,8.69637,8.73359,8.69637,8.73359,1198.88
2019-08-20,8.5414,8.5414,8.5414,8.5414,199.813
2019-08-21,8.69684,8.69684,8.69684,8.69684,303.882
2019-08-22,8.6918,8.6918,8.6918,8.6918,199.813
2019-08-23,8.22838,8.22838,8.22838,8.22838,104.069
2019-08-26,8.42997,8.42997,8.42997,8.42997,87.4183
2019-08-27,8.39561,8.39561,8.39561,8.39561,199.813
2019-08-28,8.39106,8.50538,8.39106,8.50538,424.603
2019-08-29,8.6692,8.6692,8.6692,8.6692,199.813
2019-08-30,8.64493,8.64493,8.64493,8.64493,349.673
2019-09-03,8.55291,8.55291,8.55291,8.55291,4.16277
2019-09-04,8.68937,8.68937,8.68937,8.68937,154.022
2019-09-05,8.92073,8.92073,8.92073,8.92073,12.4883
2019-09-06,9.01058,9.03438,9.01058,9.03438,3621.61
2019-09-09,9.00528,9.00528,9.00528,9.00528,316.371
2019-09-10,9.20179,9.20179,9.20179,9.20179,353.836
2019-09-11,9.54891,9.54891,9.54891,9.54891,174.836
2019-09-12,9.6157,9.6157,9.6157,9.6157,174.836
2019-09-13,9.45909,9.45909,9.45909,9.45909,174.836
2019-09-16,9.41678,9.41678,9.41678,9.41678,108.232
2019-09-17,9.32089,9.32089,9.32089,9.32089,424.603
2019-09-18,9.29308,9.29308,9.29308,9.29308,174.836
2019-09-19,9.29117,9.29117,9.29117,9.29117,174.836
2019-09-20,9.28327,9.28327,9.24722,9.28327,1261.32
2019-09-23,9.31274,9.31274,9.31274,9.31274,49.9533
2019-09-24,9.17849,9.17849,9.17849,9.17849,174.836
2019-09-25,9.22199,9.31224,9.1917,9.31224,865.858
2019-09-26,9.18207,9.22722,9.18207,9.22722,424.603
2019-09-27,9.13982,9.13982,9.13982,9.13982,174.836
2019-09-30,9.22555,9.22555,9.22555,9.22555,12.4883
2019-10-01,8.88757,8.88757,8.88757,8.88757,174.836
2019-10-02,8.60893,8.60893,8.60893,8.60893,4.16277
2019-10-03,8.58582,8.63124,8.58582,8.63124,445.417
2019-10-04,8.84599,8.84599,8.84599,8.84599,4.16277
2019-10-07,8.93418,8.93418,8.93418,8.93418,303.882
2019-10-08,8.74174,8.74174,8.74174,8.74174,195.65
2019-10-09,8.82705,8.82705,8.82705,8.82705,8.32555
2019-10-10,8.9085,8.9085,8.9085,8.9085,316.371
2019-10-11,9.1684,9.1684,9.07156,9.07156,2468.52
2019-10-14,8.9546,8.9546,8.9546,8.9546,79.0928
2019-10-15,9.20515,9.20515,9.20515,9.20515,711.835
2019-10-16,9.1684,9.1684,9.1684,9.1684,149.86
2019-10-17,9.29258,9.29258,9.29258,9.29258,149.86
2019-10-18,9.40979,9.40979,9.40979,9.40979,253.929
2019-10-21,9.45809,9.45809,9.45809,9.45809,249.766
2019-10-22,9.42951,9.42951,9.42951,9.42951,149.86
2019-10-23,9.41293,9.41293,9.41293,9.41293,149.86
2019-10-24,9.16576,9.16576,9.16576,9.16576,4.16277
2019-10-25,9.25633,9.25633,9.25633,9.25633,166.511
2019-10-28,9.47514,9.47514,9.47514,9.47514,324.696
2019-10-29,9.3851,9.3851,9.3851,9.3851,316.371
2019-10-30,9.51916,9.51916,9.51916,9.51916,316.371
2019-10-31,9.54071,9.54071,9.54071,9.54071,316.371
2019-11-01,9.40046,9.40046,9.40046,9.40046,316.371
2019-11-04,9.39422,9.39422,9.39422,9.39422,166.511
2019-11-05,9.43745,9.43745,9.43745,9.43745,316.371
2019-11-06,9.42159,9.42159,9.42159,9.42159,316.371
2019-11-07,9.64285,9.64285,9.64285,9.64285,316.371
2019-11-08,9.64815,9.64815,9.64815,9.64815,932.462
2019-11-11,9.63515,9.63515,9.63515,9.63515,828.393
2019-11-12,9.55711,9.55711,9.55711,9.55711,154.022
2019-11-13,9.58158,9.58158,9.58158,9.58158,4.16277
2019-11-14,9.43453,9.43453,9.43453,9.43453,278.906
2019-11-15,9.48094,9.56044,9.48094,9.56044,1011.55
2019-11-18,9.5955,9.65073,9.5955,9.64621,65726.1
2019-11-19,9.4833,9.4833,9.4833,9.4833,8.32555
2019-11-20,9.25394,9.30966,9.25394,9.30966,7347.3
2019-11-21,9.31542,9.31542,9.31542,9.31542,8.32555
2019-11-22,9.39544,9.39544,9.39544,9.39544,4.16277
2019-11-25,9.4074,9.4074,9.4074,9.4074,4.16277
2019-11-26,9.45375,9.45375,9.40094,9.40094,424.603
2019-11-27,9.48839,9.50952,9.48839,9.49537,18278.7
2019-11-29,9.50257,9.50257,9.47375,9.47375,2439.38
2019-12-02,9.30172,9.30172,9.30172,9.30172,8.32555
2019-12-03,9.17273,9.28606,9.17273,9.28606,424.603
2019-12-04,9.38338,9.38338,9.38338,9.38338,191.487
2019-12-05,9.29258,9.29258,9.29258,9.29258,8.32555
2019-12-06,9.34282,9.34282,9.34282,9.34282,8.32555
2019-12-09,9.33539,9.33539,9.25798,9.25798,1298.78
2019-12-10,9.23904,9.23904,9.23904,9.23904,241.441
2019-12-11,9.26809,9.27504,9.26809,9.27504,1207.2
2019-12-12,9.46268,9.46268,9.46268,9.46268,8.32555
2019-12-13,9.36131,9.36131,9.36131,9.36131,149.86
2019-12-16,9.53018,9.53715,9.48094,9.48094,3450.94
2019-12-17,9.49918,9.49918,9.49918,9.49918,49.9533
2019-12-18,9.49078,9.49078,9.49078,9.49078,199.813
2019-12-19,9.53471,9.62704,9.53471,9.62704,1019.88
2019-12-20,9.7252,9.75167,9.7252,9.7399,957.439
2019-12-23,9.77617,9.77617,9.71007,9.71007,707.672
2019-12-24,9.67522,9.67522,9.67522,9.67522,466.231
2019-12-26,9.7041,9.7041,9.7041,9.7041,262.255
2019-12-27,9.72935,9.72935,9.72935,9.72935,24.9766
2019-12-30,9.66278,9.66278,9.66278,9.66278,12.4883
2019-12-31,9.71543,9.71543,9.71543,9.71543,187.325
2020-01-02,9.72427,9.72427,9.72427,9.72427,158.185
2020-01-03,9.63011,9.63011,9.63011,9.63011,199.813
2020-01-06,9.64696,9.64696,9.64696,9.64696,16.6511
2020-01-07,9.60443,9.60443,9.59793,9.59793,478.719
2020-01-08,9.69974,9.69974,9.66563,9.66563,2197.94
2020-01-09,9.66131,9.66131,9.66131,9.66131,33.3022
2020-01-10,9.62338,9.62338,9.57124,9.57124,536.998
2020-01-13,9.63202,9.63709,9.63202,9.63709,1740.04
2020-01-14,9.64308,9.64308,9.64308,9.64308,20.8138
2020-01-15,9.69494,9.69494,9.63876,9.63876,5590.61
2020-01-16,9.87607,9.87607,9.87607,9.87607,299.72
2020-01-17,9.96489,9.96489,9.96489,9.96489,37.465
2020-01-21,10.033,10.033,10.033,10.033,183.162
2020-01-22,10.1453,10.1453,10.1453,10.1453,145.697
2020-01-23,10.06,10.103,10.06,10.103,1486.11
2020-01-24,10.0841,10.0841,10.0841,10.0841,124.883
2020-01-27,9.85307,9.85307,9.85307,9.85307,41.6277
2020-01-28,10.0044,10.0044,10.0044,10.0044,166.511
2020-01-29,9.53181,9.53181,9.53181,9.53181,99.9066
2020-01-30,9.5287,9.5287,9.5287,9.5287,49.9533
2020-01-31,9.35285,9.35285,9.35285,9.35285,33.3022
2020-02-03,9.27215,9.27215,9.27215,9.27215,33.3022
2020-02-04,9.56021,9.56021,9.56021,9.56021,840.881
2020-02-05,9.68561,9.68561,9.65916,9.65916,89770.3
2020-02-06,9.8062,9.8062,9.8062,9.8062,16.6511
2020-02-07,9.79829,9.79829,9.79829,9.79829,686.858
2020-02-10,9.83625,9.88762,9.8115,9.88762,4129.47
2020-02-11,10.7432,10.7505,10.0389,10.1651,34946.5
2020-02-12,10.2275,10.228,10.2275,10.228,5032.79
2020-02-13,10.1593,10.1593,10.1593,10.1593,5182.65
2020-02-14,10.0396,10.0396,10.0396,10.0396,41.6277
2020-02-18,9.99674,9.99674,9.99674,9.99674,162.348
2020-02-19,10.1593,10.1593,10.1593,10.1593,83.2555
2020-02-20,10.1603,10.162,10.1603,10.162,1615.15
2020-02-21,10.0087,10.0087,10.0087,10.0087,424.603
2020-02-24,9.67024,9.67024,9.67024,9.67024,512.021
2020-02-25,9.22747,9.22747,9.22747,9.22747,2260.38
2020-02-26,9.17348,9.17348,9.17348,9.17348,258.092
2020-02-27,8.84169,8.93252,8.54335,8.54335,5811.23
2020-02-28,8.20005,8.20005,8.20005,8.20005,2114.69
2020-03-02,8.86545,9.03485,8.86545,9.03485,78256.0
2020-03-03,8.96707,8.97883,8.54839,8.6363,1294.62
2020-03-04,9.32428,9.32428,9.32428,9.32428,24.9766
2020-03-05,8.8611,8.8611,8.8611,8.8611,328.859
2020-03-06,8.64424,8.66174,8.64424,8.66174,720.16
2020-03-09,8.2582,8.2582,7.28431,7.71528,77069.6
2020-03-10,7.82338,8.13879,7.82338,8.13879,1044.85
2020-03-11,7.52984,7.52984,7.52984,7.52984,187.325
2020-03-12,6.36355,6.38033,6.33565,6.38033,1456.97
2020-03-13,6.62562,6.99191,6.62562,6.99191,1769.18
2020-03-16,6.08437,6.09476,6.08437,6.09476,820.067
2020-03-17,6.79355,6.79355,6.6206,6.6206,41673.5
2020-03-18,6.07045,6.19631,5.54751,6.17185,22087.7
2020-03-19,6.1656,6.27561,6.1656,6.27561,2272.87
2020-03-20,5.51916,5.64743,5.48428,5.64743,2668.34
2020-03-23,5.27797,5.35408,5.11512,5.32503,47680.4
2020-03-24,5.67986,5.85523,5.67748,5.85523,6098.47
2020-03-25,5.73003,5.98707,5.73003,5.86362,4133.63
2020-03-26,6.76686,6.76686,6.76686,6.76686,241.441
2020-03-27,6.2783,6.2783,6.13293,6.2706,4300.15
2020-03-30,6.66841,6.66841,6.66841,6.66841,20.8138
2020-03-31,6.35394,6.35394,6.35394,6.35394,8.32555
2020-04-01,6.01665,6.01665,6.01665,6.01665,12.4883
2020-04-02,6.23577,6.23577,6.23577,6.23577,328.859
2020-04-03,6.06972,6.06972,6.06972,6.06972,8.32555
2020-04-06,6.81975,6.81975,6.81975,6.81975,366.324
2020-04-07,7.07697,7.07697,7.00591,7.00591,1323.76
2020-04-08,7.25618,7.25618,7.25618,7.25618,3105.43
2020-04-09,7.4611,7.55508,7.4611,7.49405,28410.9
2020-04-13,7.19086,7.19086,7.19086,7.19086,20.8138
2020-04-14,7.60717,7.60717,7.60717,7.60717,20.8138
2020-04-15,7.16537,7.16537,7.16537,7.16537,420.44
2020-04-16,7.31752,7.31752,7.31752,7.31752,195.65
2020-04-17,7.3254,7.60912,7.3254,7.60912,1277.97
2020-04-20,7.5925,7.5925,7.5925,7.5925,29.1394
2020-04-21,7.07917,7.07917,7.07917,7.07917,16.6511
2020-04-22,7.3333,7.3333,7.3333,7.3333,29.1394
2020-04-23,7.36073,7.36073,7.36073,7.36073,49.9533
2020-04-24,7.4974,7.4974,7.4974,7.4974,349.673
2020-04-27,7.75173,7.76599,7.75173,7.76599,1452.8
2020-04-28,7.74221,7.74221,7.74221,7.74221,441.254
2020-04-29,7.95817,8.01362,7.95817,8.01362,1823.29
2020-04-30,7.61367,7.61367,7.61367,7.61367,8.32555
2020-05-01,7.19062,7.19062,7.19062,7.19062,70.7672
2020-05-04,7.17962,7.17962,7.17962,7.17962,840.881
2020-05-05,7.34867,7.34867,7.31123,7.33621,11414.3
2020-05-06,7.24563,7.24563,7.04264,7.04264,4150.29
2020-05-07,7.17332,7.17332,7.17332,7.17332,8.32555
2020-05-08,7.29947,7.61392,7.29947,7.61392,4529.1
2020-05-11,7.58531,7.58531,7.51375,7.51375,857.532
2020-05-12,7.22209,7.22209,7.22209,7.22209,8.32555
2020-05-13,7.10059,7.14501,6.84087,6.84087,7480.51
2020-05-14,6.77912,6.86155,6.77912,6.86155,1182.22
2020-05-15,6.96027,7.19374,6.94222,6.94222,14245.0
2020-05-18,7.27402,7.4621,7.27161,7.4621,1319.6
2020-05-19,7.38426,7.38426,7.25259,7.27519,27137.1
2020-05-20,7.4611,7.46853,7.4611,7.46853,790.928
2020-05-21,7.35086,7.35086,7.35086,7.35086,424.603
2020-05-22,7.33236,7.46572,7.33236,7.46572,8558.67
2020-05-26,7.7917,7.81493,7.64442,7.64442,7942.58
2020-05-27,7.88295,7.99299,7.84524,7.99299,7318.16
2020-05-28,7.99752,7.99752,7.89545,7.89545,2651.69
2020-05-29,8.0434,8.0434,8.0434,8.0434,695.184
2020-06-01,8.08813,8.08813,8.08813,8.08813,507.859
2020-06-02,8.05159,8.12992,8.05159,8.12992,507.859
2020-06-03,8.42751,8.42751,8.42751,8.42751,208.138
2020-06-04,8.34105,8.34105,8.34105,8.34105,2755.75
2020-06-05,8.73334,8.73334,8.68767,8.68767,1798.32
2020-06-08,8.95243,8.95243,8.95243,8.95243,174.836
2020-06-09,8.74273,8.74273,8.74273,8.74273,12.4883
2020-06-10,8.65913,8.65913,8.65913,8.65913,24.9766
2020-06-11,7.68138,7.68138,7.68138,7.68138,1548.55
2020-06-12,7.87916,7.87916,7.87916,7.87916,258.092
2020-06-15,7.89016,7.89016,7.89016,7.89016,162.348
2020-06-16,8.1919,8.1919,8.1919,8.1919,70.7672
2020-06-17,8.00453,8.01868,7.97016,7.97016,1323.76
2020-06-18,7.89693,7.94927,7.89693,7.94927,749.3
2020-06-19,7.89281,7.89281,7.89281,7.89281,41.6277
2020-06-22,7.85942,7.85942,7.84524,7.84694,990.741
2020-06-23,7.79597,7.79597,7.79597,7.79597,4.16277
2020-06-24,7.77536,7.77536,7.44648,7.44648,2547.62
2020-06-25,7.58215,7.58215,7.58098,7.58098,715.997
2020-06-26,7.29104,7.29104,7.29104,7.29104,1219.69
2020-06-29,7.5087,7.53225,7.5087,7.53225,561.975
2020-06-30,7.74385,7.74385,7.74385,7.74385,378.812
2020-07-01,7.60865,7.60865,7.60865,7.60865,33.3022
2020-07-02,7.85726,7.9185,7.64514,7.64514,4275.17
2020-07-06,7.79619,7.90073,7.79619,7.90073,4300.15
2020-07-07,7.78231,7.78231,7.72369,7.72369,645.23
2020-07-08,7.78426,7.78426,7.78426,7.78426,820.067
2020-07-09,7.70472,7.71287,7.70472,7.71287,5707.17
2020-07-10,7.80847,7.80847,7.80847,7.80847,12.4883
2020-07-13,7.69413,7.69413,7.6408,7.6408,3038.82
2020-07-14,7.87431,7.87431,7.87431,7.87431,99.9066
2020-07-15,7.89595,7.89595,7.89595,7.89595,4.16277
2020-07-16,7.91634,7.99157,7.90915,7.97976,8209.0
2020-07-17,8.09965,8.11959,8.09965,8.11959,1706.73
2020-07-20,8.14649,8.14649,8.01748,8.08885,3126.24
2020-07-21,8.15077,8.15077,8.15077,8.15077,20.8138
2020-07-22,8.17672,8.20052,8.17672,8.20052,1007.39
2020-07-23,8.19307,8.19307,8.19307,8.19307,183.162
2020-07-24,8.16931,8.16931,8.13567,8.13567,549.486
2020-07-27,8.25365,8.25365,8.25365,8.25365,491.207
2020-07-28,8.25245,8.25245,8.18039,8.18039,428.766
2020-07-29,8.30264,8.30264,8.30264,8.30264,16.6511
2020-07-30,8.28749,8.28749,8.28749,8.28749,8.32555
2020-07-31,8.34996,8.34996,8.34996,8.34996,4.16277
2020-08-03,8.42105,8.42105,8.42105,8.42105,432.929
2020-08-04,8.59066,8.59066,8.59066,8.59066,333.022
2020-08-05,8.46143,8.46143,8.46143,8.46143,45.7905
2020-08-06,8.46601,8.57672,8.46601,8.57672,420.44
2020-08-07,8.72832,8.72832,8.72832,8.72832,2193.78
2020-08-10,8.74437,8.74437,8.74437,8.74437,91.5811
2020-08-11,8.64351,8.64351,8.64351,8.64351,2543.45
2020-08-12,8.72616,8.72616,8.70548,8.70548,4878.77
2020-08-13,8.59426,8.59426,8.59426,8.59426,449.58
2020-08-14,8.58517,8.58517,8.58517,8.58517,29.1394
2020-08-17,8.52053,8.52053,8.52053,8.52053,49.9533
2020-08-18,8.53684,8.53684,8.53684,8.53684,49.9533
2020-08-19,8.54839,8.54839,8.54839,8.54839,8.32555
2020-08-20,8.48734,8.48734,8.48734,8.48734,357.998
2020-08-21,8.46649,8.46649,8.46649,8.46649,790.928
2020-08-24,8.58561,8.58561,8.58561,8.58561,195.65
2020-08-25,8.56473,8.56473,8.56473,8.56473,4.16277
2020-08-26,8.60456,8.61154,8.60456,8.61154,795.09
2020-08-27,8.54405,8.54405,8.54405,8.54405,74.93
2020-08-28,8.57433,8.57433,8.57433,8.57433,149.86
2020-08-31,8.56712,8.56712,8.56712,8.56712,212.301
2020-09-01,8.51978,8.51978,8.51978,8.51978,79.0928
2020-09-02,8.82945,8.82945,8.82945,8.82945,649.393
2020-09-03,8.34155,8.34155,8.31702,8.31702,4604.03
2020-09-04,8.19377,8.19377,8.19377,8.19377,320.533
2020-09-08,7.98462,7.98462,7.98462,7.98462,370.487
2020-09-09,8.05112,8.05112,8.05112,8.05112,291.394
2020-09-10,7.79788,7.79788,7.79788,7.79788,291.394
2020-09-11,7.81665,7.81665,7.81665,7.81665,233.115
2020-09-14,7.9418,7.96632,7.9418,7.96632,2743.27
2020-09-15,8.0283,8.0283,8.0283,8.0283,258.092
2020-09-16,8.03647,8.03647,8.03647,8.03647,195.65
2020-09-17,7.95096,7.95096,7.95096,7.95096,274.743
2020-09-18,7.84884,7.84884,7.84884,7.84884,133.208
2020-09-21,7.51424,7.57716,7.46448,7.57716,2056.41
2020-09-22,7.66842,7.66842,7.66842,7.66842,324.696
2020-09-23,7.2961,7.2961,7.2961,7.2961,1519.41
2020-09-24,7.31655,7.31655,7.31655,7.31655,1332.08
2020-09-25,7.41257,7.41257,7.41257,7.41257,1332.08
2020-09-28,7.59633,7.59633,7.59633,7.59633,83.2555
2020-09-29,7.61079,7.61079,7.61079,7.61079,137.371
2020-09-30,7.6132,7.6132,7.6132,7.6132,191.487
2020-10-01,7.60575,7.62494,7.59998,7.59998,1336.25
2020-10-02,7.58629,7.58629,7.58629,7.58629,237.278
2020-10-05,7.73331,7.73331,7.73331,7.73331,170.673
2020-10-06,7.69899,7.69899,7.69899,7.69899,407.952
2020-10-07,7.85147,7.85147,7.85147,7.85147,8.32555
2020-10-08,8.00934,8.00934,8.00934,8.00934,4.16277
2020-10-09,8.11671,8.11671,8.11671,8.11671,4.16277
2020-10-12,8.20074,8.20074,8.20074,8.20074,4.16277
2020-10-13,8.08209,8.08209,8.06289,8.06289,453.742
2020-10-14,8.04702,8.04702,7.9149,7.9149,3567.5
2020-10-15,7.91537,7.91537,7.91537,7.91537,16.6511
2020-10-16,7.89256,7.89256,7.89256,7.89256,158.185
2020-10-19,7.92427,7.92427,7.65811,7.65811,2439.38
2020-10-20,7.66792,7.66792,7.66792,7.66792,12.4883
2020-10-21,7.58862,7.58862,7.58862,7.58862,12.4883
2020-10-22,7.79645,7.79645,7.79645,7.79645,154.022
2020-10-23,7.78903,7.78903,7.78903,7.78903,12.4883
2020-10-26,7.55675,7.55675,7.55675,7.55675,12.4883
2020-10-27,7.54186,7.54186,7.49021,7.49021,878.346
2020-10-28,7.41449,7.41449,7.10847,7.10847,2718.29
2020-10-29,7.22761,7.22761,7.22761,7.22761,445.417
2020-10-30,7.2355,7.2355,7.16923,7.21035,36320.2
2020-11-02,7.40348,7.40348,7.40348,7.40348,16.6511
2020-11-03,7.74722,7.74722,7.72106,7.72106,1419.5
2020-11-04,7.5913,7.63383,7.58438,7.63383,4329.29
2020-11-05,7.99205,7.99205,7.99205,7.99205,262.255
2020-11-06,8.07512,8.0951,8.07512,8.0951,1723.39
2020-11-09,8.42701,8.42701,8.42701,8.42701,478.719
2020-11-10,8.58492,8.58492,8.58492,8.58492,174.836
2020-11-11,8.6281,8.6281,8.6281,8.6281,137.371
2020-11-12,8.53034,8.53034,8.53034,8.53034,20.8138
2020-11-13,8.82778,8.8609,8.82778,8.8609,3542.52
2020-11-16,8.98126,8.99495,8.98126,8.99495,861.695
2020-11-17,9.00578,9.00578,9.00578,9.00578,8.32555
2020-11-18,8.79892,8.79892,8.79892,8.79892,387.138
2020-11-19,8.76267,8.76267,8.76267,8.76267,20.8138
2020-11-20,8.75399,8.75399,8.75399,8.75399,8.32555
2020-11-23,8.88707,8.88707,8.88707,8.88707,4.16277
2020-11-24,9.1494,9.1494,9.1494,9.1494,4.16277
2020-11-25,9.07326,9.07326,9.07326,9.07326,4.16277
2020-11-27,9.13956,9.13956,9.13956,9.13956,4.16277
2020-11-30,9.02786,9.02786,9.02786,9.02786,4.16277
2020-12-01,9.19911,9.19911,9.19911,9.19911,20.8138
2020-12-02,9.27987,9.27987,9.27987,9.27987,8.32555
2020-12-03,9.34781,9.34781,9.34781,9.34781,16.6511
2020-12-04,9.50448,9.50448,9.50448,9.50448,1615.15
2020-12-07,9.7296,9.7296,9.51124,9.51124,1519.41
2020-12-08,9.74585,9.74585,9.74585,9.74585,8.32555
2020-12-09,9.7543,9.7543,9.7543,9.7543,874.183
2020-12-10,9.5477,9.5477,9.5477,9.5477,661.881
2020-12-11,9.53926,9.53926,9.53926,9.53926,2818.2
2020-12-14,9.4742,9.4742,9.4742,9.4742,79.0928
2020-12-15,9.66613,9.66613,9.66613,9.66613,66.6044
2020-12-16,9.55542,9.55542,9.55542,9.55542,12.4883
2020-12-17,9.53018,9.53018,9.53018,9.53018,4.16277
2020-12-18,9.60897,9.60897,9.60897,9.60897,420.44
2020-12-21,9.30028,9.30028,9.30028,9.30028,736.811
2020-12-22,9.31111,9.31111,9.31111,9.31111,62.4416
2020-12-23,9.3714,9.43071,9.3714,9.43071,890.834
2020-12-24,9.39733,9.39733,9.39733,9.39733,24.9766
2020-12-28,9.57965,9.59191,9.57965,9.59191,27449.3
2020-12-29,9.33079,9.33752,9.31157,9.33752,3005.52
2020-12-30,9.32597,9.32597,9.28185,9.28185,6360.72
2020-12-31,9.40191,9.40191,9.40191,9.40191,836.718
2021-01-04,9.44442,9.44442,9.07231,9.35769,200354.0
2021-01-05,9.46365,9.48889,9.46365,9.48889,28173.6
2021-01-06,9.51816,9.79779,9.24071,9.7159,38526.5
2021-01-07,9.86194,10.1701,9.86194,9.95319,187179.0
2021-01-08,9.90686,9.94528,9.83599,9.94528,69297.7
2021-01-11,9.88353,9.88353,9.88353,9.88353,20.8138
2021-01-12,9.90686,9.99404,9.84993,9.99404,2622.55
2021-01-13,9.88065,9.88065,9.84848,9.84848,2551.78
2021-01-14,10.1215,10.1215,10.1215,10.1215,41.6277
2021-01-15,10.2011,10.2011,10.1608,10.1608,2197.94
2021-01-19,10.1089,10.1128,10.1089,10.1128,765.951
2021-01-20,10.1403,10.2162,10.1403,10.2162,7189.11
2021-01-21,10.2006,10.2006,10.2006,10.2006,865.858
2021-01-22,10.2835,10.2835,10.2835,10.2835,145.697
2021-01-25,10.4183,10.4183,10.4183,10.4183,333.022
2021-01-26,10.4361,10.6023,10.4361,10.6023,815.904
2021-01-27,10.3794,10.3794,10.3794,10.3794,104.069
2021-01-28,10.0808,10.0808,10.0808,10.0808,715.997
2021-01-29,9.80474,9.80474,9.80474,9.80474,353.836
2021-02-01,9.79252,9.95339,9.79252,9.95339,578.626
2021-02-02,9.90082,9.90082,9.90082,9.90082,549.486
2021-02-03,9.96829,9.96829,9.96829,9.96829,45.7905
2021-02-04,10.1719,10.1719,10.1719,10.1719,49.9533
2021-02-05,10.3269,10.3446,10.3129,10.3446,1756.69
2021-02-08,10.454,10.454,10.454,10.454,1394.53
2021-02-09,10.3952,10.4975,10.3952,10.4975,1357.06
2021-02-10,10.4811,10.4811,10.4673,10.4673,466.231
2021-02-11,10.3955,10.3955,10.3955,10.3955,112.395
2021-02-12,10.4476,10.4476,10.4476,10.4476,24.9766
2021-02-16,10.4743,10.4944,10.4743,10.4944,566.137
2021-02-17,10.6761,10.6761,10.6761,10.6761,982.415
2021-02-18,10.4703,10.4703,10.4703,10.4703,437.091
2021-02-19,10.348,10.348,10.348,10.348,420.44
2021-02-22,10.3247,10.3247,10.2246,10.2246,2364.45
2021-02-23,10.1504,10.1504,10.1504,10.1504,1219.69
2021-02-24,10.2734,10.2734,10.2734,10.2734,45.7905
2021-02-25,9.91815,9.91815,9.91815,9.91815,16.6511
2021-02-26,10.4361,10.4361,9.64113,9.68511,6098.47
2021-03-01,9.99953,9.99953,9.98875,9.98875,591.114
2021-03-02,9.88111,9.88111,9.88111,9.88111,308.045
2021-03-03,9.75286,9.96352,9.75286,9.89291,2955.57
2021-03-04,9.7533,9.7533,9.55323,9.55323,661.881
2021-03-05,9.63639,9.99294,9.63396,9.99294,1332.08
2021-03-08,10.262,10.262,10.262,10.262,104.069
2021-03-09,10.297,10.297,10.297,10.297,108.232
2021-03-10,10.4691,10.5175,10.4668,10.5175,1610.99
2021-03-11,10.5783,10.8322,10.5105,10.5105,5503.19
2021-03-12,10.5889,10.5889,10.5889,10.5889,12.4883
2021-03-15,10.7361,10.7361,10.7361,10.7361,944.95
2021-03-16,10.7539,10.7539,10.7539,10.7539,154.022
2021-03-17,10.7882,10.7882,10.7882,10.7882,87.4183
2021-03-18,10.5889,10.5889,10.5889,10.5889,12.4883
2021-03-19,10.8274,10.8274,10.5732,10.5732,1236.34
2021-03-22,10.7779,10.7779,10.7779,10.7779,233.115
2021-03-23,10.546,10.546,10.546,10.546,316.371
2021-03-24,10.3488,10.3488,10.3488,10.3488,420.44
2021-03-25,10.5281,10.6179,10.5281,10.6179,1777.5
2021-03-26,10.9829,10.9829,10.9829,10.9829,91.5811
2021-03-29,10.9652,10.9652,10.9652,10.9652,886.671
2021-03-30,10.9098,10.9098,10.9098,10.9098,16.6511
2021-03-31,10.9223,10.9378,10.8675,10.9213,3813.1
2021-04-01,11.0211,11.0211,11.0211,11.0211,357.998
2021-04-05,11.304,11.304,11.304,11.304,724.323
2021-04-06,11.2385,11.2857,11.2385,11.2857,12646.5
2021-04-07,11.2549,11.2549,11.201,11.201,1511.08
2021-04-08,11.1171,11.148,11.0863,11.148,12954.5
2021-04-09,10.9129,11.1859,10.9129,11.1859,9262.18
2021-04-12,10.925,11.1006,10.925,11.1006,2468.52
2021-04-13,11.0505,11.105,11.0102,11.105,3788.12
2021-04-14,11.0886,11.0886,11.072,11.072,553.649
2021-04-15,11.11,11.1534,11.11,11.1534,2526.8
2021-04-16,11.336,11.336,11.336,11.336,337.185
2021-04-19,11.2469,11.2469,11.2209,11.2209,1119.78
2021-04-20,11.464,11.464,11.0613,11.0613,3721.52
2021-04-21,11.1946,11.1946,11.1946,11.1946,8.32555
2021-04-22,11.2527,11.2549,11.2527,11.2549,857.532
2021-04-23,11.4125,11.4125,11.4125,11.4125,1302.94
2021-04-26,11.3505,11.3505,11.3505,11.3505,487.045
2021-04-27,11.2263,11.265,11.2125,11.2125,3167.87
2021-04-28,10.9724,11.1504,10.9724,11.1371,1998.13
2021-04-29,11.4103,11.4103,11.4103,11.4103,345.51
2021-04-30,11.1742,11.1943,11.1742,11.1941,1794.15
2021-05-03,11.3073,11.3073,11.2532,11.2532,1706.73
2021-05-04,11.2445,11.2445,11.2445,11.2445,58.2789
2021-05-05,11.3208,11.3208,11.3208,11.3208,104.069
2021-05-06,11.6753,11.7438,11.6753,11.7438,2576.76
2021-05-07,11.8393,11.8863,11.8393,11.8774,1103.13
2021-05-10,12.1359,12.1359,11.9357,11.9357,1939.85
2021-05-11,11.7557,11.7557,11.7557,11.7557,616.091
2021-05-12,11.4331,11.4331,11.2912,11.2912,3288.59
2021-05-13,11.581,11.581,11.5584,11.5584,1140.6
2021-05-14,11.7622,11.7622,11.7622,11.7622,1502.76
2021-05-17,11.6989,11.6989,11.5333,11.5333,5790.42
2021-05-18,11.1718,11.2239,11.084,11.1241,20143.6
2021-05-19,10.8858,10.9216,10.8512,10.9216,9595.2
2021-05-20,10.9201,11.2488,10.9201,11.2488,2739.1
2021-05-21,11.4284,11.4284,11.2674,11.2674,18491.0
2021-05-24,11.3878,11.3878,11.3306,11.3306,13616.4
2021-05-25,11.1624,11.1624,11.1504,11.1568,990.741
2021-05-26,11.2402,11.2402,11.2402,11.2402,149.86
2021-05-27,11.3547,11.3547,11.3547,11.3547,12.4883
2021-05-28,11.3736,11.3741,11.3712,11.3741,1827.45
2021-06-01,11.2821,11.2821,11.2821,11.2821,104.069
2021-06-02,11.3736,11.3977,11.3736,11.3977,2364.45
2021-06-03,11.4023,11.5444,11.4023,11.5408,12251.0
2021-06-04,11.6918,11.7187,11.6918,11.7187,1981.48
2021-06-07,11.6882,11.7204,11.6731,11.6739,4341.77
2021-06-08,11.7922,11.7922,11.7922,11.7922,116.557
2021-06-09,11.7799,11.7821,11.7799,11.7821,1569.36
2021-06-10,11.8224,11.9527,11.8224,11.9527,536.998
2021-06-11,11.9581,11.9581,11.8511,11.9318,3346.87
2021-06-14,11.8082,11.8082,11.803,11.803,1427.83
2021-06-15,11.7997,11.7997,11.7997,11.7997,437.091
2021-06-16,11.7632,11.7632,11.5493,11.6666,3750.66
2021-06-17,11.6086,11.6086,11.5805,11.5805,3284.43
2021-06-18,11.2559,11.2559,11.2559,11.2559,919.974
2021-06-21,11.3999,11.5875,11.3999,11.5741,11626.6
2021-06-22,11.6135,11.6249,11.5637,11.6249,2206.27
2021-06-23,11.4995,11.4995,11.4995,11.4995,162.348
2021-06-24,11.5875,11.6227,11.5875,11.6227,46993.6
2021-06-25,11.7564,11.7564,11.7564,11.7564,387.138
2021-06-28,11.6446,11.6572,11.6328,11.6572,3047.15
2021-06-29,11.5743,11.5743,11.5743,11.5743,120.72
2021-06-30,11.4921,11.5277,11.4921,11.5277,5711.33
2021-07-01,11.6724,11.6724,11.6724,11.6724,420.44
2021-07-02,11.7658,11.7658,11.7658,11.7658,437.091
2021-07-06,11.6782,11.6844,11.6589,11.6844,2156.31
2021-07-07,11.647,11.647,11.647,11.647,178.999
2021-07-08,11.4976,11.4976,11.4976,11.4976,191.487
2021-07-09,11.8185,11.8185,11.8185,11.8185,328.859
2021-07-12,11.7102,11.7102,11.7102,11.7102,253.929
2021-07-13,11.6492,11.6492,11.6492,11.6492,8.32555
2021-07-14,11.704,11.7088,11.7014,11.7014,1731.71
2021-07-15,11.6217,11.6217,11.6217,11.6217,482.882
2021-07-16,11.4971,11.4971,11.4971,11.4971,691.021
2021-07-19,11.1657,11.1907,11.1657,11.1907,3654.91
2021-07-20,11.4533,11.4533,11.4533,11.4533,345.51
2021-07-21,11.6112,11.6172,11.6112,11.6172,2218.76
2021-07-22,11.6212,11.6212,11.6212,11.6212,24.9766
2021-07-23,11.8004,11.8004,11.8004,11.8004,45.7905
2021-07-26,11.845,11.845,11.8396,11.8396,2572.59
2021-07-27,11.7421,11.8136,11.704,11.8091,11214.5
2021-07-28,11.7852,11.7852,11.7852,11.7852,820.067
2021-07-29,11.9095,11.9095,11.9095,11.9095,183.162
2021-07-30,11.971,11.9806,11.9279,11.9279,5469.89
2021-08-02,12.0117,12.0903,11.8689,11.8689,6606.33
2021-08-03,11.8426,12.1214,11.7992,12.1214,16018.3
2021-08-04,11.852,11.8748,11.852,11.8748,1024.04
2021-08-05,11.8973,11.9115,11.8544,11.8759,18203.8
2021-08-06,11.945,11.9759,11.8804,11.9038,10902.3
2021-08-09,11.8626,11.8626,11.8626,11.8626,403.789
2021-08-10,11.8592,11.9089,11.8592,11.9089,2522.64
2021-08-11,12.0999,12.0999,11.9615,12.0001,6002.72
2021-08-12,11.9571,12.0299,11.9571,12.0299,2547.62
2021-08-13,12.0374,12.0374,12.0374,12.0374,54.1161
2021-08-16,11.9591,11.9815,11.9591,11.9815,953.276
2021-08-17,11.8713,11.8713,11.8713,11.8713,740.974
2021-08-18,11.6923,11.6923,11.6089,11.6089,5174.33
2021-08-19,11.8136,11.8498,11.7734,11.7885,8962.46
2021-08-20,12.097,12.097,12.097,12.097,4.16277
2021-08-23,12.419,12.419,12.2262,12.2379,2302.01
2021-08-24,12.2785,12.3579,12.2785,12.3579,5906.98
2021-08-25,12.3699,12.3699,12.3699,12.3699,445.417
2021-08-26,12.2216,12.2216,12.2216,12.2216,387.138
2021-08-27,12.3564,12.3564,12.3564,12.3564,516.184
2021-08-30,12.3812,12.4713,12.3812,12.4713,924.136
2021-08-31,12.3548,12.4021,12.3548,12.4021,1948.18
2021-09-01,12.3381,12.3437,12.3381,12.3437,1298.78
2021-09-02,12.5722,12.5722,12.5722,12.5722,124.883
2021-09-03,12.5454,12.5454,12.5161,12.5161,5374.14
2021-09-07,12.3475,12.3475,12.3024,12.3203,10981.4
2021-09-08,12.2451,12.3,12.2379,12.2863,5540.65
2021-09-09,12.1401,12.3311,12.1401,12.1908,20809.7
2021-09-10,12.25,12.25,11.9137,11.9137,17596.0
2021-09-13,12.083,12.0951,12.0601,12.0601,2543.45
2021-09-14,11.8973,11.9092,11.8662,11.8662,1835.78
2021-09-15,12.1095,12.1095,11.9204,11.9204,1298.78
2021-09-16,11.8402,11.9782,11.8064,11.9187,7896.79
2021-09-17,11.8474,11.8474,11.747,11.7789,15256.5
2021-09-20,11.6089,11.6089,11.3179,11.468,40029.2
2021-09-21,11.6017,11.6017,11.3496,11.3496,6918.53
2021-09-22,11.5213,11.5909,11.4441,11.4441,43946.4
2021-09-23,11.6939,11.8159,11.6939,11.7718,24056.6
2021-09-24,11.7199,11.7978,11.7199,11.7978,7538.79
2021-09-27,11.871,11.9187,11.8098,11.8098,10286.2
2021-09-28,11.6797,11.7247,11.47,11.47,36128.7
2021-09-29,11.5454,11.828,11.5309,11.787,39750.3
2021-09-30,11.5647,11.5647,11.2774,11.2774,19111.3
2021-10-01,11.3325,11.4079,11.2535,11.4079,13487.4
2021-10-04,11.464,11.464,11.2676,11.2878,31054.3
2021-10-05,11.464,11.464,11.3849,11.3861,8550.34
2021-10-06,11.0426,11.2435,10.9924,11.2435,12488.3
2021-10-07,11.6196,11.6196,11.5272,11.5272,14998.4
2021-10-08,11.4712,11.4783,11.336,11.336,21917.0
2021-10-11,11.3587,11.3659,11.1636,11.1636,12396.7
2021-10-12,11.0475,11.0475,10.9539,10.9539,2476.85
2021-10-13,11.0572,11.0595,10.9901,11.0363,3088.78
2021-10-14,11.3994,11.3994,11.3994,11.3994,578.626
2021-10-15,11.3587,11.4043,11.2629,11.2849,2027.27
2021-10-18,11.2962,11.3059,11.203,11.203,2668.34
2021-10-19,11.3839,11.3839,11.3839,11.3839,245.603
2021-10-20,11.5526,11.7271,11.5526,11.7143,2718.29
2021-10-21,11.6999,11.6999,11.5623,11.6077,2372.78
2021-10-22,11.5381,11.5381,11.432,11.432,1107.29
2021-10-25,11.3873,11.3873,11.2678,11.2678,1057.34
2021-10-26,11.4163,11.4163,11.3628,11.3628,870.02
2021-10-27,11.4236,11.488,11.3102,11.3102,3517.54
2021-10-28,11.301,11.3994,11.2986,11.339,2472.69
2021-10-29,11.3659,11.4139,11.2341,11.3541,17837.5
2021-11-01,11.5647,11.5647,11.5413,11.5413,566.137
2021-11-02,11.9284,12.1151,11.9284,12.07,18828.2
2021-11-03,12.2517,12.3762,12.2156,12.3701,10103.0
2021-11-04,12.3186,12.4024,12.1413,12.1896,3779.8
2021-11-05,12.3449,12.4813,12.3449,12.3774,8854.23
2021-11-08,12.2517,12.2763,12.2517,12.2763,586.951
2021-11-09,12.2634,12.34,12.2634,12.3072,4903.75
2021-11-10,12.3883,12.5048,12.2538,12.2812,13645.5
2021-11-11,12.2517,12.2845,12.2226,12.2226,2239.57
2021-11-12,12.3092,12.3545,12.2894,12.2974,24855.9
2021-11-15,12.3231,12.3903,12.2983,12.3528,4633.17
2021-11-16,12.3641,12.3927,12.3177,12.3177,2193.78
2021-11-17,12.1847,12.2469,12.1847,12.241,1573.53
2021-11-18,11.9691,11.9691,11.555,11.8238,11443.4
2021-11-19,11.7296,11.7296,11.5213,11.5726,15152.5
2021-11-22,11.6196,11.9452,11.6196,11.7828,5840.37
2021-11-23,11.8232,11.8992,11.7941,11.8992,6285.79
2021-11-24,11.907,11.9465,11.9046,11.9465,1914.87
2021-11-26,11.6724,11.7368,11.5647,11.5938,5436.58
2021-11-29,11.6341,11.761,11.5429,11.7008,8487.9
2021-11-30,11.4115,11.4115,11.0164,11.0903,10294.5
2021-12-01,11.3715,11.4904,10.8665,10.8665,11834.7
2021-12-02,10.9397,11.4043,10.5426,11.3179,28985.4
2021-12-03,11.3349,11.3532,11.2054,11.3532,2476.85
2021-12-06,11.5574,11.5611,11.4736,11.4846,9183.09
2021-12-07,11.6891,11.8589,11.641,11.7833,16547.0
2021-12-08,11.8014,11.8014,11.6028,11.6627,6011.05
2021-12-09,11.8517,11.8517,11.7344,11.8076,8271.44
2021-12-10,11.9691,12.1151,11.9691,12.1151,6752.02
2021-12-13,11.9573,12.0864,11.9284,12.0233,12696.4
2021-12-14,12.0574,12.1437,11.9452,11.9691,22116.8
2021-12-15,12.096,12.4024,12.0073,12.3791,17916.6
2021-12-16,12.5434,12.6921,12.3067,12.5164,15148.3
2021-12-17,12.4528,12.6992,12.4528,12.6992,10610.9
2021-12-20,12.4838,12.5336,12.3231,12.5336,5182.65
2021-12-21,12.6633,12.8619,12.6633,12.8188,6206.7
2021-12-22,12.7807,12.9702,12.7807,12.9702,10719.1
2021-12-23,13.21,13.21,13.157,13.1585,5586.44
2021-12-27,13.3493,13.3794,13.3445,13.3794,6215.02
2021-12-28,13.455,13.4575,13.3803,13.4067,6206.7
2021-12-29,13.4668,13.4668,13.4468,13.4468,1552.71
2021-12-30,13.0947,13.5223,13.0947,13.3136,10956.4
2021-12-31,13.2026,13.2026,13.2026,13.2026,1519.41
2022-01-03,13.157,13.2459,13.157,13.2353,5802.91
2022-01-04,13.3517,13.3517,13.1187,13.1392,6443.98
2022-01-05,13.3392,13.3445,12.8832,12.8866,3400.99
2022-01-06,13.0034,13.0537,12.9297,12.9297,1777.5
2022-01-07,13.0585,13.0706,12.9408,12.9456,14744.5
2022-01-10,13.013,13.044,12.8509,13.0429,10348.6
2022-01-11,13.0201,13.295,13.0201,13.295,5723.82
2022-01-12,13.3276,13.3276,13.1382,13.1382,13782.9
2022-01-13,12.7919,13.1163,12.7919,12.8997,21338.4
2022-01-14,12.8039,12.8424,12.667,12.8301,6531.4
2022-01-18,12.4171,12.4171,12.333,12.3837,4783.03
2022-01-19,12.2226,12.3643,12.2022,12.2022,4454.17
2022-01-20,12.2441,12.3909,11.9248,11.9253,8425.46
2022-01-21,11.932,11.932,11.5476,11.5476,3900.52
2022-01-24,11.4924,11.6574,11.0311,11.6574,8621.11
2022-01-25,11.2329,11.5043,11.2209,11.3728,4978.68
2022-01-26,11.3267,11.3267,10.7153,10.8495,19831.4
2022-01-27,10.8485,11.1847,10.6732,10.7242,25059.9
2022-01-28,10.6971,11.1964,10.6011,11.1964,6906.05
2022-01-31,11.5389,11.5389,11.5389,11.5389,212.301
2022-02-01,11.317,11.5019,11.2547,11.5019,6377.37
2022-02-02,11.5981,11.6651,11.5476,11.6651,4221.05
2022-02-03,11.562,11.6412,11.4538,11.4764,20684.8
2022-02-04,11.4346,11.5596,11.2547,11.434,7942.58
2022-02-07,11.4277,11.562,11.4165,11.4165,3288.59
2022-02-08,11.4586,11.5909,11.4586,11.5834,2768.24
2022-02-09,11.9151,11.9416,11.9151,11.9294,2764.08
2022-02-10,11.7446,11.7446,11.3578,11.3951,7355.63
2022-02-11,11.4132,11.4132,11.0503,11.1027,2913.94
2022-02-14,10.75,11.0238,10.75,10.9817,8109.09
2022-02-15,11.2641,11.4346,11.2641,11.4324,8662.74
2022-02-16,11.245,11.4886,11.245,11.4886,5049.45
2022-02-17,11.4659,11.5355,11.3939,11.3982,26558.5
2022-02-18,11.3126,11.5524,11.2976,11.4497,12288.5
2022-02-22,11.3073,11.4132,11.0863,11.1682,8929.16
2022-02-23,11.2402,11.2402,10.6587,10.6999,42918.2
2022-02-24,10.0509,10.9015,10.0509,10.8961,10248.7
2022-02-25,11.0479,11.4156,11.0479,11.3781,5007.82
2022-02-28,11.1248,11.2905,10.9879,11.2269,6352.4
2022-03-01,11.0672,11.0672,10.8677,10.9041,4629.01
2022-03-02,11.1176,11.4538,11.1176,11.4358,10048.9
2022-03-03,11.6799,11.6799,11.3315,11.348,11647.4
2022-03-04,11.0744,11.2664,11.0744,11.2199,2963.89
2022-03-07,10.9783,11.0238,10.8885,10.8885,3650.75
2022-03-08,10.7043,10.9975,10.6011,10.6334,8125.74
2022-03-09,10.911,11.0407,10.911,10.9493,7068.39
2022-03-10,10.8244,10.8244,10.6563,10.8226,12750.5
2022-03-11,11.0166,11.0166,10.7067,10.7067,7597.07
2022-03-14,10.7308,10.7788,10.3976,10.426,12409.2
2022-03-15,10.6083,10.8172,10.6083,10.8025,5578.12
2022-03-16,10.971,11.0142,10.6709,11.0013,8450.44
2022-03-17,10.9926,11.1682,10.9926,11.1641,2085.55
2022-03-18,11.1561,11.3578,11.1561,11.2785,4191.91
2022-03-21,11.3049,11.3049,11.0214,11.0993,4633.17
2022-03-22,11.276,11.3388,11.2498,11.2529,4308.47
2022-03-23,11.1244,11.1244,10.8982,10.8982,2598.66
2022-03-24,11.0595,11.0794,11.0559,11.0794,925.723
2022-03-25,11.1631,11.2473,11.0811,11.2226,4155.37
2022-03-28,11.2473,11.318,11.1535,11.318,4429.35
2022-03-29,11.5629,11.623,11.4544,11.6029,2606.97
2022-03-30,11.6423,11.6423,11.5378,11.5378,601.927
2022-03-31,11.6254,11.6254,11.4211,11.4211,18211.4
2022-04-01,11.3172,11.5564,11.2857,11.5564,1755.96
2022-04-04,11.5821,11.7177,11.5821,11.7177,4682.58
2022-04-05,11.5581,11.5581,11.4653,11.4653,5110.15
2022-04-06,11.2594,11.3365,11.2594,11.3365,660.044
2022-04-07,11.2761,11.3638,11.0906,11.3638,29490.3
2022-04-08,11.2664,11.493,11.2617,11.3762,5487.92
2022-04-11,11.305,11.3604,11.1256,11.1256,11473.9
2022-04-12,11.3124,11.3124,11.02,11.02,1838.99
2022-04-13,11.2834,11.3652,11.2834,11.363,942.328
2022-04-14,11.0715,11.0715,11.067,11.067,593.625
2022-04-18,11.0207,11.0207,10.8065,10.8065,3918.75
2022-04-19,10.9582,11.1918,10.9582,11.1795,2158.63
2022-04-20,11.2401,11.4955,11.216,11.3869,13744.7
2022-04-21,11.5075,11.529,11.2231,11.2326,14529.2
2022-04-22,10.8909,10.8909,10.5119,10.5119,10270.1
2022-04-25,10.0333,10.4524,10.0333,10.4524,5653.97
2022-04-26,10.3777,10.3777,9.94647,9.9521,6019.27
2022-04-27,9.80191,9.88628,9.5514,9.5514,21316.5
2022-04-28,9.57066,9.87635,9.57066,9.87635,16115.0
2022-04-29,9.58271,9.58271,9.08099,9.08099,14753.4
2022-05-02,9.40445,9.43575,9.08408,9.376,10427.8
2022-05-03,9.38037,9.59957,9.32976,9.49051,5849.07
2022-05-04,9.61404,10.0274,9.57066,10.0274,9979.54
2022-05-05,9.88863,9.88863,9.37316,9.44633,13296.3
2022-05-06,9.27438,9.48154,9.26474,9.39721,12628.0
2022-05-09,9.18038,9.18038,9.0335,9.03656,7048.78
2022-05-10,9.22138,9.22138,8.93955,9.0684,5230.54
2022-05-11,9.14668,9.26229,8.82878,8.8341,5404.89
2022-05-12,8.93473,8.97084,8.75402,8.83684,26256.5
2022-05-13,9.18524,9.31123,9.18524,9.31123,415.122
2022-05-16,9.25026,9.37795,9.25026,9.25868,4151.22
2022-05-17,9.58753,9.66462,9.53208,9.65976,3117.57
2022-05-18,9.5514,9.5514,9.09611,9.1196,6081.54
2022-05-19,8.57815,8.58785,8.45292,8.55987,40777.4
2022-05-20,8.68176,8.68176,8.30839,8.6509,40935.2
2022-05-23,8.75163,8.86068,8.75163,8.86068,3528.54
2022-05-24,8.81185,8.99493,8.56131,8.94568,12005.3
2022-05-25,8.97084,9.19247,8.97084,9.15357,14163.9
2022-05-26,9.27193,9.41164,9.27193,9.37924,1706.15
2022-05-27,9.58512,9.7027,9.58512,9.7027,635.137
2022-05-31,9.51046,9.59476,9.46796,9.46796,8867.01
2022-06-01,9.3852,9.53208,9.30567,9.47056,5944.55
2022-06-02,9.36351,9.67047,9.28401,9.67047,8713.42
2022-06-03,9.5514,9.5514,9.44056,9.45702,5326.02
2022-06-06,9.64057,9.64057,9.47433,9.50176,8007.71
2022-06-07,9.34902,9.61042,9.34902,9.61042,7069.53
2022-06-08,9.59718,9.60133,9.40783,9.40783,11237.3
2022-06-09,9.40686,9.40686,9.04073,9.04334,4612.01
2022-06-10,8.78295,8.86246,8.72753,8.72753,4678.43
2022-06-13,8.39511,8.4144,8.19895,8.19895,17439.3
2022-06-14,8.25539,8.25539,8.03619,8.12011,6048.33
2022-06-15,8.33007,8.53725,8.13735,8.36743,45655.1
2022-06-16,7.90131,7.94463,7.8266,7.88032,54738.0
2022-06-17,8.09002,8.16626,7.98801,8.13943,8090.73
2022-06-21,8.34934,8.51555,8.34934,8.51366,3071.9
2022-06-22,8.41647,8.62675,8.41647,8.50435,7479.93
2022-06-23,8.58326,8.67992,8.52527,8.65791,3309.7
2022-06-24,8.85396,8.87653,8.8153,8.87653,1712.77
2022-06-27,9.15853,9.15853,8.80802,8.8364,8832.77
2022-06-28,9.04924,9.05457,8.53111,8.53111,5378.27
2022-06-29,8.41161,8.55359,8.41161,8.55359,6180.87
2022-06-30,8.46603,8.56635,8.39954,8.40013,6487.02
2022-07-01,8.41647,8.56874,8.30529,8.56704,17218.7
2022-07-05,8.50348,8.5327,8.23035,8.5327,3955.09
2022-07-06,8.57115,8.67753,8.48416,8.60248,7107.59
2022-07-07,8.75485,8.81773,8.74516,8.7535,5159.0
2022-07-08,8.80318,8.83944,8.74035,8.78576,2776.01
2022-07-11,8.65334,8.65334,8.58561,8.58561,12345.1
2022-07-12,8.70894,8.76936,8.49139,8.54689,5134.17
2022-07-13,8.3923,8.58564,8.3923,8.53667,6007.11
2022-07-14,8.26174,8.42372,8.24971,8.41223,4236.42
2022-07-15,8.67269,8.6799,8.67269,8.6799,1166.67
2022-07-18,8.72827,8.72827,8.53973,8.54142,3880.62
2022-07-19,8.73552,8.9518,8.7186,8.9518,17235.2
2022-07-20,8.89502,8.999,8.85154,8.89502,5849.9
2022-07-21,8.65577,8.78029,8.60986,8.78029,2726.36
2022-07-22,8.56148,8.61945,8.31251,8.37431,27081.6
2022-07-25,8.34637,8.43099,8.34637,8.39713,2602.25
2022-07-26,8.37776,8.44063,8.37294,8.40716,26903.7
2022-07-27,8.46238,8.64381,8.41882,8.64381,5779.57
2022-07-28,8.46724,8.96754,8.45271,8.95304,8071.54
2022-07-29,8.8902,9.08958,8.81289,9.08958,13487.0
2022-08-01,9.07633,9.10898,9.06666,9.10898,1932.04
2022-08-02,9.08119,9.09566,8.95319,8.95319,21922.6
2022-08-03,9.18511,9.2149,9.18511,9.2149,1299.05
2022-08-04,9.14403,9.20443,9.00865,9.04874,19887.1
2022-08-05,8.94097,9.10943,8.93373,9.10943,20445.7
2022-08-08,9.27937,9.33014,9.10165,9.10165,11778.4
2022-08-09,8.97726,8.99174,8.95304,8.96654,2072.7
2022-08-10,9.27937,9.33452,9.27937,9.33452,732.272
2022-08-11,9.41473,9.46549,9.27652,9.27652,16565.0
2022-08-12,9.52592,9.53073,9.5245,9.5245,3313.84
2022-08-15,9.49933,9.63226,9.49933,9.6163,1758.28
2022-08-16,9.5936,9.7096,9.5936,9.66718,3433.81
2022-08-17,9.42683,9.46241,9.35672,9.46241,11662.5
2022-08-18,9.60328,9.76278,9.55255,9.7555,11869.4
2022-08-19,9.6013,9.6013,9.6013,9.6013,277.187
2022-08-22,9.31322,9.31322,9.23588,9.24111,1588.65
2022-08-23,9.18752,9.18752,9.14846,9.14846,413.713
2022-08-24,9.04253,9.16095,8.97726,9.15373,22030.2
2022-08-25,9.32288,9.36395,9.25762,9.337,13656.6
2022-08-26,9.31562,9.31562,8.90091,8.90091,5101.08
2022-08-29,8.8153,8.92165,8.77422,8.81058,14260.6
2022-08-30,8.80802,8.80802,8.63361,8.63361,14504.7
2022-08-31,8.7476,8.76698,8.48416,8.48416,18641.9
2022-09-01,8.3512,8.37104,8.2666,8.37104,8075.68
2022-09-02,8.41882,8.55908,8.16993,8.19917,13958.6
2022-09-06,8.14573,8.16749,8.0896,8.0896,36460.5
2022-09-07,8.19168,8.31015,8.11432,8.27447,17384.2
2022-09-08,8.16749,8.40194,8.16749,8.30849,5692.69
2022-09-09,8.41882,8.56874,8.41882,8.55871,6520.11
2022-09-12,8.77176,8.77903,8.71133,8.75586,19510.7
2022-09-13,8.27385,8.27385,8.05187,8.05187,2114.07
2022-09-14,8.02488,8.07082,7.94513,8.01793,5229.33
2022-09-15,8.00558,8.00558,7.79287,7.81351,33411.4
2022-09-16,7.74935,7.76283,7.74935,7.76283,1021.87
2022-09-19,7.64298,7.72973,7.64298,7.72973,2118.21
2022-09-20,7.45926,7.50726,7.45926,7.50726,2747.05
2022-09-21,7.53678,7.56597,7.26416,7.26416,2463.77
2022-09-22,7.12105,7.20128,7.12105,7.16484,29219.8
2022-09-23,6.85118,6.8999,6.77824,6.8999,4960.46
2022-09-26,6.92412,6.9606,6.70778,6.7786,43833.8
2022-09-27,6.89737,6.89737,6.77391,6.77391,2360.95
2022-09-28,6.929,7.13079,6.929,7.12224,10040.2
2022-09-29,6.73209,6.79408,6.73209,6.79408,937.799
2022-09-30,6.85847,6.93383,6.66641,6.91927,81810.6
2022-10-03,6.95331,7.13079,6.95331,7.08046,24181.2
2022-10-04,7.41037,7.45705,7.40311,7.45705,22807.4
2022-10-05,7.24263,7.36659,7.17943,7.36608,3047.84
2022-10-06,7.36659,7.48822,7.19399,7.25571,102174.0
2022-10-07,6.98249,6.98249,6.72232,6.85138,17995.0
2022-10-10,6.81717,6.81717,6.53027,6.66198,39848.2
2022-10-11,6.4622,6.59837,6.44275,6.44275,2772.26
2022-10-12,6.45489,6.45489,6.36008,6.37291,10492.6
2022-10-13,6.19719,6.66887,6.19233,6.64104,24884.5
2022-10-14,6.47922,6.47922,6.45975,6.4607,3228.82
2022-10-17,6.788,6.82688,6.75638,6.82345,2953.24
2022-10-18,7.08216,7.08216,6.85364,6.9466,5252.49
2022-10-19,6.83348,6.83348,6.83348,6.83348,78.1499
2022-10-20,6.89737,6.90467,6.87064,6.90467,2957.35
2022-10-21,6.85118,7.00902,6.85118,7.00902,4018.55
2022-10-24,7.19642,7.19642,7.15996,7.17632,3150.67
2022-10-25,7.4347,7.46386,7.33743,7.45745,3722.4
2022-10-26,7.61704,7.61704,7.44924,7.48532,8625.28
2022-10-27,7.74587,7.77018,7.5202,7.5202,32502.1
2022-10-28,7.05543,8.01818,7.05543,7.92541,27307.2
2022-10-31,7.86257,7.97928,7.86257,7.96145,8670.52
2022-11-01,8.02062,8.02062,8.01446,8.01446,995.383
2022-11-02,7.58298,8.25405,7.58298,7.80188,20578.1
2022-11-03,7.39336,7.44686,7.36175,7.432,28076.3
2022-11-04,7.46143,7.54371,7.46143,7.54371,1484.84
2022-11-07,7.56353,7.57812,7.5198,7.5697,3224.71
2022-11-08,7.59757,7.75803,7.48331,7.60287,5433.47
2022-11-09,7.41767,7.4347,7.34714,7.36962,59040.2
2022-11-10,7.71427,7.81348,7.66567,7.81348,12845.3
2022-11-11,7.73861,7.9475,7.68263,7.9475,88070.8
2022-11-14,7.91607,7.91607,7.76772,7.76772,460.673
2022-11-15,7.88202,7.93064,7.76973,7.76973,2418.53
2022-11-16,7.65835,7.66184,7.62673,7.66184,8798.03
2022-11-17,7.64134,7.84191,7.64134,7.84191,5733.73
2022-11-18,8.07652,8.09842,8.06923,8.07989,3668.93
2022-11-21,8.05325,8.05325,8.05325,8.05325,773.273
2022-11-22,8.21269,8.24385,8.18593,8.24385,954.251
2022-11-23,8.28076,8.28804,8.17377,8.25302,8530.68
2022-11-25,8.51901,8.51901,8.28213,8.28213,1929.06
2022-11-28,8.12519,8.12519,7.98171,8.01032,4540.92
2022-11-29,8.0157,8.0157,7.95497,8.00242,39107.8
2022-11-30,7.99145,8.44475,7.97928,8.44475,38182.4
2022-12-01,8.66245,8.66245,8.39016,8.40956,9620.66
2022-12-02,8.32449,8.33519,8.32449,8.33519,14354.9
2022-12-05,8.02545,8.22723,7.98171,8.01224,20837.2
2022-12-06,7.76774,7.95012,7.76774,7.85164,8160.49
2022-12-07,7.7264,7.83114,7.7264,7.82282,5256.61
2022-12-08,7.9892,7.9892,7.9892,7.9892,337.278
2022-12-09,7.91607,7.91717,7.91607,7.91717,415.428
2022-12-12,8.12757,8.12757,8.12757,8.12757,357.844
2022-12-13,8.17976,8.17976,8.17976,8.17976,246.789
2022-12-14,8.07895,8.2297,7.97149,7.97149,71326.2
2022-12-15,7.95251,7.95251,7.72422,7.72422,36726.3
2022-12-16,7.58541,7.58541,7.58541,7.58541,489.465
2022-12-19,7.5198,7.5441,7.36902,7.45046,32144.3
2022-12-20,7.47723,7.47723,7.45896,7.46504,3237.05
2022-12-21,7.63488,7.63488,7.63488,7.63488,4.11315
2022-12-22,7.04817,7.548,7.04817,7.548,1859.2
2022-12-23,7.6145,7.6145,7.6145,7.6145,93.9819
2022-12-27,7.72605,7.72605,7.69422,7.70192,3027.85
2022-12-28,7.56171,7.56171,7.48868,7.53782,29706.4
2022-12-29,7.7432,7.79215,7.42505,7.53762,17427.5
2022-12-30,7.66244,7.77013,7.64654,7.77013,2210.61
2023-01-03,7.86306,7.95612,7.86306,7.95612,1830.6
2023-01-04,8.14208,8.20818,8.07725,8.07725,5888.17
2023-01-05,8.02267,8.02267,8.02267,8.02267,8.17234
2023-01-06,8.377,8.43525,8.377,8.43525,527.116
2023-01-09,8.56303,8.56303,8.53456,8.53456,3162.69
2023-01-10,8.58758,8.58758,8.58758,8.58758,183.877
2023-01-11,8.61353,8.61353,8.61353,8.61353,40.8617
2023-01-12,8.68782,8.70651,8.68782,8.70651,878.527
2023-01-13,8.71719,8.73433,8.71719,8.72579,1144.12
2023-01-17,8.49203,8.49203,8.48959,8.48959,457.651
2023-01-18,8.47248,8.47248,8.20808,8.20808,841.751
2023-01-19,8.04054,8.04054,8.04054,8.04054,4.08617
2023-01-20,8.18522,8.18522,8.18522,8.18522,4.08617
2023-01-23,8.18615,8.42354,8.18615,8.30094,2566.11
2023-01-24,8.38928,8.38928,8.37118,8.37118,1765.22
2023-01-25,8.4147,8.4147,8.4147,8.4147,122.585
2023-01-26,8.47493,8.47493,8.47446,8.47446,1225.85
2023-01-27,8.53853,8.53853,8.53235,8.53235,886.699
2023-01-30,8.46635,8.46635,8.46635,8.46635,224.739
2023-01-31,8.5655,8.65918,8.5655,8.65918,2390.41
2023-02-01,8.62665,8.77031,8.62665,8.77031,2194.27
2023-02-02,8.81855,8.81855,8.81855,8.81855,134.843
2023-02-03,8.68166,8.68166,8.68166,8.68166,126.671
2023-02-06,8.50181,8.52145,8.41726,8.41726,4723.61
2023-02-07,8.40774,8.40774,8.40774,8.40774,208.394
2023-02-08,8.18189,8.18189,8.18189,8.18189,404.531
2023-02-09,8.03844,8.03844,8.03844,8.03844,490.34
2023-02-10,8.10329,8.10329,8.10329,8.10329,502.599
2023-02-13,8.25863,8.25863,8.25863,8.25863,106.24
2023-02-14,8.19589,8.27909,8.19589,8.27909,1413.81
2023-02-15,8.31097,8.36352,8.31097,8.36352,1266.71
2023-02-16,8.43296,8.43296,8.43296,8.43296,16.3446
2023-02-17,8.02218,8.59852,8.02218,8.52817,1908.24
2023-02-21,8.15676,8.15676,8.14533,8.14533,710.994
2023-02-22,8.14368,8.14368,8.14368,8.14368,4.08617
2023-02-23,8.14448,8.14448,8.14448,8.14448,40.8617
2023-02-24,7.8946,7.8946,7.8946,7.8946,16.3446
2023-02-27,7.94894,7.94894,7.94894,7.94894,204.308
2023-02-28,7.96887,7.96887,7.96887,7.96887,28.6032
2023-03-01,8.15676,8.15676,7.83448,7.83448,89.8958
2023-03-02,7.84963,7.84963,7.84963,7.84963,265.601
2023-03-03,7.95609,7.97455,7.95609,7.97455,3959.5
2023-03-06,7.98937,7.98937,7.98937,7.98937,138.929
2023-03-07,7.82842,7.82842,7.82842,7.82842,61.2925
2023-03-08,7.86678,7.86678,7.86678,7.86678,16.3446
2023-03-09,7.63659,7.63659,7.63659,7.63659,212.48
2023-03-10,7.47294,7.47294,7.47294,7.47294,69.4649
2023-03-13,7.36629,7.43727,7.36629,7.40803,1168.64
2023-03-14,7.64397,7.64397,7.64397,7.64397,40.8617
2023-03-15,7.54716,7.54716,7.54716,7.54716,16.3446
2023-03-16,7.72156,7.72156,7.72156,7.72156,138.929
2023-03-17,7.67201,7.67201,7.67201,7.67201,93.9819
2023-03-20,7.6918,7.76585,7.6918,7.76585,535.288
2023-03-21,8.076,8.12742,8.076,8.1106,1201.33
2023-03-22,8.0648,8.18124,7.86798,7.86798,8104.38
2023-03-23,8.09181,8.09181,8.09181,8.09181,40.3604
2023-03-24,8.12903,8.12903,8.12903,8.12903,137.225
2023-03-27,8.15401,8.17631,8.0594,8.0594,3701.05
2023-03-28,7.92896,7.92896,7.92896,7.92896,125.117
2023-03-29,8.0896,8.12045,8.05242,8.12045,6187.26
2023-03-30,8.20873,8.20873,8.20873,8.20873,121.081
2023-03-31,8.39929,8.52399,8.39929,8.52399,3571.9
2023-04-03,8.53802,8.57825,8.53802,8.57825,4112.73
2023-04-04,8.57275,8.62984,8.56533,8.62984,18880.6
2023-04-05,8.58064,8.58064,8.57245,8.57245,992.867
2023-04-06,8.79177,8.79177,8.79177,8.79177,149.333
2023-04-10,8.64211,8.74037,8.61485,8.74037,2623.43
2023-04-11,8.68899,8.68899,8.68899,8.68899,64.5767
2023-04-12,8.51288,8.51288,8.51288,8.51288,4.03604
2023-04-13,8.83164,8.83164,8.83164,8.83164,40.3604
2023-04-14,8.83287,8.86205,8.83287,8.86205,1957.48
2023-04-17,8.75955,8.75955,8.75955,8.75955,108.973
2023-04-18,8.67257,8.67257,8.67257,8.67257,230.054
2023-04-19,8.53021,8.53021,8.53021,8.53021,161.441
2023-04-20,8.35178,8.35178,8.35178,8.35178,419.749
2023-04-21,8.38869,8.38869,8.38869,8.38869,480.289
2023-04-24,8.36071,8.36071,8.36071,8.36071,326.919
2023-04-25,8.11358,8.11358,8.11358,8.11358,56.5046
2023-04-26,7.95757,7.95757,7.95757,7.95757,44.3965
2023-04-27,8.82055,8.87997,8.82055,8.84185,3870.57
2023-04-28,8.98998,8.98998,8.98998,8.98998,230.054
2023-05-01,8.96916,9.01157,8.96667,9.01157,2942.27
2023-05-02,8.67189,8.67783,8.67189,8.67783,577.154
2023-05-03,8.60998,8.60998,8.60998,8.60998,72.6488
2023-05-04,8.32218,8.32218,8.32218,8.32218,72.6488
2023-05-05,8.33738,8.51683,8.33738,8.51683,1166.41
2023-05-08,8.52073,8.68865,8.52073,8.68865,443.965
2023-05-09,8.57787,8.57787,8.57787,8.57787,40.3604
2023-05-10,8.72251,8.72251,8.72251,8.72251,4.03604
2023-05-11,8.77096,9.00384,8.77096,8.9088,9040.74
2023-05-12,8.92954,8.92954,8.91514,8.91514,1178.52
2023-05-15,8.98618,8.98618,8.98618,8.98618,4.03604
2023-05-16,8.99643,8.99643,8.99345,8.99345,722.452
2023-05-17,9.15748,9.20164,9.15748,9.20164,871.786
2023-05-18,9.51133,9.51133,9.51133,9.51133,217.946
2023-05-19,9.41929,9.41929,9.41929,9.41929,201.802
2023-05-22,9.57824,9.57824,9.57824,9.57824,294.631
2023-05-23,9.35659,9.35659,9.35659,9.35659,149.333
2023-05-24,9.20453,9.2621,9.20453,9.2621,431.857
2023-05-25,9.25287,9.25287,9.25287,9.25287,20.1802
2023-05-26,9.63488,9.63488,9.63488,9.63488,16.1441
2023-05-30,9.65545,9.65545,9.65545,9.65545,4.03604
2023-05-31,9.64541,9.64541,9.64541,9.64541,52.4686
2023-06-01,9.88427,9.88427,9.88427,9.88427,4.03604
2023-06-02,9.96263,9.96263,9.92093,9.92093,932.327
2023-06-05,10.1065,10.1065,9.98675,9.98675,1222.92
2023-06-06,10.0673,10.0673,10.0673,10.0673,16.1441
2023-06-07,10.0023,10.0023,9.8237,9.8237,7700.78
2023-06-08,9.92145,9.92145,9.92145,9.92145,28.2523
2023-06-09,9.92681,9.92681,9.92681,9.92681,117.045
2023-06-12,10.1495,10.1495,10.1495,10.1495,24.2162
2023-06-13,10.2502,10.2502,10.2172,10.2172,799.137
2023-06-14,10.1807,10.2385,10.1807,10.2385,415.712
2023-06-15,10.3245,10.5609,10.3245,10.5609,3103.72
2023-06-16,10.3887,10.3887,10.3887,10.3887,8.07209
2023-06-20,10.3245,10.3245,10.3103,10.3103,1747.6
2023-06-21,10.1057,10.1057,10.1057,10.1057,347.025
2023-06-22,10.0269,10.2401,10.0269,10.2401,1222.66
2023-06-23,10.2153,10.2153,10.2153,10.2153,213.864
2023-06-26,9.99434,9.99434,9.99434,9.99434,379.307
2023-06-27,10.3222,10.3222,10.3222,10.3222,145.266
2023-06-28,10.3853,10.3853,10.3853,10.3853,32.2814
2023-06-29,10.3886,10.3886,10.2891,10.2891,629.488
2023-06-30,10.4802,10.5197,10.4802,10.5197,968.443
2023-07-03,10.5646,10.5646,10.5646,10.5646,306.673
2023-07-05,10.7433,10.7433,10.7433,10.7433,250.181
2023-07-06,10.5547,10.5547,10.5547,10.5547,197.723
2023-07-07,10.582,10.582,10.4815,10.4815,851.423
2023-07-10,10.4073,10.4073,10.4073,10.4073,363.166
2023-07-11,10.7819,10.7819,10.7819,10.7819,294.568
2023-07-12,11.033,11.033,11.033,11.033,431.764
2023-07-13,11.3672,11.3672,11.3672,11.3672,427.729
2023-07-14,11.1385,11.1385,11.1385,11.1385,205.794
2023-07-17,11.0884,11.0884,11.0884,11.0884,504.397
2023-07-18,11.0873,11.2112,11.0873,11.2112,867.564
2023-07-19,11.2739,11.2739,11.2739,11.2739,355.096
2023-07-20,10.8521,10.8521,10.815,10.815,915.986
2023-07-21,10.7504,10.7504,10.6053,10.6053,1916.71
2023-07-24,10.6305,10.6305,10.6305,10.6305,455.975
2023-07-25,10.7142,10.7142,10.7142,10.7142,750.543
2023-07-26,11.0162,11.0162,11.0162,11.0162,32.2814
2023-07-27,11.6972,11.7554,11.2039,11.2039,4341.85
2023-07-28,11.4666,11.7392,11.4666,11.6545,6924.37
2023-07-31,11.8223,11.8223,11.5906,11.6198,9543.2
2023-08-01,11.6363,11.6363,11.6363,11.6363,246.146
2023-08-02,11.184,11.2014,11.1815,11.1844,3974.65
2023-08-03,11.1452,11.1452,11.1452,11.1452,258.251
2023-08-04,11.0604,11.0604,11.0604,11.0604,581.066
2023-08-07,11.4093,11.4093,11.4093,11.4093,423.694
2023-08-08,11.3255,11.3482,11.2284,11.3482,1981.27
2023-08-09,11.0873,11.0935,11.0873,11.0935,924.056
2023-08-10,11.1747,11.1747,11.1747,11.1747,645.629
2023-08-11,10.9909,11.0436,10.9909,11.0436,903.88
2023-08-14,11.1446,11.2104,11.1446,11.2104,1182.3
2023-08-15,11.0339,11.0339,11.0339,11.0339,460.01
2023-08-16,10.771,10.771,10.771,10.771,209.829
2023-08-17,10.5439,10.5439,10.5439,10.5439,112.985
2023-08-18,10.2176,10.3763,10.2176,10.3626,2630.93
2023-08-21,10.3813,10.5001,10.3813,10.5001,4265.18
2023-08-22,10.5208,10.5208,10.5208,10.5208,16.1407
2023-08-23,10.8358,10.8358,10.8358,10.8358,213.864
2023-08-24,10.4645,10.4645,10.4645,10.4645,56.4925
2023-08-25,10.4641,10.4641,10.4641,10.4641,40.3518
2023-08-28,10.686,10.686,10.686,10.686,815.106
2023-08-29,10.9611,11.1706,10.9611,11.1706,443.87
2023-08-30,11.1939,11.1939,11.1778,11.1778,1803.72
2023-08-31,11.2129,11.2129,11.2129,11.2129,129.125
2023-09-01,10.993,10.993,10.993,10.993,201.759
2023-09-05,11.1046,11.1047,10.9918,10.9918,1553.54
2023-09-06,10.8918,10.8918,10.8918,10.8918,476.151
2023-09-07,10.8596,10.8596,10.8596,10.8596,702.121
2023-09-08,10.9635,10.9635,10.9177,10.9177,883.704
2023-09-11,11.0727,11.2324,11.0727,11.2324,1565.65
2023-09-12,11.0242,11.0242,11.0242,11.0242,205.794
2023-09-13,11.0807,11.0807,11.0807,11.0807,189.653
2023-09-14,11.328,11.3789,11.328,11.3789,1904.6
2023-09-15,11.2063,11.2063,11.0965,11.0965,1109.67
2023-09-18,11.0899,11.1046,11.0899,11.1046,782.825
2023-09-19,11.121,11.121,11.121,11.121,451.94
2023-09-20,10.8299,10.8299,10.8299,10.8299,20.1536
2023-09-21,10.5656,10.5656,10.5656,10.5656,237.812
2023-09-22,10.5986,10.5986,10.5307,10.5307,1438.96
2023-09-25,10.4361,10.5403,10.4361,10.5403,1318.04
2023-09-26,10.325,10.325,10.325,10.325,24.1843
2023-09-27,10.369,10.369,10.369,10.369,100.768
2023-09-28,10.5934,10.5934,10.5934,10.5934,36.2764
2023-09-29,10.4751,10.4751,10.4751,10.4751,96.7373
2023-10-02,10.6376,10.6376,10.6376,10.6376,8.06144
2023-10-03,10.3415,10.3415,10.3415,10.3415,322.457
2023-10-04,10.5522,10.5522,10.5522,10.5522,169.29
2023-10-05,10.3158,10.5027,10.3158,10.5027,902.881
2023-10-06,10.8871,10.8871,10.8871,10.8871,249.904
2023-10-09,11.122,11.122,11.122,11.122,471.594
2023-10-10,11.2587,11.2587,11.2587,11.2587,128.983
2023-10-11,11.4443,11.4443,11.4443,11.4443,40.3072
2023-10-12,11.1815,11.1815,11.1644,11.181,1616.31
2023-10-13,10.8914,10.9019,10.8914,10.9019,1459.12
2023-10-16,11.2262,11.2967,11.2262,11.2967,1281.76
2023-10-17,11.3529,11.3529,11.3529,11.3529,253.935
2023-10-18,10.97,10.97,10.97,10.97,20.1536
2023-10-19,10.9584,10.9584,10.9584,10.9584,149.136
2023-10-20,10.9086,10.9086,10.7383,10.7383,1193.09
2023-10-23,10.833,10.833,10.833,10.833,48.3686
2023-10-24,11.0903,11.0903,11.0903,11.0903,4.03072
2023-10-25,10.1398,10.1398,10.1398,10.1398,249.904
2023-10-26,9.62854,9.69053,9.62854,9.69053,1483.3
2023-10-27,9.63349,9.63349,9.60498,9.60498,1269.67
2023-10-30,9.99634,9.99634,9.99634,9.99634,507.87
2023-10-31,10.1044,10.1044,10.1044,10.1044,854.512
2023-11-01,10.3949,10.3949,10.3949,10.3949,282.15
2023-11-02,10.6953,10.6953,10.5019,10.6549,3260.85
2023-11-03,10.9965,10.9965,10.9965,10.9965,382.918
2023-11-06,10.9136,10.9136,10.9136,10.9136,737.622
2023-11-07,11.0238,11.0238,11.0238,11.0238,612.669
2023-11-08,10.9546,10.9546,10.9546,10.9546,374.857
2023-11-09,11.137,11.137,10.9187,10.9187,5973.52
2023-11-10,11.003,11.26,11.003,11.26,51496.4
2023-11-13,11.1619,11.2156,11.1619,11.2156,1237.43
2023-11-14,11.5714,11.5714,11.5714,11.5714,221.689
2023-11-15,11.7273,11.7373,11.6755,11.7001,4050.87
2023-11-16,11.6481,11.7819,11.6481,11.7819,5264.12
2023-11-17,11.7383,11.7821,11.7383,11.7783,14824.9
2023-11-20,11.8762,12.0236,11.8762,12.0236,1277.73
2023-11-21,11.9603,11.9603,11.9603,11.9603,661.038
2023-11-22,12.1476,12.1476,12.1476,12.1476,552.208
2023-11-24,12.1816,12.1816,12.0539,12.0539,1285.8
2023-11-27,11.9829,11.9854,11.9129,11.9129,1906.53
2023-11-28,11.8664,11.9692,11.8664,11.9692,1942.8
2023-11-29,11.8113,11.8113,11.8113,11.8113,257.966
2023-11-30,11.5736,11.6318,11.457,11.6318,4272.56
2023-12-01,11.0502,11.6953,10.9807,11.6953,60388.2
2023-12-04,11.335,11.4673,11.335,11.4673,4861.05
2023-12-05,11.4843,11.4843,11.3231,11.339,2136.28
2023-12-06,11.385,11.4644,11.2676,11.2676,1414.78
2023-12-07,11.6405,11.7498,11.6405,11.7498,781.959
2023-12-08,11.8167,11.8632,11.8167,11.8632,2551.44
2023-12-11,11.6813,11.6813,11.6813,11.6813,523.993
2023-12-12,11.7605,11.7605,11.7605,11.7605,403.072
2023-12-13,11.9545,11.9545,11.9545,11.9545,8.06144
2023-12-14,12.0571,12.0571,12.0571,12.0571,1475.24
2023-12-15,12.0376,12.0607,12.0052,12.0607,1793.67
2023-12-18,12.316,12.316,12.316,12.316,443.379
2023-12-19,12.4046,12.5597,12.4046,12.5597,2902.11
2023-12-20,12.464,12.464,12.4118,12.4118,676.772
2023-12-21,12.6042,12.6042,12.6042,12.6042,600.232
2023-12-22,12.6043,12.6043,12.6043,12.6043,531.749
2023-12-26,12.6924,12.6952,12.6924,12.6952,672.743
2023-12-27,12.6824,12.7197,12.6821,12.6821,1804.72
2023-12-28,12.8164,12.8289,12.7446,12.7446,24428.2
2023-12-29,12.5902,12.5902,12.5902,12.5902,741.226
2024-01-02,12.3477,12.4533,12.3477,12.4533,1131.98
2024-01-03,12.4172,12.4172,12.3847,12.3855,2191.45
2024-01-04,12.3611,12.3611,12.2927,12.2927,443.124
2024-01-05,12.3912,12.3912,12.3912,12.3912,32.2272
2024-01-08,12.5934,12.7514,12.5933,12.7514,16516.4
2024-01-09,12.7085,12.7085,12.7085,12.7085,700.942
2024-01-10,12.938,12.938,12.938,12.938,245.732
2024-01-11,12.8314,12.8314,12.8314,12.8314,858.05
2024-01-12,13.0225,13.0225,12.9667,12.9667,8439.5
2024-01-16,13.0323,13.0323,12.809,12.8209,5736.44
2024-01-17,12.6644,12.6644,12.6644,12.6644,52.3692
2024-01-18,12.9654,12.9654,12.9597,12.9597,3786.7
2024-01-19,13.154,13.3068,13.154,13.3068,2964.9
2024-01-22,13.4049,13.4173,13.3589,13.3589,1824.86
2024-01-23,13.627,13.627,13.627,13.627,946.675
2024-01-24,14.075,14.075,13.7896,13.7956,6824.11
2024-01-25,14.198,14.198,14.198,14.198,1724.15
2024-01-26,14.2785,14.3249,14.2785,14.3249,4282.19
2024-01-29,14.545,14.545,14.545,14.545,1824.86
2024-01-30,14.394,14.394,14.394,14.394,2408.98
2024-01-31,13.7821,13.9386,13.6768,13.6768,8520.07
2024-02-01,13.8921,13.9158,13.8921,13.9081,1691.93
2024-02-02,14.9091,15.0769,14.9091,15.0611,14864.8
2024-02-05,14.9763,14.9763,14.6564,14.6564,207817.0
2024-02-06,14.7875,14.7875,14.4747,14.5188,5204.69
2024-02-07,14.651,14.651,14.6409,14.6409,1981.97
2024-02-08,14.7117,14.7528,14.7117,14.7528,4765.6
2024-02-09,14.8487,14.883,14.8272,14.8534,21539.8
2024-02-12,15.0593,18.0717,14.8669,14.8941,356707.0
2024-02-13,14.286,14.6186,14.286,14.4747,144043.0
2024-02-14,14.7876,14.9216,14.6361,14.8966,402187.0
2024-02-15,14.8767,15.2269,14.8767,15.1449,111284.0
2024-02-16,14.7279,14.7279,14.6907,14.6907,2807.79
2024-02-20,14.646,14.646,14.574,14.6311,8314.62
2024-02-21,14.5864,14.5864,14.5864,14.5864,753.311
2024-02-22,14.651,15.0654,14.651,15.0308,96512.5
2024-02-23,15.1548,15.1548,14.9517,14.9517,1039.32
2024-02-26,14.7378,14.7378,14.5305,14.5305,5180.52
2024-02-27,14.6758,14.6758,14.6758,14.6758,1522.73
2024-02-28,14.5963,14.5963,14.5293,14.5293,130222.0
2024-02-29,14.8014,14.8014,14.7851,14.7851,1377.71
2024-03-01,14.9464,15.0531,14.9439,15.0259,11223.1
2024-03-04,15.1052,15.1052,14.6063,14.6063,25060.7
2024-03-05,14.4721,14.4963,14.301,14.3952,13873.8
2024-03-06,14.4971,14.5517,14.4176,14.4176,4350.67
2024-03-07,14.6211,14.9191,14.6211,14.8842,11702.5
2024-03-08,15.0333,15.1077,14.8347,14.8347,10912.9
2024-03-11,14.8447,14.9016,14.5715,14.7776,8141.4
2024-03-12,15.0531,15.0531,14.9092,15.0457,3645.7
2024-03-13,15.0852,15.0852,15.0852,15.0852,644.544
2024-03-14,15.0234,15.0358,14.9785,15.0134,2598.32
2024-03-15,14.8122,15.0679,14.6882,14.6882,6965.11
2024-03-18,14.8347,14.8347,14.8347,14.8347,854.021
2024-03-19,14.9835,14.9835,14.9835,14.9835,829.851
2024-03-20,15.3636,15.6592,15.3636,15.6464,8674.09
2024-03-21,15.6841,15.7114,15.6592,15.6721,9873.58
2024-03-22,15.7412,15.7412,15.7389,15.7389,1231.68
2024-03-25,15.4853,15.6301,15.4853,15.5953,7611.47
2024-03-26,15.6766,15.7139,15.5203,15.5203,3847.99
2024-03-27,15.5525,15.6695,15.5525,15.6695,949.924
2024-03-28,15.6716,15.6716,15.6716,15.6716,1034.45
2024-04-01,15.7014,15.8734,15.7014,15.8734,2318.46
2024-04-02,15.6419,15.826,15.5945,15.826,4842.2
2024-04-03,16.0691,16.0691,16.0691,16.0691,12.0753
2024-04-04,16.2555,16.3374,15.6458,15.6458,3598.44
2024-04-05,16.0021,16.0091,15.9598,15.9801,7124.43
2024-04-08,15.9873,16.0046,15.9234,15.9234,6295.26
2024-04-09,15.9543,15.9543,15.9543,15.9543,2004.5
2024-04-10,15.7363,15.7451,15.7363,15.7451,1151.17
2024-04-11,15.7246,16.0147,15.7246,16.0147,2845.74
2024-04-12,16.1487,16.1487,15.4431,15.4724,2910.15
2024-04-15,15.1002,15.1052,15.0897,15.0897,46469.8
2024-04-16,14.9859,15.0357,14.9089,14.9933,27688.6
2024-04-17,14.8419,15.0133,14.8419,14.9527,9161.13
2024-04-18,15.0749,15.0749,15.0749,15.0749,990.175
2024-04-19,14.6083,14.802,14.6083,14.802,2262.1
2024-04-22,14.6182,14.9562,14.586,14.8107,28988.8
2024-04-23,15.2143,15.2143,15.2143,15.2143,390.435
2024-04-24,15.2518,15.3686,15.1301,15.2556,15883.0
2024-04-25,13.66,14.176,13.66,14.176,10018.4
2024-04-26,14.9254,14.9254,14.9254,14.9254,60.3765
2024-04-29,14.8865,14.8865,14.4364,14.5564,69380.7
2024-04-30,14.372,14.372,14.1076,14.1076,5212.51
2024-05-01,14.3619,14.3619,14.3619,14.3619,225.405
2024-05-02,14.438,14.5865,14.438,14.5865,796.97
2024-05-03,14.7945,14.9299,14.7945,14.9299,1497.33
2024-05-06,15.1623,15.3043,15.1623,15.3043,4721.44
2024-05-07,15.3603,15.3603,15.3603,15.3603,205.28
2024-05-08,15.4131,15.4156,15.3085,15.3085,8227.31
2024-05-09,15.4379,15.4379,15.4379,15.4379,140.878
2024-05-10,15.4033,15.509,15.3847,15.509,6766.2
2024-05-13,15.4231,15.4231,15.4231,15.4231,1227.65
2024-05-14,15.3089,15.5851,15.3089,15.5851,2193.68
2024-05-15,15.7561,15.768,15.7561,15.768,748.669
2024-05-16,15.7039,15.7454,15.7039,15.7454,1453.06
2024-05-17,15.752,15.752,15.752,15.752,792.945
2024-05-20,15.8529,15.8529,15.8529,15.8529,499.112
2024-05-21,15.838,15.838,15.7785,15.8356,1453.06
2024-05-22,15.8009,15.8479,15.8009,15.8371,1646.26
2024-05-23,15.7363,15.776,15.4744,15.4744,6665.57
2024-05-24,15.833,15.8713,15.833,15.8713,563.514
2024-05-28,15.9225,15.9225,15.8979,15.8979,2209.78
2024-05-29,15.8617,15.8617,15.739,15.739,4371.26
2024-05-30,15.6514,15.6514,15.6514,15.6514,2483.48
2024-05-31,15.5919,15.9373,15.5919,15.9373,1549.66
2024-06-03,16.0372,16.0372,16.0372,16.0372,1223.63
2024-06-04,16.0518,16.2207,16.0518,16.2114,2306.38
2024-06-05,16.4492,16.6182,16.4492,16.6158,3308.63
2024-06-06,16.7573,16.7573,16.6094,16.6094,1102.87
2024-06-07,16.5487,16.6878,16.3924,16.3924,4282.71
2024-06-10,16.2829,16.4487,16.2829,16.4487,2221.85
2024-06-11,16.417,16.4997,16.417,16.4997,3026.87
2024-06-12,16.4343,16.4871,16.4343,16.4871,1284.0
2024-06-13,16.2058,16.2058,16.1859,16.1859,1328.28
2024-06-14,16.1884,16.2371,16.1884,16.2371,6094.0
2024-06-17,16.504,16.504,16.4156,16.4156,2994.67
2024-06-18,16.2123,16.2123,16.2123,16.2123,161.004
2024-06-20,16.3557,16.3557,16.3557,16.3557,366.284
2024-06-21,16.5741,16.5741,16.5741,16.5741,378.359
2024-06-24,16.7921,16.7921,16.643,16.6727,2463.36
2024-06-25,16.8591,17.0021,16.8591,17.0021,1730.79
2024-06-26,16.9916,17.0419,16.9916,17.0419,2142.94
2024-06-27,17.2465,17.2465,17.1839,17.1839,952.868
2024-06-28,17.4106,17.4231,16.9266,16.9266,13673.8
2024-07-01,16.6843,16.7671,16.6843,16.7671,6770.58
2024-07-02,16.6532,17.0093,16.6532,17.0093,2492.73
2024-07-03,17.0687,17.0687,17.0687,17.0687,446.279
2024-07-05,17.2987,17.729,17.2987,17.6988,3353.13
2024-07-08,17.5375,17.5375,17.3607,17.3749,4193.42
2024-07-09,17.5077,17.5077,17.4617,17.4617,538.752
2024-07-10,17.4851,17.713,17.4851,17.713,5114.12
2024-07-11,17.6269,17.6269,17.1843,17.2016,10493.6
2024-07-12,17.0326,17.2391,17.0276,17.1991,20271.5
2024-07-15,17.1046,17.3782,17.1033,17.1096,10931.8
2024-07-16,17.4503,17.4553,17.2915,17.2915,4213.52
2024-07-17,16.9058,16.9058,16.7068,16.7754,4555.27
2024-07-18,16.8237,16.8237,16.7442,16.7442,2150.98
2024-07-19,16.5728,16.5728,16.5728,16.5728,357.828
2024-07-22,16.7142,16.7181,16.7142,16.7181,2790.25
2024-07-23,16.6632,16.6632,16.6632,16.6632,373.91
2024-07-24,16.1146,16.1146,15.774,15.7807,14264.8
2024-07-25,15.6795,15.6795,15.4757,15.6048,8238.08
2024-07-26,15.8113,16.0874,15.8113,15.9478,8451.17
2024-07-29,16.0601,16.3884,16.0601,16.2515,15374.5
2024-07-30,16.4157,16.4854,16.341,16.4466,7691.29
2024-07-31,16.7365,16.9058,16.7365,16.835,3232.51
2024-08-01,17.535,17.535,16.7852,16.8817,4848.77
2024-08-02,16.3237,16.3759,16.2317,16.3756,5391.54
2024-08-05,15.0651,15.8411,15.0354,15.4003,11084.6
2024-08-06,15.774,16.0849,15.774,15.8134,1604.19
2024-08-07,15.6471,15.6471,15.6471,15.6471,136.698
2024-08-08,16.1894,16.203,16.1894,16.203,659.368
2024-08-09,16.5029,16.5029,16.5029,16.5029,241.232
2024-08-12,16.4206,16.4206,16.2427,16.2427,5930.29
2024-08-13,16.6022,16.6917,16.6022,16.6917,1161.93
2024-08-14,16.4132,16.527,16.4132,16.527,3047.56
2024-08-15,16.7739,16.7848,16.7739,16.7779,1756.97
2024-08-16,16.9082,16.9082,16.8802,16.8802,1093.58
2024-08-19,17.1096,17.2564,16.9629,17.2543,3751.16
2024-08-20,17.2366,17.2366,17.2292,17.2292,1391.1
2024-08-21,17.3819,17.3819,17.3819,17.3819,1773.05
2024-08-22,17.4503,17.4503,17.0696,17.0696,4901.03
2024-08-23,17.1494,17.3555,17.1494,17.3555,3517.97
2024-08-26,17.4379,17.4503,17.3731,17.3731,4997.53
2024-08-27,17.3459,17.4156,17.3294,17.3294,3694.87
2024-08-28,17.1231,17.1231,17.1231,17.1231,715.656
2024-08-29,17.3707,17.4106,16.9854,17.0168,2987.26
2024-08-30,17.1942,17.2457,16.9599,17.2457,4655.78
2024-09-03,16.821,16.821,16.4555,16.5794,11374.1
2024-09-04,16.4804,16.4804,16.4594,16.4594,615.142
2024-09-05,16.4281,16.5025,16.4281,16.5025,1230.28
2024-09-06,16.1769,16.249,15.8225,15.8225,2802.31
2024-09-09,15.9531,15.9531,15.9391,15.9391,1001.11
2024-09-10,15.8485,15.9699,15.7417,15.9699,1945.94
2024-09-11,15.58,16.1109,15.58,16.1109,5102.06
2024-09-12,16.1669,16.6604,16.1669,16.6604,11683.6
2024-09-13,16.7266,17.0176,16.7266,17.0092,9267.34
2024-09-16,17.0201,17.3604,17.0201,17.3604,4052.7
2024-09-17,17.4727,17.6319,17.2737,17.339,13834.6
2024-09-18,17.4379,17.5101,17.3112,17.3403,6211.73
2024-09-19,17.923,17.9851,17.7451,17.7926,10710.7
2024-09-20,17.7588,17.7836,17.7165,17.7836,7707.37
2024-09-23,17.9603,17.9627,17.8393,17.8393,10469.4
2024-09-24,18.0174,18.0174,17.9866,18.0015,3421.47
2024-09-25,18.0503,18.0503,17.9069,17.9069,2397.55
2024-09-26,18.2221,18.2221,18.1043,18.1043,5325.22
2024-09-27,18.3342,18.4479,18.3229,18.3229,16333.1
2024-09-30,18.3764,18.4823,18.3764,18.4823,3260.99
2024-10-01,18.6827,18.6827,18.247,18.4893,179636.0
2024-10-02,18.257,18.4561,18.257,18.4016,9080.19
2024-10-03,18.1474,18.2395,18.1175,18.2395,18999.7
2024-10-04,18.5533,18.6572,18.3017,18.6572,6453.72
2024-10-07,18.6305,18.6305,18.1293,18.1293,7855.31
2024-10-08,18.252,18.4726,18.252,18.4726,6120.39
2024-10-09,18.4012,18.4681,18.4012,18.4681,2586.31
2024-10-10,18.1891,18.1891,18.1891,18.1891,2032.1
2024-10-11,18.381,18.4314,18.381,18.4314,3638.5
2024-10-14,18.5059,18.6963,18.5059,18.6195,5068.2
2024-10-15,18.7525,18.7625,18.6636,18.6636,3899.54
2024-10-16,18.5329,18.6423,18.5329,18.6423,2196.75
2024-10-17,18.4175,18.4584,18.4175,18.4584,2409.6
2024-10-18,18.7425,18.8247,18.7335,18.7335,6068.19
2024-10-21,18.6355,18.6355,18.5034,18.5594,13373.3
2024-10-22,18.6289,18.6602,18.6289,18.6602,2208.8
2024-10-23,18.5806,18.5806,18.2793,18.31,4995.91
2024-10-24,18.4789,18.4789,18.4789,18.4789,1305.2
2024-10-25,18.7225,18.7922,18.5633,18.5648,4702.74
2024-10-28,18.8047,18.8047,18.7877,18.7877,4417.61
2024-10-29,18.9342,19.1559,18.9342,19.1479,8441.65
2024-10-30,19.7061,19.8082,19.375,19.375,7815.15
2024-10-31,19.3526,19.3526,19.0837,19.0919,6750.91
2024-11-01,19.1284,19.3501,19.1284,19.1882,57597.6
2024-11-04,19.1633,19.1633,18.9043,19.0023,17806.9
2024-11-05,19.3127,19.4521,19.3127,19.424,4265.0
2024-11-06,20.0497,20.42,20.0497,20.42,10871.3
2024-11-07,20.6051,20.9709,20.6051,20.9167,5269.0
2024-11-08,20.854,20.854,20.63,20.6975,8606.3
2024-11-11,20.7594,20.9219,20.7594,20.9219,3007.99
2024-11-12,20.8914,21.1504,20.8914,21.1179,6847.29
2024-11-13,21.1155,21.225,21.1155,21.137,8120.37
2024-11-15,20.8142,20.8146,20.1967,20.2663,15377.3
2024-11-18,20.5229,20.6499,20.3511,20.6499,16722.6
2024-11-19,20.6773,20.9161,20.6773,20.9161,6566.17
2024-11-20,20.874,21.1639,20.7395,21.1639,6923.6
2024-11-21,20.7668,21.0756,20.5502,21.0613,6373.4
2024-11-22,20.9413,20.9984,20.9013,20.9751,3859.38
2024-11-25,21.1578,21.1728,21.1157,21.1571,6277.02
2024-11-26,21.3571,21.3573,21.225,21.3573,3032.08
2024-11-27,21.3221,21.3517,21.3221,21.3517,3622.44
2024-11-29,21.5263,21.631,21.5263,21.5781,2293.14
2024-12-02,21.8625,21.9522,21.8476,21.9226,7875.39
2024-12-03,22.0043,22.3033,21.9273,22.3033,33899.1
2024-12-04,22.2484,22.4252,22.2484,22.3815,10377.3
2024-12-05,22.373,22.4477,22.2615,22.2615,11015.9
2024-12-06,22.2734,22.7613,22.2734,22.705,13019.9
2024-12-09,22.6593,22.6593,21.7097,21.7097,9505.89
2024-12-10,22.3406,22.4352,22.2955,22.3679,8911.52
2024-12-11,22.8873,23.139,22.5697,23.139,4943.7
2024-12-12,23.2968,23.4139,23.1971,23.2166,19284.8
2024-12-13,22.9357,22.9357,22.6499,22.6499,13594.1
2024-12-16,22.9407,23.0228,22.7838,22.786,7899.49
2024-12-17,22.8187,22.8187,22.4602,22.4602,6200.71
2024-12-18,22.383,22.607,21.3405,21.3405,8080.21
2024-12-19,21.4343,21.53,21.0932,21.0932,24477.5
2024-12-20,20.8665,21.7256,20.8665,21.2679,17533.8
2024-12-23,21.2656,21.4831,21.0191,21.4732,15576.0
2024-12-24,21.6119,21.8676,21.6119,21.8676,1762.34
2024-12-26,21.7639,21.8784,21.7439,21.8503,9048.57
2024-12-27,21.2358,21.4152,21.2358,21.4152,5270.97
2024-12-30,20.9618,21.0235,20.9618,21.0235,2296.26
2025-01-02,20.9493,21.3329,20.8596,21.0156,16162.1
2025-01-03,21.3628,21.5148,21.1162,21.2831,10289.0
2025-01-06,21.5695,21.8161,21.2831,21.7145,10405.4
2025-01-07,21.8436,21.8436,21.1337,21.2448,15186.6
2025-01-08,20.7874,21.0078,20.7874,20.9993,11874.7
2025-01-10,20.3664,20.7002,20.2718,20.3846,18189.4
2025-01-13,20.0747,20.3726,20.0725,20.3726,13444.4
2025-01-14,20.3066,20.4262,20.0152,20.2002,8125.25
2025-01-15,20.7874,20.9841,20.7874,20.9045,3392.21
2025-01-17,21.0465,21.0588,20.9991,20.9991,39345.6
2025-01-21,21.3329,21.5123,21.2656,21.3685,13500.6
2025-01-22,21.7713,21.9707,21.7713,21.8101,7988.76
2025-01-23,21.5347,22.1201,21.5347,22.1201,21035.7
2025-01-24,22.1176,22.2902,21.9781,22.2902,17286.2
2025-01-27,22.2496,22.5386,21.6567,22.5029,76904.8
2025-01-28,22.7453,22.8249,22.6659,22.7279,19674.8
2025-01-29,22.9121,23.0143,22.8774,22.9412,12207.9
2025-01-30,23.4552,23.4552,22.9471,22.9922,11276.6
2025-01-31,23.4827,23.543,23.1251,23.1314,17318.3
2025-02-03,22.7627,23.4278,21.9682,23.2575,40614.2
2025-02-04,23.4727,23.7741,23.468,23.6495,36908.8
2025-02-05,23.1862,23.1887,22.8499,23.1887,39843.4
2025-02-06,23.2161,23.4005,23.0467,23.4005,18879.9
2025-02-07,23.6645,23.7292,23.2772,23.2772,20373.3
2025-02-10,23.5424,23.5724,23.3596,23.4833,21641.9
2025-02-11,23.373,23.5724,23.373,23.5198,19690.8
2025-02-12,23.4727,23.6545,23.4727,23.5847,8916.1
2025-02-13,23.7467,24.1552,23.2012,24.1368,12938.5
2025-02-14,24.1988,24.5176,24.1552,24.4354,11670.0
2025-02-18,24.0941,24.4118,23.9162,24.1383,19205.1
2025-02-19,24.1527,24.2424,24.1527,24.2395,5620.23
2025-02-20,24.1427,24.2449,23.7892,23.99,10325.1
2025-02-21,24.1129,24.1129,23.3356,23.3366,12958.6
2025-02-24,23.6147,23.6691,23.4278,23.4278,29028.5
2025-02-25,22.7627,22.8374,22.5036,22.7036,40871.1
2025-02-26,22.9994,23.0417,22.5983,22.6196,45150.5
2025-02-27,22.556,22.7952,22.1938,22.1938,11168.2
2025-02-28,22.4189,22.8116,22.2122,22.8116,15808.9
2025-03-03,22.8774,23.1662,22.1898,22.1898,101621.0
2025-03-04,21.9955,22.2869,21.6941,22.0308,24367.7
2025-03-05,22.1101,22.5934,21.8087,22.5668,14865.5
2025-03-06,22.3517,22.5036,21.5745,21.7681,16483.3
2025-03-07,21.7364,22.0737,21.0888,22.0737,27165.8
2025-03-10,21.1486,21.1486,20.5756,20.9406,27286.2
2025-03-11,20.6678,21.0688,20.0078,20.359,10802.8
2025-03-12,20.2743,20.5956,20.065,20.5384,22448.8
2025-03-13,20.1099,20.2768,19.6365,19.6655,6242.47
2025-03-14,19.9553,20.4287,19.9553,20.4164,17792.0
2025-03-17,20.4138,20.7749,20.0774,20.6639,16768.3
2025-03-18,19.801,20.1174,19.7991,20.0589,20951.4
2025-03-19,20.1733,20.7674,20.1422,20.4984,65315.1
2025-03-20,20.4934,20.8959,20.4212,20.4658,19205.1
2025-03-21,20.6106,20.7658,20.5806,20.7658,3380.17
2025-03-24,21.166,21.3865,21.1597,21.3723,10345.2
2025-03-25,21.5919,21.8834,21.5919,21.8834,9843.44
2025-03-26,21.7775,21.8049,21.4996,21.4996,7596.01
2025-03-27,21.5655,21.6254,21.2938,21.3203,50673.5
2025-03-28,21.2239,21.2239,20.0296,20.0496,22042.0
2025-03-31,19.9374,20.4036,19.9324,20.3659,12561.0
2025-04-01,20.0919,20.3213,20.0919,20.3059,35297.0
2025-04-02,20.3113,20.6168,20.2042,20.5368,17666.5
2025-04-03,19.466,19.5608,18.684,18.684,143429.0
2025-04-04,17.8429,17.9525,16.538,16.538,208689.0
2025-04-07,15.6387,17.5636,14.766,16.5428,64209.1
2025-04-08,17.4539,17.6609,16.0276,16.0372,10074.5
2025-04-09,16.6734,18.9375,15.6586,18.9045,4295.31
2025-04-10,18.4289,18.4289,17.2445,17.6177,16126.4
2025-04-11,17.5087,17.9351,17.2893,17.8753,21099.5
2025-04-14,18.5684,18.5684,17.9052,18.1109,15256.2
2025-04-15,18.4239,18.4687,18.0848,18.2149,11638.6
2025-04-16,17.7705,17.8827,17.0025,17.2303,13383.2
2025-04-17,17.5088,17.6409,17.3491,17.4494,7411.52
2025-04-21,16.8355,16.8355,16.3942,16.6435,7267.14
2025-04-22,17.3916,17.5861,17.217,17.4718,9099.97
2025-04-23,18.2293,18.5709,17.9401,18.0833,15432.6
2025-04-24,18.3316,18.8055,18.3316,18.8055,12500.9
2025-04-25,19.0098,19.0248,18.8003,18.981,20425.8
2025-04-28,18.9823,19.1844,18.8876,19.1711,7082.66
2025-04-29,19.2042,19.4287,19.0546,19.4247,11241.6
2025-04-30,19.1394,19.4597,19.0347,19.4597,5017.22
2025-05-01,19.6431,19.9722,19.5758,19.667,31607.2
2025-05-02,19.9399,20.3388,19.9399,20.214,15264.2
2025-05-05,19.9049,20.4111,19.9049,20.3063,26670.2
2025-05-06,19.8924,20.3911,19.8924,20.2864,6300.6
2025-05-07,20.6953,20.7602,19.9349,20.2015,65681.0
2025-05-08,20.3063,20.6106,20.2896,20.2896,12849.8
2025-05-09,20.2215,20.2215,20.087,20.087,4327.4
2025-05-12,20.6804,20.9097,20.6804,20.8643,12549.0
2025-05-13,20.9513,21.4484,20.9513,21.2785,20770.7
2025-05-14,21.3112,21.5444,21.2563,21.5444,5719.07
2025-05-15,21.6004,21.8797,21.583,21.6752,21512.6
2025-05-16,21.7875,21.9595,21.6279,21.9586,7660.18
2025-05-19,21.6429,21.9919,21.6429,21.9919,5967.72
2025-05-20,21.932,22.0243,21.7825,21.8858,42259.3
2025-05-21,21.9046,21.9046,21.5057,21.584,19427.1
2025-05-27,21.9545,22.0118,21.5755,21.9271,18705.2
2025-05-28,21.9919,22.1539,21.8872,21.9151,14169.3
2025-05-30,21.4508,21.7575,21.2463,21.7575,13058.4
2025-06-02,21.5256,21.9117,21.3786,21.9117,17393.8
2025-06-03,21.7152,21.9196,21.7089,21.8296,6569.31
2025-06-04,21.977,22.1589,21.977,22.0854,15368.4
2025-06-05,22.2986,22.4182,22.0443,22.1426,9408.79
2025-06-06,22.6925,22.7129,22.6352,22.7129,4006.55
2025-06-09,22.8879,22.9394,22.5661,22.5661,29866.7
2025-06-10,22.8746,23.1962,22.7848,23.1119,9849.95
2025-06-11,23.0815,23.1887,22.902,22.9833,8674.85
2025-06-12,22.8173,22.9007,22.5753,22.6163,8093.32
2025-06-13,22.3909,22.538,22.1085,22.1085,15905.9
2025-06-16,22.6165,22.9394,22.6165,22.8906,14726.8
2025-06-17,22.548,22.6726,22.4257,22.5209,17871.0
2025-06-18,22.6601,22.8321,22.518,22.518,13928.7
2025-06-20,22.9519,23.0017,22.2088,22.2462,19242.7
2025-06-23,22.5405,22.7992,22.1016,22.7992,20722.6
2025-06-24,23.2087,23.4082,23.094,23.381,13688.0
2025-06-25,23.5357,23.5806,23.331,23.3452,3717.4
2025-06-26,23.5682,23.8944,23.5682,23.8944,17533.5
2025-06-27,24.2547,24.4262,24.0849,24.4262,8071.74
2025-06-30,24.6291,24.8688,24.6216,24.8568,4786.96
2025-07-01,24.6466,24.7839,24.3445,24.4652,123944.0
2025-07-02,24.4044,24.4269,24.2322,24.3306,11709.0
2025-07-03,24.4269,24.6541,24.4269,24.6042,112888.0
2025-07-07,24.3345,24.5792,23.7454,24.0711,13231.2
2025-07-08,24.1323,24.1323,23.8078,23.97,18414.7
2025-07-09,24.0974,24.3895,24.0375,24.1391,7667.15
2025-07-10,23.9676,24.02,23.9301,23.9517,5323.74
2025-07-11,23.4683,23.6805,23.4683,23.6183,5135.47
2025-07-14,24.0999,24.1199,24.0749,24.0849,53093.2
2025-07-15,24.0475,24.0475,23.6732,23.6732,8516.38
2025-07-16,23.7504,23.9626,23.6331,23.7623,86557.9
2025-07-17,23.9102,23.9226,23.8291,23.8814,11504.7
2025-07-18,23.5132,23.6755,23.5132,23.6689,6461.39
2025-07-21,24.1673,24.2837,24.1673,24.2837,5183.54
2025-07-22,24.4434,24.4694,24.3208,24.4194,6621.63
2025-07-23,24.4669,24.6052,24.4669,24.6052,1357.97
2025-07-24,25.071,25.076,24.7989,24.8125,10379.0
2025-07-25,24.3395,24.3395,24.1942,24.2224,12810.6
2025-07-28,24.1573,24.1573,23.9251,24.0158,82744.3
2025-07-29,23.9251,23.9426,23.5816,23.5816,69412.9
2025-07-30,23.8478,23.9376,23.2673,23.6955,79219.2
2025-07-31,24.5992,24.679,24.1698,24.1698,9205.39
2025-08-01,23.7754,23.7754,23.4658,23.5425,16219.5
2025-08-04,24.0375,24.4568,24.0375,24.4568,16327.7
2025-08-05,24.5343,24.5343,24.1024,24.1141,6769.84
2025-08-06,24.1748,24.3595,24.015,24.2545,25368.9
2025-08-07,24.2497,24.2522,23.8278,23.9651,14188.6
2025-08-08,24.1523,24.1698,24.1298,24.1447,3048.43
2025-08-11,24.4893,24.4943,24.2696,24.359,7771.3
2025-08-12,25.0136,25.3519,25.0136,25.3307,20830.3
2025-08-13,25.5403,25.7475,25.5078,25.7159,17906.0
2025-08-14,25.6551,25.9272,25.6551,25.7875,16191.5
2025-08-15,25.7824,26.0221,25.7824,25.8643,12353.9
2025-08-18,25.6976,25.6976,25.4987,25.5759,33232.3
2025-08-19,25.3081,25.3131,25.0535,25.2094,8864.89
2025-08-20,24.7739,25.1608,24.7739,25.0735,5868.53
2025-08-21,24.8763,25.0249,24.8763,25.0249,1966.86
2025-08-22,25.715,25.9073,25.7051,25.7122,3449.01
2025-08-25,25.6376,25.9821,25.4904,25.8903,33208.3
2025-08-26,25.7175,25.7175,25.4579,25.594,10891.8
2025-08-27,25.4729,25.8174,25.4529,25.7063,5087.4
2025-08-28,25.8374,25.8693,25.8374,25.8693,1285.87
2025-08-29,25.6601,25.7099,25.6302,25.7099,6429.35
2025-09-02,24.9162,25.6343,24.2871,25.6343,25689.3
2025-09-03,26.2243,26.5014,26.2018,26.4922,16371.8
2025-09-04,26.7286,26.9882,26.6037,26.9882,12369.9
2025-09-05,27.3152,27.4176,26.9208,27.2341,24343.4
2025-09-08,27.2178,27.4325,27.2154,27.3374,29390.7
2025-09-09,27.3605,27.6772,27.3605,27.6423,27491.9
2025-09-10,27.3502,27.3801,27.098,27.2621,15638.7
2025-09-11,27.1255,28.149,27.118,28.0601,9834.3
2025-09-12,28.1552,28.5859,28.1165,28.5219,29538.9
2025-09-15,28.8455,29.2831,28.8455,29.2831,34890.7
2025-09-16,28.7706,29.0712,28.7706,29.0712,7791.33
2025-09-17,29.1276,29.1993,29.1276,29.1993,8736.7
2025-09-19,29.2424,29.5381,29.2399,29.5381,5572.1
2025-09-22,29.4072,29.6268,29.2249,29.3051,27904.5
2025-09-23,29.4671,29.5445,29.16,29.1998,17829.9
2025-09-24,28.8575,28.8575,28.675,28.7375,20552.0
2025-09-25,28.3875,28.7475,28.38,28.5025,13592.0
2025-09-26,28.7,29.075,28.7,29.0604,17108.0
2025-09-29,29.456,29.4975,29.1975,29.2164,34064.0
2025-09-30,29.075,29.2842,28.89,29.1926,34320.0
2025-10-01,28.4475,28.57,28.2412,28.3432,32920.0
2025-10-02,28.1,28.2525,28.1,28.1754,5008.0
2025-10-03,28.175,28.175,28.07,28.1419,3980.0
2025-10-06,27.8494,28.207,27.8494,28.207,4248.0
2025-10-07,28.2925,28.2925,27.9694,27.9694,6580.0
2025-10-08,27.6925,27.7381,27.6925,27.7381,2020.0
2025-10-09,27.625,27.625,27.3675,27.394,18152.0
2025-10-10,27.745,27.745,26.3799,26.3799,4800.0
2025-10-13,26.945,26.999,26.84,26.8889,20616.0
2025-10-14,26.585,27.2046,26.575,27.2046,5540.0
2025-10-15,27.8425,27.8425,27.4538,27.5308,36608.0
2025-10-16,27.705,27.705,26.965,27.0204,6316.0
2025-10-17,27.245,27.3638,27.1175,27.3638,3336.0
2025-10-20,27.6475,28.0325,27.6475,27.935,13172.0
2025-10-21,28.19,28.2621,27.911,28.2175,51036.0
2025-10-22,28.0275,28.0325,27.51,27.6614,28300.0
2025-10-23,27.6575,27.6925,27.5053,27.5053,8720.0
2025-10-24,27.955,27.955,27.5725,27.5725,18632.0
2025-10-27,28.1825,28.3654,28.1325,28.3654,15540.0
2025-10-28,28.3675,28.4725,28.1235,28.1235,6076.0
2025-10-29,28.05,28.05,27.9225,27.946,4384.0
2025-10-30,27.58,27.6725,27.05,27.05,7840.0
2025-10-31,26.89,27.295,26.885,27.24,59076.0
2025-11-03,27.0716,27.5125,26.3862,26.6167,24964.0
2025-11-04,26.25,26.505,26.2175,26.242,7908.0
2025-11-05,26.565,26.7075,26.5025,26.5874,11940.0
2025-11-06,26.5275,26.5275,26.0576,26.0576,6156.0
2025-11-07,25.785,25.9055,25.6425,25.9055,7636.0
2025-11-10,26.32,26.4724,26.1925,26.4724,14916.0
2025-11-11,26.4718,26.8697,26.4718,26.8697,9904.0
2025-11-12,26.7175,26.7175,26.525,26.5475,3964.0
2025-11-13,25.8758,25.88,25.7475,25.7625,12824.0
2025-11-14,25.4625,25.645,25.4625,25.5066,6604.0
2025-11-17,25.84,26.0525,25.343,25.411,11700.0
2025-11-18,25.374,25.831,25.1388,25.7175,18140.0
2025-11-19,25.87,26.15,25.4804,25.4804,3672.0
2025-11-20,25.99,25.99,24.8375,24.8375,5082.0
2025-11-21,25.419,25.97,25.28,25.7,20341.0
2025-11-24,26.0756,26.95,26.02,26.2658,5729.0
2025-11-25,26.62,26.96,26.62,26.8615,11733.0
2025-11-26,27.03,27.03,25.82,26.9,5075.0
2025-11-28,27.15,27.2733,27.1499,27.2733,1118.0
2025-12-01,27.17,27.32,26.9,27.0182,3656.0
2025-12-02,27.0,27.34,26.96,27.2266,34639.0
2025-12-03,27.08,27.33,27.06,27.1677,13174.0
2025-12-04,27.297,27.489,27.13,27.4478,5382.0
2025-12-05,27.96,28.39,27.96,28.0883,2359.0
2025-12-08,28.27,28.27,27.59,27.6413,2239.0
2025-12-09,27.4401,27.7583,27.4401,27.7373,4148.0
2025-12-10,27.82,28.07,27.47,28.061,1144.0
2025-12-11,28.03,28.045,27.9156,27.9156,1275.0
2025-12-12,27.86,27.86,27.76,27.7641,2476.0
2025-12-15,27.838,28.0,27.7397,27.8406,3415.0
2025-12-16,27.82,28.01,27.6301,27.92,3684.0
2025-12-17,27.82,27.82,27.4243,27.4243,1844.0
2025-12-18,27.96,27.96,27.7437,27.7437,1396.0
2025-12-19,27.88,27.97,27.7228,27.7228,650.0
2025-12-22,28.2,28.259,27.92,28.0029,9424.0
2025-12-23,28.14,28.39,28.14,28.3362,3715.0
2025-12-24,28.247,28.5597,28.247,28.5597,4047.0
2025-12-26,28.48,28.85,28.43,28.5083,3821.0
2025-12-29,28.35,28.53,28.24,28.4539,18181.0
2025-12-30,28.585,28.77,28.585,28.62,42317.0
2025-12-31,28.5401,28.62,28.36,28.4076,1105.0
2026-01-02,28.61,28.92,27.7801,27.9087,41615.0
2026-01-05,28.18,28.5499,28.05,28.3604,18074.0
2026-01-06,28.11,28.1701,28.02,28.158,1966.0
2026-01-07,27.92,28.21,27.92,28.0259,4799.0
2026-01-08,27.87,28.25,27.87,28.2147,1300.0
2026-01-09,28.2442,28.5401,28.2442,28.43,26448.0
2026-01-12,28.215,28.43,28.165,28.2334,11496.0
2026-01-13,28.33,28.33,27.71,27.8918,6466.0
2026-01-14,27.8903,27.8903,27.59,27.7752,1779.0
2026-01-15,27.63,27.735,27.5032,27.5032,3797.0
2026-01-16,27.24,27.24,27.0816,27.0816,2166.0
2026-01-20,26.37,26.7,26.17,26.2645,9778.0
2026-01-21,26.3399,26.87,26.3399,26.7736,4637.0
2026-01-22,27.265,27.59,27.265,27.5539,5425.0
2026-01-23,27.55,27.96,27.54,27.8591,2642.0
2026-01-26,27.98,28.35,27.955,28.243,2629.0
2026-01-27,28.075,28.075,27.75,27.88,3497.0
2026-01-28,27.99,28.04,27.78,27.7815,7448
2026-01-29,28.53,29.2558,28.3601,29.2558,11987
2026-01-30,29.26,29.26,29.05,29.2441,1913
2026-02-02,29.37,29.38,29.062,29.0706,12667
2026-02-03,28.67,28.68,27.9005,28.0997,3960
2026-02-04,28.12,28.12,27.6496,27.6496,1017
2026-02-05,27.27,27.5104,27.13,27.4109,7816
2026-02-06,27.235,27.235,27.01,27.1961,1928
2026-02-09,27.37,27.6631,27.37,27.6631,366
2026-02-10,28.085,28.157,28.085,28.157,385
