date,open,high,low,close,volume
2009-08-21,42.7889,42.7889,42.7592,42.7592,32827.73037516
2009-08-24,42.7532,42.7889,42.7274,42.7889,13035.28156986
2009-08-25,42.7532,42.7889,42.6947,42.7433,68915.037542102
2009-08-26,42.8167,43.2926,42.7344,42.7671,43670.462456983
2009-08-27,42.7671,42.8167,42.7344,42.7592,30872.186006575
2009-08-28,42.7433,42.8266,42.7344,42.7988,34406.083617468
2009-08-31,42.7592,42.8444,42.6769,42.7274,39024.153583301
2009-09-01,42.7532,42.8167,42.7026,42.7988,40450.218429706
2009-09-02,42.8444,42.8543,42.782,42.8355,23086.315699471
2009-09-03,42.7671,42.897,42.7532,42.897,24701.984641438
2009-09-04,42.9485,42.9932,42.8732,42.9208,30723.931740365
2009-09-08,43.0675,43.1022,43.0031,43.0358,53989.766211166
2009-09-09,43.0289,43.1022,43.0031,43.0933,95870.083616969
2009-09-10,43.1379,43.1637,43.0675,43.1379,53393.723549054
2009-09-11,43.1558,43.2758,43.129,43.1816,69487.88395848
2009-09-14,43.1637,43.2153,43.129,43.1478,49694.426620757
2009-09-15,43.1379,43.1816,43.129,43.1726,37476.056313689
2009-09-16,43.2242,43.2242,43.1022,43.1875,99991.955630587
2009-09-17,43.2153,43.2153,43.0507,43.1726,74656.61262738
2009-09-18,43.1816,43.1816,43.0437,43.0765,48838.18259346
2009-09-21,43.0854,43.1022,42.9842,43.0437,45289.156996219
2009-09-22,43.0765,43.129,43.0675,43.1121,75873.911262182
2009-09-23,43.0437,43.1726,43.01,43.1558,55023.511944946
2009-09-24,43.1726,43.1726,43.1022,43.1379,40866.742320487
2009-09-25,43.129,43.1478,43.0437,43.1379,103433.06825855
2009-09-28,43.1379,43.1726,43.0576,43.1726,56133.906142889
2009-09-29,43.0854,43.1478,43.0765,43.1201,67569.655289554
2009-09-30,43.1379,43.2331,43.1022,43.2153,38137.653583308
2009-10-01,43.2678,43.3194,43.1637,43.3194,54650.354948362
2009-10-02,43.2758,43.3025,43.2331,43.2599,10727.759385578
2009-10-05,43.3194,43.3194,43.2242,43.3124,30880.254265961
2009-10-06,43.2242,43.3352,43.2242,43.3194,22238.13993156
2009-10-07,43.3263,43.3957,43.3124,43.3957,23948.610921307
2009-10-08,43.4195,43.4195,43.362,43.4106,82600.822524926
2009-10-09,43.3263,43.3452,43.2758,43.3452,47741.907849442
2009-10-12,43.5028,43.5028,43.3352,43.4037,27792.127986122
2009-10-13,43.4453,43.4701,43.3868,43.4701,50520.414675358
2009-10-14,43.4453,43.4612,43.4037,43.4285,52914.670648034
2009-10-15,43.4453,43.4879,43.3957,43.4701,117154.15187618
2009-10-16,43.4879,43.5197,43.4285,43.5197,35811.977815409
2009-10-19,43.5197,43.6178,43.5117,43.6079,45113.672354582
2009-10-20,43.714,43.714,43.5742,43.6178,42833.380545727
2009-10-21,43.6,43.6,43.5117,43.5464,43858.049487698
2009-10-22,43.5117,43.5117,43.4701,43.4959,33959.30375399
2009-10-23,43.479,43.5117,43.479,43.4959,20936.124573209
2009-10-26,43.4879,43.5564,43.4195,43.4959,35354.104095276
2009-10-27,43.5564,43.6872,43.5464,43.6793,52853.150170219
2009-10-28,43.6872,43.714,43.6079,43.6793,81153.578497634
2009-10-29,43.6515,43.6872,43.5821,43.6872,38069.07337853
2009-10-30,43.6793,43.7229,43.6515,43.6962,52925.76450469
2009-11-02,43.7229,43.7448,43.6,43.7061,149167.99658582
2009-11-03,43.6436,43.7289,43.6436,43.6962,53038.720136088
2009-11-04,43.6872,43.7448,43.6793,43.7368,24989.41638205
2009-11-05,43.7785,43.8112,43.7695,43.8042,45983.027303381
2009-11-06,43.8112,43.8568,43.7448,43.8469,78290.35494817
2009-11-09,43.945,43.9708,43.8746,43.9708,69981.056313425
2009-11-10,43.9966,43.9966,43.9014,43.9629,55134.450511498
2009-11-11,44.0105,44.0789,43.9807,44.0035,40296.921501379
2009-11-12,44.0035,44.0035,43.8667,43.9361,70148.472695676
2009-11-13,43.9093,43.9361,43.8469,43.9093,91069.469282537
2009-11-16,43.945,44.0521,43.8836,44.0432,36314.226962162
2009-11-17,43.9887,44.07,43.9807,44.07,103740.67064762
2009-11-18,44.1404,44.1473,44.1067,44.1225,45057.194538883
2009-11-19,44.1473,44.1652,44.07,44.1473,49653.076791406
2009-11-20,44.2742,44.2742,44.0521,44.1324,87076.689419088
2009-11-23,44.1225,44.1751,44.0789,44.1751,30540.378839342
2009-11-24,44.1919,44.2663,44.1562,44.2167,94654.802047013
2009-11-25,44.2078,44.2742,44.2009,44.2742,38479.546074773
2009-11-27,44.2901,44.2901,44.1751,44.2822,15186.481228546
2009-11-30,44.2663,44.2822,44.1404,44.2663,53714.436859632
2009-12-01,44.2425,44.2822,44.2167,44.2663,36649.059726665
2009-12-02,44.2742,44.3089,44.2326,44.2494,33727.341296654
2009-12-03,44.2078,44.2167,44.184,44.2078,57089.994880082
2009-12-04,44.1166,44.1166,44.0273,44.0432,47374.802047397
2009-12-07,44.0273,44.0977,44.0184,44.0789,16824.337883822
2009-12-08,44.1404,44.1473,44.0789,44.0977,73632.952217832
2009-12-09,44.0521,44.0977,43.9807,44.0035,45839.815699286
2009-12-10,43.9807,44.0035,43.9014,44.0035,35595.143344421
2009-12-11,43.9807,43.9887,43.9361,43.9887,37098.865187412
2009-12-14,44.0184,44.0184,43.945,44.0035,24888.56313973
2009-12-15,44.0184,44.0521,43.9966,44.0521,38496.691125967
2009-12-16,44.07,45.1914,44.0363,44.1067,64079.124572858
2009-12-17,44.0789,44.1919,44.0789,44.184,41104.755972362
2009-12-18,44.1562,44.1919,44.1166,44.1404,64380.675767395
2009-12-21,44.1067,44.1067,44.0273,44.0789,127576.32593753
2009-12-22,44.0035,44.0521,44.0035,44.0432,42348.276450168
2009-12-23,44.0105,44.07,44.0105,44.0432,58030.955630928
2009-12-24,44.0035,44.0105,43.953,43.9966,36614.769624276
2009-12-28,43.9887,44.0035,43.945,43.9807,78172.356654655
2009-12-29,43.953,43.9966,43.838,43.9629,48299.626279471
2009-12-30,43.9708,44.0035,43.945,43.9887,98339.979521386
2009-12-31,43.9093,44.5846,43.8181,43.9708,41076.517064513
2010-01-04,43.9887,44.0035,43.9093,44.0035,67625.12457283
2010-01-05,44.07,44.1067,44.0273,44.0888,72293.621159822
2010-01-06,44.0789,44.1225,44.0363,44.1225,77170.883958418
2010-01-07,44.1067,44.1473,44.0888,44.1324,54120.875426182
2010-01-08,44.2078,44.2078,44.1324,44.1751,74570.887371408
2010-01-11,44.2078,44.2167,44.1652,44.2078,52572.77815657
2010-01-12,44.2078,44.2663,44.2078,44.2494,58232.662115568
2010-01-13,44.2167,44.2167,44.1473,44.1562,62398.909555807
2010-01-14,44.2256,44.2494,44.184,44.2326,122997.5887362
2010-01-15,44.2901,44.3347,44.2663,44.3347,40253.554607182
2010-01-19,44.3347,44.3714,44.2663,44.3625,77296.950511318
2010-01-20,44.3347,44.4051,44.3347,44.3714,109556.87713222
2010-01-21,44.3347,44.414,44.3347,44.3793,64523.88737149
2010-01-22,44.3347,44.3436,44.2663,44.2663,122710.15699559
2010-01-25,44.3169,44.3793,44.2901,44.3436,77813.319111996
2010-01-26,44.3793,44.3883,44.3347,44.3883,92741.616040202
2010-01-27,44.4051,44.414,44.2742,44.2901,110384.88225166
2010-01-28,44.2742,44.3169,44.2574,44.3169,79817.273036894
2010-01-29,44.2574,44.3169,44.2425,44.3169,91952.94368526
2010-02-01,44.299,44.3625,44.2494,44.3526,87129.133105094
2010-02-02,44.3625,44.421,44.3436,44.421,61012.177473907
2010-02-03,44.3714,44.4834,44.3347,44.3883,122445.92150071
2010-02-04,44.414,44.4577,44.3793,44.4577,80957.923207534
2010-02-05,44.4478,44.4834,44.3526,44.4051,85677.85494811
2010-02-08,44.3793,44.3883,44.3347,44.3714,71681.44197894
2010-02-09,44.3625,44.4051,44.3169,44.3625,62704.494880037
2010-02-10,44.3526,44.3714,44.2494,44.2901,110139.80887283
2010-02-11,44.2822,44.3089,44.2574,44.299,79012.464163181
2010-02-12,44.3625,44.3625,44.299,44.3347,118914.04095467
2010-02-16,44.2901,44.3793,44.2574,44.3793,119216.60068163
2010-02-17,44.3625,44.3982,44.3089,44.3347,209352.16894028
2010-02-18,44.3625,44.3714,44.2901,44.3436,167929.72525461
2010-02-19,44.2425,44.2425,44.1919,44.2326,119270.05290006
2010-02-22,44.2256,44.2425,44.1751,44.2078,55630.648463712
2010-02-23,44.2425,44.2742,44.2256,44.2494,56892.322525135
2010-02-24,44.2494,44.2574,44.1751,44.2425,41455.725255636
2010-02-25,44.2425,44.2494,44.2009,44.2326,49477.592149769
2010-02-26,44.2326,44.2494,44.2167,44.2494,49564.325938164
2010-03-01,44.2663,44.2663,44.2167,44.2425,75651.025596655
2010-03-02,44.2574,44.299,44.2425,44.2901,134037.99317297
2010-03-03,44.2494,44.299,44.2494,44.2901,86909.273036837
2010-03-04,44.2494,44.2901,44.2326,44.2663,95885.211603317
2010-03-05,44.2167,44.2901,44.2009,44.2663,70649.713310006
2010-03-08,44.2742,44.3258,44.2326,44.299,3768412.6637919
2010-03-09,44.3526,44.3526,44.2822,44.3258,62742.819112118
2010-03-10,44.299,44.3258,44.2901,44.299,137975.30375315
2010-03-11,44.299,44.3169,44.2742,44.299,121897.27986249
2010-03-12,44.299,44.3526,44.2742,44.2901,183106.12115892
2010-03-15,44.3347,44.3347,44.2822,44.3258,69252.895903874
2010-03-16,44.3436,44.4388,44.3258,44.4309,163461.92661983
2010-03-17,44.3883,44.4478,44.3883,44.4388,65966.088736666
2010-03-18,44.3883,44.3883,44.3169,44.3347,78653.426620522
2010-03-19,44.2822,44.3169,44.1751,44.2009,104325.61945308
2010-03-22,44.1751,44.2494,44.1751,44.2326,66540.95221789
2010-03-23,44.2494,44.2742,44.2078,44.2326,77906.10409493
2010-03-24,44.1652,44.1751,44.0432,44.0789,73925.42662056
2010-03-25,44.0789,44.1067,44.0363,44.0888,153110.34982811
2010-03-26,44.07,44.1324,44.0432,44.1225,71201.380545497
2010-03-29,44.1225,44.1404,44.0789,44.1166,277520.89248921
2010-03-30,44.0521,44.1324,44.0521,44.1225,118778.89760996
2010-03-31,44.0888,44.1652,44.07,44.1652,46236.168941604
2010-04-01,44.1067,44.1652,44.1067,44.1473,67266.08703017
2010-04-05,44.07,44.07,43.9708,44.0363,75449.319112015
2010-04-06,44.0888,44.1166,44.0521,44.1166,92255.50341222
2010-04-07,44.1473,44.2742,44.1225,44.2663,116664.00511851
2010-04-08,44.2742,44.2822,44.2167,44.2326,21624.952218254
2010-04-09,44.1919,44.2326,44.1751,44.2326,72679.889077908
2010-04-12,44.2494,44.2822,44.2256,44.2574,52970.13993131
2010-04-13,44.2822,44.3089,44.2326,44.2742,73110.532422614
2010-04-14,44.2425,44.2822,44.2167,44.2574,40403.825938238
2010-04-15,44.2494,44.3347,44.2494,44.3258,46301.723549112
2010-04-16,44.3526,44.3982,44.3169,44.3714,83171.651876458
2010-04-19,44.3436,44.3436,44.2901,44.3347,63501.235494365
2010-04-20,44.299,44.3436,44.2901,44.3436,58525.136518296
2010-04-21,44.3526,44.3793,44.299,44.3793,363498.28156701
2010-04-22,44.3714,44.3883,44.2326,44.2901,92501.585323481
2010-04-23,44.2574,44.2911,44.2256,44.2822,54857.104095118
2010-04-26,44.2425,44.3436,44.2326,44.3169,102279.3071664
2010-04-27,44.3436,44.421,44.3169,44.414,61755.465869806
2010-04-28,44.3625,44.3883,44.3169,44.3883,46171.622866519
2010-04-29,44.4388,44.4755,44.3883,44.4666,125208.29180786
2010-04-30,44.4904,44.5003,44.4666,44.4904,56685.573378379
2010-05-03,44.4577,44.4577,44.3714,44.421,112054.00341206
2010-05-04,44.5092,44.5172,44.4577,44.5003,92168.769623825
2010-05-05,44.5003,44.5598,44.4577,44.4904,55273.627985899
2010-05-06,44.5439,44.7105,44.3625,44.6867,59013.266211125
2010-05-07,44.4904,44.5439,44.3625,44.4834,78902.534129052
2010-05-10,44.4478,44.5846,44.4309,44.4755,39140.134811969
2010-05-11,44.5439,44.5439,44.4666,44.5261,49630.889078095
2010-05-12,44.5439,44.5767,44.5003,44.5509,70995.639931164
2010-05-13,44.5846,44.5935,44.5003,44.5677,20417.738907684
2010-05-14,44.5846,44.6203,44.5261,44.5846,62186.109214512
2010-05-17,44.5846,44.6114,44.5261,44.5261,46136.324231707
2010-05-18,44.5439,44.6203,44.5172,44.5935,205512.68600516
2010-05-19,44.5598,44.5767,44.4478,44.4666,36504.839590147
2010-05-20,44.3089,44.3883,44.2326,44.3883,78479.959043731
2010-05-21,44.3436,44.3436,44.2167,44.2663,51282.865187297
2010-05-24,44.3089,44.3347,44.2256,44.2742,126814.88395801
2010-05-25,44.2742,44.2901,44.184,44.2078,75632.872013038
2010-05-26,44.1404,44.2078,44.1324,44.2078,23864.902730182
2010-05-27,44.1166,44.1751,44.0789,44.1562,64703.406142819
2010-05-28,44.0363,44.1562,44.0105,44.1473,45108.629692466
2010-06-01,44.1324,44.1324,44.0184,44.1166,62322.261091644
2010-06-02,44.1166,44.1225,44.0432,44.0611,114619.70989668
2010-06-03,44.0273,44.1404,44.0273,44.1166,53903.03242277
2010-06-04,44.2256,44.2326,44.1652,44.2326,20916.962457168
2010-06-07,44.2167,44.2256,44.1562,44.2256,33980.482934878
2010-06-08,44.1751,44.184,44.1067,44.1473,30451.627986101
2010-06-09,44.0888,44.1562,44.0888,44.1562,49519.950511543
2010-06-10,44.1225,44.1324,44.0521,44.0888,49956.645050789
2010-06-11,44.1225,44.1652,44.1067,44.1473,51144.696245318
2010-06-14,44.1067,44.1751,44.0611,44.1751,41171.319112294
2010-06-15,44.184,44.1919,44.1067,44.1473,36709.571672057
2010-06-16,44.1919,44.2167,44.1473,44.2167,45525.153583248
2010-06-17,44.2494,44.299,44.2425,44.2822,43817.70819077
2010-06-18,44.2574,44.2663,44.2167,44.2574,59964.312286202
2010-06-21,44.2167,44.299,44.2078,44.299,23207.339590255
2010-06-22,44.299,44.4051,44.2822,44.3714,754614.21501094
2010-06-23,44.3625,44.3883,44.299,44.3793,36454.412968987
2010-06-24,44.3883,44.3883,44.299,44.3436,53761.837883522
2010-06-25,44.3347,44.3982,44.299,44.3982,93973.03412893
2010-06-28,44.4051,44.4478,44.4051,44.4478,119865.08702974
2010-06-29,44.3883,44.4577,44.3883,44.4478,48451.914675374
2010-06-30,44.3565,44.3645,44.2911,44.3645,29852.55972672
2010-07-01,44.3258,44.3347,44.2167,44.2326,53635.771330622
2010-07-02,44.2167,44.2742,44.1652,44.2009,196287.63993015
2010-07-06,44.2167,44.2256,44.1404,44.2078,53027.626279433
2010-07-07,44.1562,44.2078,44.1225,44.1225,31095.071672102
2010-07-08,44.1225,44.2009,44.0977,44.1473,38875.89931709
2010-07-09,44.1225,44.184,44.1225,44.1404,42899.943685658
2010-07-12,44.2009,44.2078,44.1473,44.2009,34677.378839309
2010-07-13,44.1324,44.184,44.1324,44.1751,19075.382252405
2010-07-14,44.2326,44.2663,44.1919,44.2574,40992.808873387
2010-07-15,44.2822,44.2901,44.2009,44.2425,36381.798634517
2010-07-16,44.2326,44.2574,44.1919,44.2167,43789.469282921
2010-07-19,44.2167,44.2167,44.1225,44.1652,40167.82935121
2010-07-20,44.184,44.2009,44.1324,44.1751,15976.162115911
2010-07-21,44.1751,44.2574,44.1562,44.2256,35967.291808582
2010-07-22,44.1919,44.2663,44.1919,44.2326,58930.566552422
2010-07-23,44.2078,44.2574,44.1652,44.1652,86867.923207486
2010-07-26,44.1562,44.2494,44.1562,44.2425,24375.220136321
2010-07-27,44.2078,44.2574,44.184,44.2574,50642.447098565
2010-07-28,44.2663,44.3347,44.2167,44.3258,62308.141637719
2010-07-29,44.3883,44.4478,44.3526,44.3793,28500.117747209
2010-07-30,44.3883,44.4755,44.3793,44.4666,36101.426620867
2010-08-02,44.4577,44.5439,44.4388,44.4666,71430.317405563
2010-08-03,44.5846,44.6599,44.5439,44.6599,45924.532422835
2010-08-04,44.5677,44.6203,44.5261,44.534,40465.346416054
2010-08-05,44.5935,44.6203,44.5439,44.6203,61278.430033632
2010-08-06,44.6867,44.6867,44.6024,44.654,65123.964163294
2010-08-09,44.5846,44.6302,44.5677,44.5846,56751.127985887
2010-08-10,44.5935,44.7462,44.5439,44.6946,72722.247439682
2010-08-11,44.6946,44.7462,44.6461,44.654,41871.240613994
2010-08-12,44.6203,44.654,44.4666,44.4666,115059.4300332
2010-08-13,44.5003,44.534,44.4755,44.4834,39149.211603778
2010-08-16,44.5509,44.5509,44.4755,44.5003,32236.730375165
2010-08-17,44.4755,44.4755,44.4388,44.4755,52873.320818683
2010-08-18,44.4577,44.4904,44.3883,44.3982,50366.109214608
2010-08-19,44.3714,44.4478,44.3714,44.3793,56963.928327182
2010-08-20,44.3625,44.4051,44.3436,44.3714,23922.389078304
2010-08-23,44.3436,44.3982,44.299,44.3436,35691.962457048
2010-08-24,44.3714,44.4309,44.2742,44.3714,108503.9692824
2010-08-25,44.421,44.421,44.3436,44.3625,36195.220136225
2010-08-26,44.4051,44.4755,44.3714,44.4577,53098.223549057
2010-08-27,44.4388,44.4834,44.3169,44.3436,52789.612627558
2010-08-30,44.3883,44.4478,44.3883,44.4388,59958.261091663
2010-08-31,44.4706,44.4706,44.4259,44.4706,124854.29692731
2010-09-01,44.3625,44.4051,44.3089,44.4051,58813.576791331
2010-09-02,44.3883,44.3883,44.3526,44.3793,53185.965869875
2010-09-03,44.3436,44.3793,44.3089,44.3258,49778.134811882
2010-09-07,44.3714,44.4388,44.3436,44.4388,245061.27644852
2010-09-08,44.414,44.414,44.3526,44.3883,38878.92491436
2010-09-09,44.3526,44.3793,44.3089,44.3625,61510.392490968
2010-09-10,44.3169,44.4051,44.3169,44.3793,95909.416381474
2010-09-13,44.4051,44.5092,44.3883,44.5003,42064.878839249
2010-09-14,44.5261,44.5439,44.4904,44.5172,45467.667235126
2010-09-15,44.5172,44.5509,44.4834,44.5172,40798.16211571
2010-09-16,44.4904,44.5261,44.4666,44.5003,43322.518770979
2010-09-17,44.5003,44.5092,44.4388,44.4478,63859.264504601
2010-09-20,44.4755,44.5092,44.4478,44.4755,26944.960750634
2010-09-21,44.5003,44.7105,44.5003,44.7105,52160.288395481
2010-09-22,44.7551,44.8087,44.6778,44.6778,41844.010238568
2010-09-23,44.6946,44.7383,44.6461,44.6689,47953.699658314
2010-09-24,44.6599,44.6867,44.6203,44.654,59258.339589962
2010-09-27,44.6689,44.6946,44.6461,44.6946,65100.76791756
2010-09-28,44.7194,44.8087,44.7026,44.7809,99060.07167155
2010-09-29,44.7383,44.7809,44.7105,44.7462,101051.92320737
2010-09-30,44.7581,44.7928,44.655,44.7849,83023.397610247
2010-10-01,44.7809,44.8424,44.773,44.7997,79388.646757034
2010-10-04,44.8573,44.885,44.8424,44.8751,15258.087030593
2010-10-05,44.9019,45.004,44.9019,44.9961,52949.969282846
2010-10-06,45.1914,45.2797,45.1071,45.1071,75121.546074475
2010-10-07,45.1755,45.1755,45.0724,45.125,74885.549487446
2010-10-08,45.1755,45.2628,45.1755,45.2529,102111.89078415
2010-10-11,45.2717,45.2955,45.2271,45.2797,117196.51023796
2010-10-12,45.2717,45.2797,45.2182,45.244,56598.839589984
2010-10-13,45.2955,45.4076,45.2717,45.4076,81551.948804798
2010-10-14,45.3808,45.5186,45.3808,45.468,116436.07679086
2010-10-15,45.476,45.476,45.3302,45.357,76544.58532361
2010-10-18,45.357,45.4076,45.3391,45.357,27041.779863262
2010-10-19,45.2876,45.3729,45.2797,45.3481,76249.085323613
2010-10-20,45.3391,45.357,45.3035,45.3391,39790.638224933
2010-10-21,45.3391,45.3659,45.3035,45.3481,31390.5716721
2010-10-22,45.3481,45.3808,45.3213,45.3729,53848.571671918
2010-10-25,45.4244,45.4413,45.3986,45.4324,76132.095562522
2010-10-26,45.3659,45.3808,45.3124,45.3391,356216.67747151
2010-10-27,45.234,45.2717,45.1835,45.2013,50622.276450101
2010-10-28,45.234,45.2876,45.2013,45.2628,60469.587030226
2010-10-29,45.239,45.2489,45.1954,45.2231,37360.075085021
2010-11-01,45.2717,45.2717,45.2013,45.2628,51098.303753851
2010-11-02,45.244,45.2876,45.2182,45.244,43860.066552545
2010-11-03,45.2876,45.357,45.2271,45.3213,180750.18941833
2010-11-04,45.476,45.5028,45.3808,45.3897,161596.14163691
2010-11-05,45.4324,45.4413,45.3729,45.4076,53770.914675331
2010-11-08,45.4244,45.4324,45.3808,45.3808,41964.025596929
2010-11-09,45.4175,45.4175,45.2628,45.2797,79722.470989114
2010-11-10,45.2628,45.3302,45.1418,45.3302,77287.873719509
2010-11-11,45.357,45.357,45.2628,45.357,570558.05630936
2010-11-12,45.2271,45.2876,45.0813,45.0813,54166.259385226
2010-11-15,44.9961,45.0813,44.9197,44.9286,116165.79010145
2010-11-16,44.9376,44.9872,44.7997,44.8939,75250.638224645
2010-11-17,44.8662,44.9465,44.8573,44.9118,539591.068255
2010-11-18,44.9197,44.9376,44.8493,44.9376,175186.11603953
2010-11-19,44.9019,44.9465,44.8751,44.885,67218.68600628
2010-11-22,44.9465,45.0298,44.9465,45.0298,33981.491467301
2010-11-23,45.0913,45.0913,45.0129,45.0298,53017.540955201
2010-11-24,44.9872,44.9961,44.8751,44.9197,95541.302047006
2010-11-26,44.9019,44.9624,44.885,44.9624,40161.77815667
2010-11-29,44.9703,45.0129,44.9286,45.004,313726.19794967
2010-11-30,45.005,45.0129,44.9108,44.9108,56279.13481183
2010-12-01,44.8662,44.8939,44.7898,44.7997,30156.127986103
2010-12-02,44.7898,44.885,44.7898,44.8325,54503.109214574
2010-12-03,44.8573,44.9118,44.8573,44.885,22362.189419614
2010-12-06,44.9554,44.9961,44.9376,44.9961,197831.70307007
2010-12-07,44.9624,44.9872,44.8265,44.8662,61568.887371514
2010-12-08,44.7284,44.7641,44.6381,44.6946,646821.2610869
2010-12-09,44.7383,44.7383,44.6381,44.6599,53942.365187275
2010-12-10,44.6689,44.6689,44.5509,44.5509,85521.532422514
2010-12-13,44.6203,44.7026,44.5767,44.6867,625364.73378332
2010-12-14,44.6946,44.6946,44.5846,44.6461,162750.91126148
2010-12-15,44.7105,44.7641,44.6778,44.7194,262349.53924702
2010-12-16,44.7274,44.8245,44.6371,44.8166,44080.935153226
2010-12-17,44.8325,44.9286,44.8265,44.9118,26009.042661905
2010-12-20,44.9554,44.9772,44.8573,44.9286,350379.29180603
2010-12-21,44.9772,44.9872,44.9019,44.9624,44646.721842641
2010-12-22,44.9286,44.9961,44.9118,44.9961,103824.37883875
2010-12-23,44.9554,44.9624,44.9019,44.9465,50201.718429626
2010-12-27,44.8662,44.9624,44.8493,44.9554,40429.039248818
2010-12-28,44.9019,44.9554,44.8176,44.8573,50285.426620752
2010-12-29,44.7918,44.9743,44.7918,44.9604,44152.540955273
2010-12-30,44.9058,44.9336,44.8701,44.9237,59167.571671874
2010-12-31,44.9049,45.0278,44.9049,45.009,63639.404436343
2011-01-03,44.9376,45.0377,44.9376,45.004,181154.61092003
2011-01-04,45.0724,45.0992,45.0219,45.0546,37097.856654989
2011-01-05,45.0377,45.0625,44.9961,45.0377,45809.55972659
2011-01-06,45.1071,45.1488,45.0813,45.1071,1035408.8037459
2011-01-07,45.1587,45.2628,45.1587,45.2271,254039.23207985
2011-01-10,45.2628,45.3035,45.244,45.3035,80396.170647811
2011-01-11,45.3302,45.3808,45.2955,45.3391,339886.52047506
2011-01-12,45.3213,45.3897,45.2797,45.357,75877.945391875
2011-01-13,45.3481,45.3986,45.3213,45.3986,90619.66382179
2011-01-14,45.4076,45.4076,45.3302,45.3481,29751.7064844
2011-01-18,45.3481,45.3897,45.2876,45.3808,104962.00341212
2011-01-19,45.3729,45.4076,45.357,45.3729,64279.822525075
2011-01-20,45.3035,45.3124,45.1587,45.1755,155012.44197826
2011-01-21,45.1755,45.244,45.1755,45.244,54139.029009799
2011-01-24,45.234,45.2797,45.2102,45.2182,498687.01023486
2011-01-25,45.244,45.3035,45.2271,45.2797,180019.00341151
2011-01-26,45.2876,45.3035,45.2182,45.2797,210234.63481058
2011-01-27,45.3035,45.3035,45.234,45.2797,155002.35665403
2011-01-28,45.2628,45.3897,45.2102,45.3808,70940.170647888
2011-01-31,45.3897,45.4333,45.3649,45.4254,333002.27815429
2011-02-01,45.3302,45.4244,45.3302,45.3897,260727.81911051
2011-02-02,45.4244,45.4244,45.2797,45.3302,130612.00853136
2011-02-03,45.234,45.2797,45.2013,45.2271,354541.50511657
2011-02-04,45.1835,45.2013,45.0913,45.1418,135369.2559716
2011-02-07,45.0992,45.1329,45.0546,45.1329,342273.71672077
2011-02-08,45.0813,45.125,44.9624,44.9772,98212.904436062
2011-02-09,45.004,45.0724,44.9772,45.0457,81800.047780906
2011-02-10,45.0129,45.0219,44.9118,44.9286,88833.552900302
2011-02-11,44.9772,44.9961,44.9197,44.9465,70298.744026733
2011-02-14,44.9465,44.9872,44.9465,44.9624,68604.409555757
2011-02-15,44.9624,45.0546,44.9624,45.0546,73962.742320218
2011-02-16,45.0129,45.0724,44.9624,45.0377,174796.82252418
2011-02-18,45.1329,45.3035,45.1329,45.3035,86192.206483942
2011-02-22,45.468,45.5622,45.468,45.5533,100875.43003331
2011-02-23,45.5454,45.6713,45.5355,45.6445,96387.46075007
2011-02-24,45.6812,45.7288,45.6624,45.6713,115745.23208097
2011-02-25,45.6376,45.6713,45.6287,45.6713,62789.211603586
2011-02-28,45.6882,45.6961,45.6445,45.6445,95671.402729598
2011-03-01,45.6188,45.7556,45.6019,45.7556,136699.5102378
2011-03-02,45.7288,45.8032,45.7288,45.7655,139055.44197839
2011-03-03,45.6614,45.6951,45.6435,45.6515,192323.09897455
2011-03-04,45.7288,45.8032,45.7209,45.7992,173314.27986207
2011-03-07,45.7913,45.8766,45.7665,45.8409,254546.52388872
2011-03-08,45.8666,45.9004,45.831,45.8855,246144.44027104
2011-03-09,45.9242,45.943,45.8587,45.9162,238896.1177455
2011-03-10,45.9529,46.0322,45.9004,46.0233,216366.51194364
2011-03-11,45.9777,45.9946,45.9242,45.9777,98565.890784182
2011-03-14,46.0233,46.0907,46.0233,46.0322,84544.264504433
2011-03-15,46.0808,46.0808,45.9946,46.0233,97671.322524804
2011-03-16,46.0907,46.1849,46.0709,46.1592,856727.11432751
2011-03-17,46.1919,46.2563,46.1582,46.2375,105329.10921416
2011-03-18,46.1929,46.2563,46.1681,46.2196,65362.986347592
2011-03-21,46.1671,46.2107,46.1324,46.176,1287573.174051
2011-03-22,46.0709,46.1324,46.063,46.1235,109592.17576703
2011-03-23,46.1413,46.1592,46.0808,46.0907,119812.64334374
2011-03-24,46.055,46.1235,46.055,46.0808,832842.04094887
2011-03-25,46.0719,46.0907,45.9093,45.9341,106610.95392405
2011-03-28,45.9341,45.9688,45.9004,45.9608,401823.52218104
2011-03-29,45.9608,45.9777,45.9004,45.9162,469660.43856274
2011-03-30,45.9242,45.9946,45.9242,45.9688,155608.48464037
2011-03-31,46.0402,46.0402,45.9688,45.9688,79300.904436216
2011-04-01,45.8666,46.0392,45.8666,46.0233,88410.977814982
2011-04-04,46.0907,46.1681,46.0719,46.1413,161495.28839459
2011-04-05,46.1512,46.1701,46.064,46.1086,720138.54265627
2011-04-06,46.064,46.0818,46.0233,46.0392,801797.39589792
2011-04-07,46.0491,46.1254,46.0402,46.0917,744612.59897006
2011-04-08,46.0987,46.1681,46.064,46.1502,122753.52388979
2011-04-11,46.1859,46.1929,46.1334,46.1601,187268.33446947
2011-04-12,46.1869,46.2305,46.1512,46.2305,250841.17576588
2011-04-13,46.1929,46.2652,46.1681,46.2286,241257.09214821
2011-04-14,46.2563,46.2652,46.1601,46.2028,98181.639930943
2011-04-15,46.2385,46.293,46.2305,46.2851,124452.90102288
2011-04-18,46.3386,46.3842,46.2831,46.3753,105949.35665443
2011-04-19,46.3753,46.4556,46.3386,46.4556,154465.81740489
2011-04-20,46.4388,46.4388,46.3932,46.4209,159606.30716594
2011-04-21,46.3773,46.3842,46.3406,46.3773,91451.70307093
2011-04-25,46.3842,46.4725,46.3842,46.4457,120616.44368503
2011-04-26,46.4388,46.528,46.4388,46.5012,125084.2423198
2011-04-27,46.528,46.5925,46.5012,46.5756,92331.14334396
2011-04-28,46.6331,46.7223,46.6272,46.6976,136887.09726851
2011-04-29,46.6936,46.7293,46.646,46.7104,140731.62286575
2011-05-02,46.7035,46.7858,46.6976,46.7481,139461.88054494
2011-05-03,46.7699,46.7699,46.7243,46.7501,121135.83788298
2011-05-04,46.758,46.7858,46.7035,46.7481,146510.51365069
2011-05-05,46.6708,46.7065,46.6034,46.6341,224418.63481046
2011-05-06,46.528,46.65,46.5012,46.5845,180197.51365041
2011-05-09,46.641,46.6787,46.6182,46.65,148035.41467457
2011-05-10,46.6876,46.6876,46.6182,46.6331,139736.20136405
2011-05-11,46.6519,46.6519,46.5548,46.5548,124149.3327635
2011-05-12,46.5607,46.5607,46.4576,46.5012,150161.40102267
2011-05-13,46.4487,46.4755,46.4011,46.4755,115823.89760998
2011-05-16,46.5439,46.5439,46.3773,46.4933,78658.469282638
2011-05-17,46.4288,46.4834,46.4011,46.4755,112552.21842912
2011-05-18,46.5111,46.5359,46.4755,46.5111,389293.5153552
2011-05-19,46.4209,46.5111,46.4209,46.4388,554926.81228218
2011-05-20,46.4665,46.4755,46.4288,46.4665,84566.452217743
2011-05-23,46.5111,46.528,46.4209,46.4755,295759.19283036
2011-05-24,46.4933,46.5607,46.4834,46.5607,102287.37542579
2011-05-25,46.528,46.5756,46.5111,46.5677,174370.21330916
2011-05-26,46.6103,46.6599,46.5677,46.65,59319.860067778
2011-05-27,46.5944,46.7065,46.5944,46.7065,93771.32764429
2011-05-31,46.6847,46.7293,46.6371,46.6847,392605.53583299
2011-06-01,46.6896,46.7699,46.6896,46.76,119483.86177377
2011-06-02,46.7333,46.7501,46.6985,46.7243,66670.044368059
2011-06-03,46.7501,46.7789,46.7243,46.7789,59377.3464159
2011-06-06,46.6619,46.8165,46.6619,46.7977,687305.76961899
2011-06-07,46.8215,46.8671,46.7471,46.8671,230834.91808686
2011-06-08,46.881,46.9306,46.8483,46.8899,105993.73208105
2011-06-09,46.8384,46.881,46.7947,46.8384,398091.9522152
2011-06-10,46.8512,46.8512,46.7501,46.7789,144407.72354832
2011-06-13,46.7888,46.8344,46.7501,46.8255,183026.44709749
2011-06-14,46.8076,46.8076,46.7412,46.7888,76122.01023829
2011-06-15,46.8929,46.9603,46.8612,46.9088,159266.43173932
2011-06-16,46.9018,46.9107,46.8522,46.8711,226585.97098792
2011-06-17,46.8483,46.8483,46.7848,46.8314,494886.86006424
2011-06-20,46.8512,46.8512,46.7501,46.8076,90719.508531686
2011-06-21,46.7412,46.8076,46.7412,46.7977,136394.93344599
2011-06-22,46.8344,46.8344,46.7243,46.7333,163372.16723417
2011-06-23,46.8046,46.8046,46.6956,46.7372,102492.1075077
2011-06-24,46.7124,46.7848,46.7124,46.7848,181173.77303607
2011-06-27,46.767,46.8046,46.6767,46.7124,490349.47269226
2011-06-28,46.7303,46.7303,46.6311,46.6668,77813.319111996
2011-06-29,46.7154,46.76,46.6708,46.7501,62945.534129182
2011-06-30,46.8314,46.8314,46.6757,46.7104,84704.621159722
2011-07-01,46.7699,46.7699,46.6797,46.7412,467972.1552863
2011-07-05,46.7699,46.885,46.7699,46.885,87454.889077788
2011-07-06,46.9345,46.9534,46.9018,46.9286,51046.868600268
2011-07-07,46.8939,46.9207,46.8423,46.8939,569774.42661653
2011-07-08,46.9712,47.0426,46.9712,47.0139,86651.088736498
2011-07-11,47.0724,47.1418,47.0377,47.1338,91459.771330315
2011-07-12,47.112,47.1636,47.0952,47.1457,93552.476108455
2011-07-13,47.1596,47.2132,47.1338,47.2042,103801.18259301
2011-07-14,47.1507,47.1765,47.0813,47.1239,103937.33447015
2011-07-15,47.0763,47.1824,47.0704,47.1824,85489.259384971
2011-07-18,47.2132,47.2221,47.1765,47.2221,108448.49999912
2011-07-19,47.236,47.2608,47.2092,47.2608,43728.957337529
2011-07-20,47.23,47.23,47.1864,47.1864,98385.36348043
2011-07-21,47.1864,47.2042,47.1071,47.1765,140666.06825824
2011-07-22,47.1725,47.2181,47.1547,47.1993,68957.395903877
2011-07-25,47.1864,47.2736,47.1765,47.2568,202201.67405979
2011-07-26,47.2449,47.2984,47.227,47.2449,69189.358361213
2011-07-27,47.2647,47.2826,47.2132,47.23,125425.12627884
2011-07-28,47.2984,47.3163,47.2449,47.3083,260877.08190914
2011-07-29,47.3549,47.4164,47.3044,47.3629,98589.087029916
2011-08-01,47.4015,47.5443,47.4015,47.5017,118358.33958948
2011-08-02,47.5443,47.5681,47.4729,47.5443,148912.83788275
2011-08-03,47.5017,47.5205,47.2697,47.2984,133301.76450404
2011-08-04,47.2796,47.2796,47.0862,47.2697,111259.27986258
2011-08-05,47.1031,47.1913,46.9782,47.0238,69898.356654722
2011-08-08,47.0505,47.1547,47.0139,47.0505,254978.17576585
2011-08-09,47.112,47.4105,47.0505,47.2984,200590.03924752
2011-08-10,47.5106,47.6841,47.4283,47.5592,88088.247439558
2011-08-11,47.4283,47.584,47.2608,47.2697,55067.887371566
2011-08-12,47.3659,47.3916,47.2885,47.3331,311222.01194286
2011-08-15,47.2449,47.3163,47.1824,47.2092,63428.621159894
2011-08-16,47.1824,47.227,47.1299,47.1913,221385.9778139
2011-08-17,47.1378,47.1993,47.0862,47.12,107411.72866807
2011-08-18,47.2092,47.2885,46.9445,46.996,132828.76279756
2011-08-19,47.0337,47.0952,46.996,47.0862,193552.49999843
2011-08-22,47.0704,47.0952,47.0059,47.0426,132590.74914568
2011-08-23,47.0763,47.1993,46.8711,46.9107,313399.43344455
2011-08-24,46.8522,46.8522,46.7412,46.7699,57220.095562675
2011-08-25,46.8939,46.9207,46.8354,46.8622,113160.36348031
2011-08-26,46.9534,47.0139,46.8711,46.8939,69680.513651311
2011-08-29,46.8522,46.9345,46.8354,46.879,46636.556313614
2011-08-30,46.885,47.0337,46.885,46.9445,188713.56143191
2011-08-31,46.9841,47.0307,46.9078,47.002,61510.392490968
2011-09-01,47.0059,47.1725,46.9782,47.1725,59229.09214969
2011-09-02,47.1794,47.1894,47.109,47.1348,137749.39249035
2011-09-06,47.0952,47.1299,46.996,46.996,115043.29351442
2011-09-07,47.0238,47.0704,46.9613,46.996,114238.48464071
2011-09-08,47.0862,47.1993,47.0426,47.1993,311126.20136266
2011-09-09,47.1993,47.1993,47.1299,47.1993,189956.0733773
2011-09-12,47.1457,47.1457,47.0426,47.0426,31153.566552648
2011-09-13,47.0704,47.0704,46.9712,46.9712,49309.167235094
2011-09-14,47.0139,47.0505,46.9107,46.9782,40861.699658371
2011-09-15,47.0337,47.1031,47.0059,47.0763,55021.494880099
2011-09-16,47.112,47.1378,47.0426,47.1299,90445.187712576
2011-09-19,47.1636,47.1636,47.0704,47.112,62060.042661612
2011-09-20,47.12,47.1824,47.0862,47.1824,45949.745733415
2011-09-21,47.227,47.2697,47.0952,47.1299,39485.052900703
2011-09-22,47.0763,47.0952,46.8711,46.9345,233056.71501517
2011-09-23,46.8423,46.8423,46.6708,46.7412,383694.14334159
2011-09-26,46.7412,46.7987,46.7154,46.7154,129986.71842898
2011-09-27,46.76,46.8165,46.7154,46.7789,100075.66382171
2011-09-28,46.7888,46.8423,46.7412,46.8165,47297.14505081
2011-09-29,46.8086,46.8086,46.7333,46.7412,29434.018771092
2011-09-30,46.7739,46.7739,46.6291,46.6291,67166.242320274
2011-10-03,46.651,46.7243,46.6331,46.7154,612830.69282779
2011-10-04,46.7461,46.7461,46.6232,46.6658,257698.18771122
2011-10-05,46.646,46.6847,46.5786,46.646,57313.889078033
2011-10-06,46.7015,46.7362,46.646,46.6757,2533790.4675562
2011-10-07,46.7055,46.7699,46.6609,46.7333,592423.03924434
2011-10-10,46.6331,46.7243,46.4992,46.6103,62071.136518267
2011-10-11,46.651,46.6976,46.6331,46.6331,52094.733787973
2011-10-12,46.6609,46.7055,46.6103,46.6609,73828.607507933
2011-10-13,46.7412,46.7501,46.641,46.641,77848.617746808
2011-10-14,46.6847,46.7461,46.6371,46.6847,80352.803753614
2011-10-17,46.7501,46.8522,46.7501,46.8522,60010.70477767
2011-10-18,46.8423,46.9782,46.8423,46.9445,50137.172354542
2011-10-19,46.9534,46.9782,46.8711,46.9345,2830230.4197722
2011-10-20,46.9782,46.9871,46.9018,46.9018,282068.36518542
2011-10-21,46.9673,47.0099,46.9306,47.001,185504.41126129
2011-10-24,47.0139,47.0139,46.9345,46.9345,374110.05972392
2011-10-25,46.993,47.1269,46.9851,47.0932,72264.37371955
2011-10-26,47.0952,47.1378,47.0426,47.112,712526.13992595
2011-10-27,47.1636,47.1824,47.0862,47.1299,231125.37542474
2011-10-28,47.4789,47.4789,47.1606,47.2241,65472.916381721
2011-10-31,47.3143,47.3649,47.3054,47.3649,62127.614333966
2011-11-01,47.4263,47.4363,47.3401,47.4263,84585.614333784
2011-11-02,47.4422,47.5314,47.3976,47.5314,184672.37201215
2011-11-03,47.5275,47.5275,47.4442,47.462,67180.361774198
2011-11-04,47.5186,47.5433,47.462,47.4809,189551.65187559
2011-11-07,47.5503,47.6167,47.5166,47.5731,85758.537541966
2011-11-08,47.582,47.582,47.4789,47.5255,145217.57508414
2011-11-09,47.5334,47.5334,47.4263,47.462,82250.861774076
2011-11-10,47.471,47.5433,47.4174,47.4809,69049.172354388
2011-11-11,47.5067,47.5314,47.4164,47.5166,65888.431740079
2011-11-14,47.5067,47.5255,47.4343,47.4789,81749.621159746
2011-11-15,47.4601,47.4601,47.3133,47.3629,262842.71160196
2011-11-16,47.2945,47.2945,47.2151,47.2409,105190.94027218
2011-11-17,47.1517,47.1685,47.0734,47.1348,413281.45904101
2011-11-18,47.1437,47.1537,47.0575,47.119,344242.37201086
2011-11-21,47.1775,47.1775,47.0654,47.0823,74954.129692224
2011-11-22,47.0823,47.1348,47.0386,47.0991,613459.00852744
2011-11-23,47.117,47.1685,47.0654,47.1428,67843.976108664
2011-11-25,47.1527,47.1527,47.0932,47.1437,21342.563139758
2011-11-28,47.1606,47.2151,47.0922,47.1874,93907.479521422
2011-11-29,47.1874,47.2409,47.1348,47.2052,132967.94027196
2011-11-30,47.2231,47.2935,47.2141,47.2578,82264.981228001
2011-12-01,47.2498,47.3401,47.226,47.2964,192548.00170492
2011-12-02,47.2776,47.3649,47.2598,47.3649,550432.7918044
2011-12-05,47.2964,47.3559,47.2677,47.3401,87157.372012944
2011-12-06,47.2855,47.348,47.2598,47.3054,47157.967576409
2011-12-07,47.3143,47.3222,47.2598,47.3054,93431.452217671
2011-12-08,47.3312,47.3401,47.2151,47.2955,121738.94027205
2011-12-09,47.2855,47.2855,47.1983,47.233,78438.60921438
2011-12-12,47.2598,47.2677,47.1794,47.2419,213800.80545901
2011-12-13,47.2419,47.2855,47.2062,47.2062,75820.459043753
2011-12-14,47.1983,47.1983,47.1001,47.1437,112784.18088646
2011-12-15,47.1348,47.1695,47.0833,47.1259,238274.86177281
2011-12-16,47.1259,47.1437,47.0743,47.1437,70957.315699082
2011-12-19,47.118,47.1616,47.0833,47.1527,76273.29010177
2011-12-20,47.0833,47.2251,47.0833,47.2151,65896.499999465
2011-12-21,47.1794,47.2419,47.118,47.1616,102933.84470906
2011-12-22,47.1695,47.1894,47.0743,47.1001,73493.77474343
2011-12-23,47.0386,47.4174,47.0109,47.0565,152219.81569842
2011-12-27,47.118,47.118,46.992,47.0307,114311.09897518
2011-12-28,47.0386,47.0743,47.002,47.0466,51602.569965451
2011-12-29,46.992,47.0664,46.992,47.0664,63555.696245218
2011-12-30,47.0952,47.1031,47.0327,47.0862,45487.83788359
2012-01-03,47.0743,47.1001,47.0386,47.0833,270879.70648244
2012-01-04,47.0833,47.1794,47.0833,47.1794,166019.56484507
2012-01-05,47.1894,47.2498,47.1794,47.2419,110738.87713221
2012-01-06,47.2419,47.3143,47.2419,47.2677,144168.70136402
2012-01-09,47.3054,47.3222,47.2598,47.2598,73289.042661521
2012-01-10,47.2776,47.3222,47.2151,47.2151,200038.37201203
2012-01-11,47.2498,47.2776,47.2151,47.2776,48081.78327606
2012-01-12,47.2677,47.2855,47.2151,47.2677,81047.682593198
2012-01-13,47.2855,47.3143,47.2498,47.2598,314093.30375172
2012-01-17,47.3222,47.3312,47.2677,47.3222,247030.94027103
2012-01-18,47.3222,47.3649,47.2598,47.3143,313884.53754011
2012-01-19,47.3054,47.3401,47.2419,47.3143,154676.60068134
2012-01-20,47.3054,47.3143,47.2419,47.2776,52077.588736778
2012-01-23,47.2151,47.2598,47.2151,47.2598,46675.889078119
2012-01-24,47.2677,47.3401,47.233,47.3312,96223.069965089
2012-01-25,47.3054,47.5086,47.2677,47.4363,362043.97781276
2012-01-26,47.6365,47.6831,47.5661,47.6008,89632.310579477
2012-01-27,47.6286,47.6643,47.5929,47.6098,147192.28156877
2012-01-30,47.6187,47.6732,47.583,47.583,191904.55801892
2012-01-31,47.6286,47.6901,47.5999,47.6901,192116.34982779
2012-02-01,47.6732,47.7169,47.6286,47.7169,51881.933446678
2012-02-02,47.6911,47.7258,47.6643,47.7169,97492.812285898
2012-02-03,47.6286,47.6732,47.5751,47.583,76635.353241698
2012-02-06,47.6098,47.6544,47.5751,47.6187,924177.76279113
2012-02-07,47.6008,47.6732,47.5929,47.6286,54965.0170644
2012-02-08,47.5929,47.6455,47.5929,47.6286,101532.99317324
2012-02-09,47.6286,47.6365,47.5661,47.6098,116912.10409461
2012-02-10,47.5572,47.6365,47.5523,47.6187,63046.387371502
2012-02-13,47.6187,47.6643,47.583,47.6455,123017.75938467
2012-02-14,47.6455,47.6732,47.6286,47.6544,46869.527303374
2012-02-15,47.6455,47.699,47.6187,47.6831,61649.56996537
2012-02-16,47.6732,47.6831,47.5572,47.6455,117391.15699563
2012-02-17,47.6643,47.6643,47.5751,47.6544,71394.010238328
2012-02-21,47.6544,47.6911,47.6187,47.6831,97576.520477023
2012-02-22,47.7258,47.7813,47.699,47.7813,124037.38566452
2012-02-23,47.7992,47.8755,47.7813,47.8586,68203.013651323
2012-02-24,47.8487,47.8676,47.7902,47.8487,91535.411262055
2012-02-27,47.8924,47.9003,47.8586,47.8924,265599.03071457
2012-02-28,47.9003,47.9201,47.8586,47.8586,245824.73549288
2012-02-29,47.8497,47.8497,47.7456,47.819,108860.98976021
2012-03-01,47.7635,47.7813,47.699,47.7813,79789.034129045
2012-03-02,47.7258,47.7902,47.7258,47.7902,64502.708190602
2012-03-05,47.7902,47.818,47.7347,47.7714,112128.63481138
2012-03-06,47.7714,47.8081,47.7347,47.7446,114037.78668849
2012-03-07,47.7902,47.8259,47.7714,47.8259,39530.436859747
2012-03-08,47.8408,47.8487,47.7902,47.8329,216851.61603919
2012-03-09,47.8329,47.8755,47.7902,47.8755,155927.18088611
2012-03-12,47.8834,47.9102,47.8676,47.8924,55516.68429989
2012-03-13,47.8924,47.929,47.8487,47.8834,241954.99658507
2012-03-14,47.818,47.8487,47.7446,47.7635,169261.99658566
2012-03-15,47.7169,47.7992,47.7169,47.7813,61393.402729877
2012-03-16,47.6643,47.7258,47.6544,47.7258,176692.86347979
2012-03-19,47.699,47.7069,47.6365,47.6831,71580.58873662
2012-03-20,47.6831,47.6831,47.5929,47.6187,55390.61774699
2012-03-21,47.6365,47.6643,47.6098,47.6098,158172.17406015
2012-03-22,47.6455,47.6455,47.583,47.6008,77199.122866267
2012-03-23,47.6187,47.6643,47.6008,47.6455,40184.974402404
2012-03-26,47.6643,47.6831,47.6286,47.6643,111243.14334381
2012-03-27,47.6911,47.7714,47.6831,47.7635,194302.84812129
2012-03-28,47.7069,47.7635,47.7069,47.7169,102079.61774661
2012-03-29,47.7714,47.7714,47.7169,47.7446,53841.511944955
2012-03-30,47.7169,47.7347,47.6722,47.7069,93477.844709138
2012-04-02,47.7347,47.7902,47.7258,47.7813,58534.213310105
2012-04-03,47.7992,47.8259,47.6286,47.6365,519635.23719714
2012-04-04,47.7069,47.7258,47.6098,47.6286,359037.5426592
2012-04-05,47.6098,47.6643,47.6098,47.6455,103554.09214933
2012-04-09,47.7169,47.7169,47.6286,47.6365,319758.23037283
2012-04-10,47.6911,47.7258,47.6455,47.7069,65552.590443154
2012-04-11,47.6911,47.7446,47.6544,47.7258,178478.97440128
2012-04-12,47.7635,47.7635,47.7258,47.7347,42269.610921158
2012-04-13,47.7545,47.8081,47.7258,47.7446,237829.09044175
2012-04-16,47.7635,47.7902,47.7347,47.7714,55691.160409104
2012-04-17,47.7823,47.819,47.7456,47.8001,48281.472695854
2012-04-18,47.7446,47.7714,47.7069,47.7635,165157.26962323
2012-04-19,47.6911,47.7545,47.6831,47.6911,1067281.4539162
2012-04-20,47.6643,47.699,47.6455,47.699,42932.216723201
2012-04-23,47.7169,47.7545,47.699,47.7446,35061.629692548
2012-04-24,47.7714,47.7813,47.7347,47.7545,59771.682593371
2012-04-25,47.7258,47.7714,47.699,47.7545,106658.35494794
2012-04-26,47.7545,47.8259,47.7545,47.8259,54087.593856216
2012-04-27,47.7992,47.8586,47.7813,47.8586,91039.213309841
2012-04-30,47.8517,47.8864,47.8358,47.8517,58247.790101916
2012-05-01,47.8844,47.9122,47.8259,47.8497,104224.76621076
2012-05-02,47.8408,47.8676,47.818,47.8259,130885.32081805
2012-05-03,47.8339,47.8765,47.8091,47.8408,73371.742320223
2012-05-04,47.8329,47.8329,47.7069,47.7446,770828.39077872
2012-05-07,47.7714,47.8081,47.7545,47.7902,102522.3634804
2012-05-08,47.7992,47.818,47.7714,47.7714,53788.059726526
2012-05-09,47.8001,47.8339,47.7645,47.7645,55256.482934705
2012-05-10,47.8091,47.819,47.7555,47.7724,71801.457337301
2012-05-11,47.7714,47.7902,47.7347,47.7714,45411.189419426
2012-05-14,47.7446,47.7992,47.7347,47.7992,65171.365187184
2012-05-15,47.7992,47.8081,47.7813,47.7902,58326.455630926
2012-05-16,47.7714,47.7813,47.7258,47.7635,35505.383958756
2012-05-17,47.7069,47.7635,47.6643,47.7069,39937.88395872
2012-05-18,47.6831,47.7169,47.6732,47.699,41651.380545737
2012-05-21,47.7169,47.7635,47.7069,47.7446,45888.2252556
2012-05-22,47.7347,47.7446,47.699,47.7258,39917.713310256
2012-05-23,47.6831,47.7169,47.6544,47.6643,58568.503412494
2012-05-24,47.6544,47.6544,47.5751,47.6286,133518.59897502
2012-05-25,47.6365,47.6365,47.5929,47.6187,47971.853241931
2012-05-29,47.5929,47.6643,47.583,47.5929,76823.948804837
2012-05-30,47.5751,47.6187,47.5334,47.6187,58228.627985875
2012-05-31,47.6296,47.6554,47.5751,47.6008,127623.72696142
2012-06-01,47.5929,47.6187,47.4799,47.4997,139113.93685894
2012-06-04,47.461,47.461,47.3986,47.3986,95924.544367822
2012-06-05,47.3887,47.4353,47.3629,47.3887,135573.98805351
2012-06-06,47.3986,47.4075,47.347,47.3629,188998.97610768
2012-06-07,47.3629,47.4809,47.3629,47.471,58675.407849353
2012-06-08,47.4997,47.5076,47.4531,47.471,111227.00682504
2012-06-11,47.4799,47.5523,47.4799,47.5423,42167.749146415
2012-06-12,47.5265,47.5324,47.461,47.5176,70419.767917517
2012-06-13,47.4997,47.5661,47.4997,47.5572,47947.648463774
2012-06-14,47.5176,47.5661,47.5176,47.5661,51081.158702657
2012-06-15,47.5929,47.7456,47.5929,47.7179,57179.754265747
2012-06-18,47.7555,47.7555,47.6911,47.7079,48759.51706445
2012-06-19,47.7079,47.7357,47.6365,47.699,925357.74572627
2012-06-20,47.7645,47.7724,47.6544,47.6544,67039.16723495
2012-06-21,47.6455,47.6455,47.5523,47.5572,67828.848122316
2012-06-22,47.5176,47.5265,47.4531,47.4809,46665.803753887
2012-06-25,47.4898,47.5076,47.461,47.461,54934.761091704
2012-06-26,47.461,47.4898,47.4253,47.4253,217899.4812269
2012-06-27,47.461,47.471,47.4164,47.4164,58148.953924442
2012-06-28,47.4253,47.461,47.3887,47.4353,244392.61945194
2012-06-29,47.4333,47.4888,47.3966,47.469,49263.78327605
2012-07-02,47.5265,47.5423,47.4997,47.5324,198663.74231921
2012-07-03,47.5176,47.583,47.5176,47.5661,102589.93515275
2012-07-05,47.6008,47.6554,47.6008,47.6296,51443.221842586
2012-07-06,47.6742,47.6742,47.6296,47.6465,112734.76279772
2012-07-09,47.6296,47.6554,47.6296,47.6465,69051.189419234
2012-07-10,47.6653,47.6841,47.6375,47.6841,22108.039248967
2012-07-11,47.6554,47.6841,47.6465,47.6554,33790.878839316
2012-07-12,47.6653,47.6653,47.6296,47.6296,49965.721842598
2012-07-13,47.6296,47.6653,47.6098,47.6554,24284.452218233
2012-07-16,47.6921,47.7278,47.6921,47.7188,31015.39761067
2012-07-17,47.7,47.7089,47.6841,47.6921,265126.02900809
2012-07-18,47.7,47.7565,47.7,47.7278,65735.134811753
2012-07-19,47.7367,47.7922,47.7367,47.7734,48381.31740575
2012-07-20,47.7654,47.7922,47.7654,47.7833,55060.827644604
2012-07-23,47.7278,47.7565,47.7188,47.7188,169124.8361761
2012-07-24,47.7367,47.7367,47.6742,47.6921,35708.098975819
2012-07-25,47.6921,47.6921,47.6098,47.6465,23745.895904244
2012-07-26,47.6554,47.6742,47.6008,47.6554,186178.11091999
2012-07-27,47.6465,47.7,47.6465,47.6841,41704.832764166
2012-07-30,47.7089,47.7654,47.6921,47.7654,113436.70136427
2012-07-31,47.7823,47.8269,47.7724,47.82,100895.60068177
2012-08-01,47.8606,47.8775,47.8021,47.8111,128370.04095459
2012-08-02,47.821,47.8358,47.8021,47.8111,41551.53583584
2012-08-03,47.7654,47.8279,47.7367,47.8279,54040.192832326
2012-08-06,47.8021,47.8686,47.8021,47.8358,150692.8976097
2012-08-07,47.8606,47.9033,47.8358,47.9033,49992.952218024
2012-08-08,47.8864,47.8864,47.821,47.821,53229.332764073
2012-08-09,47.8279,47.8428,47.8021,47.8279,55332.122866445
2012-08-10,47.7833,47.8279,47.7833,47.8021,66522.798634272
2012-08-13,47.821,47.8517,47.821,47.8279,53597.447098541
2012-08-14,47.8021,47.821,47.7734,47.7734,68631.639931183
2012-08-15,47.6653,47.7089,47.6554,47.6841,71384.933446519
2012-08-16,47.6841,47.7188,47.6465,47.6921,77139.619453298
2012-08-17,47.6465,47.6841,47.6296,47.6296,51353.462456921
2012-08-20,47.6098,47.6465,47.6008,47.6197,96727.336176689
2012-08-21,47.6197,47.6653,47.5929,47.6375,28714.93515335
2012-08-22,47.6921,47.7734,47.6554,47.7466,111923.90272947
2012-08-23,47.8279,47.9033,47.821,47.8775,101646.95733706
2012-08-24,47.8686,47.8686,47.8111,47.8279,69236.759385103
2012-08-27,47.8864,47.8864,47.8517,47.8606,50225.923207783
2012-08-28,47.8943,47.9231,47.8775,47.9132,169540.35153446
2012-08-29,47.8686,47.8775,47.821,47.8517,43896.37371978
2012-08-30,47.8686,47.8686,47.821,47.8279,47583.568258999
2012-08-31,47.8497,47.9677,47.8339,47.9677,30354.808873474
2012-09-04,47.9409,47.9677,47.9132,47.932,31033.551194287
2012-09-05,47.932,47.9677,47.932,47.9608,37921.827644743
2012-09-06,47.9132,47.9409,47.8943,47.9231,63952.049487535
2012-09-07,48.0242,48.0421,47.9856,48.0044,50564.790101978
2012-09-10,48.0143,48.0698,48.0143,48.0698,206111.75426454
2012-09-11,48.0698,48.0976,48.0322,48.051,362862.9061404
2012-09-12,48.0698,48.0798,48.0421,48.0609,59196.819112147
2012-09-13,48.0798,48.291,48.0798,48.291,38102.354948496
2012-09-14,48.4397,48.4684,48.3336,48.4308,97132.766210815
2012-09-17,48.3782,48.405,48.291,48.3167,188805.33788243
2012-09-18,48.2741,48.284,48.1809,48.1888,101882.95392409
2012-09-19,48.1987,48.1987,48.1135,48.1135,125895.10238806
2012-09-20,48.1135,48.174,48.0698,48.1135,63082.694538737
2012-09-21,48.1135,48.1293,48.0877,48.1224,72617.36006767
2012-09-24,48.1135,48.1224,48.051,48.0877,995206.68429226
2012-09-25,48.1055,48.1055,48.0609,48.0798,79800.1279857
2012-09-26,48.05,48.0689,47.9846,48.0411,58739.953924438
2012-09-27,48.0599,48.0599,47.9757,48.0034,132222.63481121
2012-09-28,48.0133,48.0411,47.94,47.9757,106748.1143336
2012-10-01,47.9757,48.051,47.9231,48.051,597635.13480743
2012-10-02,48.0133,48.0877,47.9757,48.0599,55460.206484191
2012-10-03,48.1125,48.1383,48.0788,48.1046,97889.165528215
2012-10-04,48.0966,48.1799,48.0877,48.173,109967.34982846
2012-10-05,48.1987,48.2275,48.1293,48.1809,647659.35153058
2012-10-08,48.1482,48.2454,48.1482,48.2454,108333.52730287
2012-10-09,48.2543,48.2543,48.174,48.2077,77372.590443058
2012-10-10,48.1888,48.1888,48.1135,48.174,222152.46245553
2012-10-11,48.1571,48.1571,48.1055,48.1135,42271.627986005
2012-10-12,48.0976,48.1055,48.051,48.1055,72729.307166645
2012-10-15,48.0976,48.1293,48.0698,48.0976,64083.158702551
2012-10-16,48.0877,48.1224,48.051,48.0609,104830.8941971
2012-10-17,48.0322,48.0798,48.0044,48.0044,65793.629692298
2012-10-18,47.9856,47.9945,47.9608,47.9757,95490.875425846
2012-10-19,47.9598,48.0034,47.932,47.9409,89022.148463441
2012-10-22,47.9757,47.9945,47.9509,47.9677,41303.436859733
2012-10-23,47.9598,47.9598,47.9023,47.9221,121097.51365089
2012-10-24,47.9231,47.9231,47.8686,47.8775,50700.94197911
2012-10-25,47.8021,47.8606,47.8021,47.8606,49164.947098577
2012-10-26,47.8606,47.8686,47.8507,47.8686,43221.665528659
2012-10-31,47.9757,48.0034,47.931,47.9935,110008.69965781
2012-11-01,48.0034,48.0322,47.9757,48.0232,85153.418088046
2012-11-02,47.9677,48.0232,47.9499,47.9598,124734.28156895
2012-11-05,47.9598,48.0133,47.9409,47.9757,41622.133105464
2012-11-06,48.0133,48.0322,47.9677,47.9757,73844.744026704
2012-11-07,48.0689,48.0788,47.9757,47.9757,42435.010238563
2012-11-08,48.0133,48.0689,47.9935,48.0133,287652.60921268
2012-11-09,47.9935,48.0133,47.9677,47.9935,68709.29692777
2012-11-12,48.0034,48.0689,48.0034,48.0689,473727.8498255
2012-11-13,48.0034,48.0689,47.9935,48.0689,995562.69623765
2012-11-14,47.9846,48.0322,47.9598,48.0133,32630.058020213
2012-11-15,48.0133,48.0411,47.9846,47.9935,52079.605801625
2012-11-16,48.0133,48.0599,47.9935,48.0133,62134.674060929
2012-11-19,48.05,48.0788,48.0133,48.0599,113269.28498202
2012-11-20,48.0599,48.0599,48.0034,48.0322,52639.341296501
2012-11-21,47.9757,48.0322,47.9757,48.0034,34107.558020201
2012-11-23,48.0034,48.05,48.0034,48.0133,31782.890784725
2012-11-26,48.0599,48.0966,48.0322,48.0877,60614.815699166
2012-11-27,48.0877,48.1046,48.0599,48.0966,39089.708190809
2012-11-28,48.1046,48.1283,48.0599,48.1283,203986.77644886
2012-11-29,48.1046,48.173,48.1046,48.173,196935.11774584
2012-11-30,48.165,48.2067,48.1383,48.2067,49254.706484242
2012-12-03,48.165,48.2444,48.1561,48.2354,93775.361773982
2012-12-04,48.1878,48.2354,48.173,48.1878,121276.0238898
2012-12-05,48.2354,48.2533,48.1878,48.2354,81115.254265553
2012-12-06,48.2067,48.2632,48.2067,48.2533,52860.209897182
2012-12-07,48.283,48.283,48.2166,48.2166,92768.846415629
2012-12-10,48.2731,48.283,48.2166,48.2166,79974.604094914
2012-12-11,48.2166,48.2265,48.1878,48.1978,219969.99829173
2012-12-12,48.2354,48.2632,48.1878,48.2533,938223.59384904
2012-12-13,48.1799,48.2166,48.173,48.1878,67199.523890239
2012-12-14,48.165,48.1878,48.1383,48.1472,65216.749146228
2012-12-17,48.173,48.173,48.0966,48.0966,64341.34300289
2012-12-18,48.1383,48.1383,48.0877,48.1125,61269.353241823
2012-12-19,48.1383,48.1472,48.0877,48.1383,112635.92662025
2012-12-20,48.1561,48.1878,48.1224,48.173,169303.34641501
2012-12-21,48.165,48.165,48.1224,48.1561,46712.196245354
2012-12-24,48.0966,48.1561,48.0966,48.1472,106546.40784896
2012-12-26,48.1224,48.1799,48.1125,48.1799,106722.90102302
2012-12-27,48.1383,48.1978,48.1283,48.1878,126328.77133003
2012-12-28,48.165,48.1978,48.1383,48.1978,117669.51194444
2012-12-31,48.1561,48.1978,48.1283,48.165,83829.215016384
2013-01-02,48.1472,48.2067,48.1283,48.1561,96448.981227886
2013-01-03,48.1472,48.1978,48.0877,48.1283,167528.32935018
2013-01-04,48.1224,48.1283,48.0689,48.1224,69160.11092094
2013-01-07,48.0877,48.1472,48.0689,48.1046,121803.48634713
2013-01-08,48.1125,48.173,48.1125,48.173,62717.605801538
2013-01-09,48.1561,48.2265,48.1561,48.2067,95002.745733017
2013-01-10,48.1799,48.2265,48.1799,48.1799,107629.57167148
2013-01-11,48.1799,48.1878,48.1472,48.1799,72898.740613742
2013-01-14,48.1383,48.1978,48.1383,48.1978,31088.01194514
2013-01-15,48.2166,48.2632,48.1978,48.2533,424897.73549143
2013-01-16,48.1878,48.2265,48.173,48.2166,143571.65016948
2013-01-17,48.1561,48.2067,48.1561,48.1978,95067.291808102
2013-01-18,48.2166,48.2354,48.1878,48.2265,57129.327644587
2013-01-22,48.1561,48.2354,48.1561,48.2265,95867.058019699
2013-01-23,48.2354,48.2444,48.1978,48.1978,69355.766211041
2013-01-24,48.2067,48.2354,48.173,48.2265,56253.92150125
2013-01-25,48.1978,48.2166,48.165,48.1878,54658.423207747
2013-01-28,48.165,48.173,48.1224,48.1561,60827.616040462
2013-01-29,48.173,48.2067,48.1561,48.1878,81821.226961793
2013-01-30,48.2067,48.283,48.1878,48.2444,69099.598975548
2013-01-31,48.29,48.2989,48.2354,48.2632,484661.34982542
2013-02-01,48.3247,48.3524,48.29,48.3068,75603.624572765
2013-02-04,48.3167,48.3524,48.2989,48.3167,78553.581910625
2013-02-05,48.29,48.3068,48.2731,48.29,57161.60068213
2013-02-06,48.29,48.3247,48.29,48.3167,78471.890784346
2013-02-07,48.283,48.3247,48.2632,48.29,89488.090442959
2013-02-08,48.29,48.2989,48.2444,48.2731,751288.07507922
2013-02-11,48.2533,48.283,48.2265,48.2354,685328.0375371
2013-02-12,48.2067,48.2265,48.1799,48.2265,182769.27132957
2013-02-13,48.1799,48.2533,48.1799,48.1978,117173.31399222
2013-02-14,48.2265,48.2989,48.2166,48.29,97795.372012858
2013-02-15,48.2632,48.2632,48.2067,48.2632,204746.20136352
2013-02-19,48.2533,48.2533,48.2067,48.2265,234453.5324213
2013-02-20,48.1978,48.2444,48.1978,48.1978,114815.36518678
2013-02-21,48.1878,48.2731,48.1878,48.2265,118657.87371917
2013-02-22,48.2444,48.2533,48.2067,48.2444,120371.37030619
2013-02-25,48.2354,48.2989,48.2166,48.2632,115044.30204685
2013-02-26,48.2265,48.2632,48.2166,48.2533,124643.51365086
2013-02-27,48.2354,48.2632,48.2166,48.2444,47000.63651839
2013-02-28,48.2444,48.2632,48.1978,48.2632,1341361.2337775
2013-03-01,48.2166,48.2731,48.1878,48.2731,110409.08702982
2013-03-04,48.2444,48.2444,48.2067,48.2265,74412.547780966
2013-03-05,48.2265,48.2632,48.2067,48.2444,259763.66211393
2013-03-06,48.2265,48.2354,48.1799,48.2166,90298.950511212
2013-03-07,48.1978,48.2166,48.173,48.2067,151073.11433324
2013-03-08,48.1561,48.2166,48.1561,48.2166,86126.651876434
2013-03-11,48.2166,48.2354,48.1878,48.2265,62400.926620654
2013-03-12,48.2265,48.2533,48.1978,48.2166,1069889.5187626
2013-03-13,48.2067,48.2632,48.2067,48.2354,64539.015357838
2013-03-14,48.2444,48.3425,48.2265,48.3336,103665.03071588
2013-03-15,48.3247,48.3703,48.3068,48.3703,112412.0324223
2013-03-18,48.3782,48.3782,48.3524,48.3703,64492.62286637
2013-03-19,48.3524,48.3782,48.283,48.3425,193627.13139774
2013-03-20,48.2989,48.3425,48.2989,48.3336,261980.41638012
2013-03-21,48.3247,48.3425,48.283,48.2989,96821.129692046
2013-03-22,48.2731,48.3068,48.2533,48.29,131947.30545968
2013-03-25,48.29,48.3425,48.29,48.3247,75370.653583006
2013-03-26,48.29,48.3167,48.2731,48.3068,62239.561432942
2013-03-27,48.3624,48.3624,48.2989,48.3425,145959.85494762
2013-03-28,48.29,48.3524,48.29,48.3524,97102.510238119
2013-04-01,48.3247,48.3782,48.3247,48.3703,80961.957337226
2013-04-02,48.3624,48.3624,48.3247,48.3524,172563.93173921
2013-04-03,48.3524,48.3624,48.2989,48.3167,51772.003412549
2013-04-04,48.29,48.3425,48.283,48.3167,62200.228668437
2013-04-05,48.2731,48.3167,48.2632,48.2731,131903.93856548
2013-04-08,48.3167,48.3247,48.2354,48.2533,52734.143344282
2013-04-09,48.2632,48.2632,48.1978,48.2166,75656.068258771
2013-04-10,48.1799,48.2166,48.1283,48.165,241486.02900828
2013-04-11,48.1878,48.2067,48.165,48.1878,69409.21842947
2013-04-12,48.165,48.2067,48.165,48.1799,142994.76962341
2013-04-15,48.173,48.1799,48.0877,48.0966,112508.85153492
2013-04-16,48.0689,48.1125,48.0689,48.0877,76932.870306542
2013-04-17,48.0689,48.0689,48.0232,48.05,162404.98464032
2013-04-18,48.0599,48.0877,47.8408,47.8765,75008.590443077
2013-04-19,47.8943,47.9598,47.8943,47.9499,160634.00170518
2013-04-22,48.0133,48.0232,47.9677,47.9935,80144.037542011
2013-04-23,47.9935,48.0034,47.9598,47.9598,207845.42150002
2013-04-24,47.9846,48.0322,47.9499,48.0322,65086.648463635
2013-04-25,48.0322,48.1046,48.0322,48.0966,61732.269624072
2013-04-26,48.0966,48.1125,48.0788,48.0966,174688.9095549
2013-04-29,48.1283,48.1383,48.1046,48.1224,88870.868599961
2013-04-30,48.0877,48.1125,48.05,48.0788,107815.14163735
2013-05-01,48.0411,48.0411,47.931,47.9677,144903.92150053
2013-05-02,47.9935,48.0322,47.931,47.9846,77531.938565923
2013-05-03,48.0034,48.0322,47.9677,47.9846,105485.43173976
2013-05-06,47.9677,48.0599,47.9677,48.0599,91382.114333729
2013-05-07,48.0599,48.0689,48.0232,48.0322,476348.01706098
2013-05-08,47.9846,48.0599,47.9846,48.0322,141544.49999885
2013-05-09,47.9846,48.0232,47.9757,48.0232,264856.75085109
2013-05-10,47.9757,47.9757,47.8943,47.9598,77523.870306538
2013-05-13,47.931,47.9598,47.8943,47.8943,90019.587029986
2013-05-14,47.9499,47.9499,47.8676,47.8676,496262.49828948
2013-05-15,47.9023,47.9023,47.8339,47.9023,130912.55119348
2013-05-16,47.8596,47.9023,47.8339,47.8676,77556.14334408
2013-05-17,47.819,47.8676,47.8001,47.8091,107484.34300254
2013-05-20,47.819,47.8497,47.8001,47.8497,91688.708190382
2013-05-21,47.8001,47.8497,47.8001,47.8259,76179.496586412
2013-05-22,47.819,47.8676,47.6901,47.7069,152459.84641514
2013-05-23,47.7169,47.7169,47.6365,47.6722,332886.29692562
2013-05-24,47.6722,47.7069,47.6643,47.6722,122782.77133006
2013-05-28,47.6643,47.7069,47.5919,47.5919,122106.04607409
2013-05-29,47.583,47.5919,47.5067,47.5414,153980.71330933
2013-05-30,47.5414,47.5513,47.4511,47.4601,621898.40784478
2013-05-31,47.4888,47.5255,47.4154,47.4987,1443914.861763
2013-06-03,47.4601,47.5562,47.4601,47.5255,120273.54266114
2013-06-04,47.4987,47.5652,47.4789,47.5314,184551.34812137
2013-06-05,47.5414,47.5741,47.5067,47.5166,156731.98975982
2013-06-06,47.4601,47.5166,47.4154,47.4987,486893.23207796
2013-06-07,47.4511,47.4601,47.3966,47.4154,114321.18429941
2013-06-10,47.3966,47.4055,47.3014,47.3272,133943.19112519
2013-06-11,47.2112,47.3103,47.1735,47.3103,110320.33617658
2013-06-12,47.2915,47.353,47.2013,47.2379,949863.06654519
2013-06-13,47.2201,47.345,47.1378,47.3371,302187.57849584
2013-06-14,47.3787,47.4154,47.345,47.3698,69337.612627423
2013-06-17,47.3966,47.3966,47.2915,47.3371,112582.47440182
2013-06-18,47.3183,47.4055,47.3103,47.3867,76338.844709278
2013-06-19,47.3698,47.7446,47.12,47.1378,108734.92320731
2013-06-20,47.0862,47.1378,46.876,46.9603,601521.01023402
2013-06-21,46.9008,46.9326,46.6222,46.6222,183027.45562991
2013-06-24,46.3545,46.5696,46.2762,46.4923,374786.78497989
2013-06-25,46.5617,46.5954,46.5102,46.5696,103186.98634728
2013-06-26,46.6281,46.6748,46.6044,46.6361,186290.05801896
2013-06-27,46.7204,46.9326,46.7204,46.876,128722.01877029
2013-06-28,46.8037,46.9603,46.8037,46.9177,173602.72013511
2013-07-01,46.876,47.0496,46.876,47.0496,183956.31399168
2013-07-02,47.0129,47.12,46.994,47.1031,175458.4197938
2013-07-03,47.112,47.1467,47.0595,47.0763,58859.969282798
2013-07-05,46.9692,47.0327,46.9088,46.9603,145416.25597152
2013-07-08,47.0129,47.1467,47.0129,47.1031,951488.82081138
2013-07-09,47.12,47.1834,47.0952,47.1735,208904.38054438
2013-07-10,47.1378,47.1933,47.0862,47.1031,92395.689419045
2013-07-11,47.229,47.2915,47.1467,47.2915,122859.41979422
2013-07-12,47.2726,47.3272,47.1933,47.2201,155144.5597257
2013-07-15,47.2201,47.3103,47.2201,47.2816,79646.831057374
2013-07-16,47.3183,47.4055,47.3183,47.4055,75855.757678565
2013-07-17,47.4333,47.4888,47.3787,47.4055,92132.46245659
2013-07-18,47.3609,47.4055,47.3103,47.3787,39698.861774422
2013-07-19,47.3698,47.4412,47.3698,47.4055,56660.360067799
2013-07-22,47.4412,47.4412,47.3698,47.3867,63554.687712794
2013-07-23,47.3787,47.4055,47.3014,47.3966,120297.7474393
2013-07-24,47.3014,47.3014,47.1933,47.2201,206170.24914508
2013-07-25,47.1735,47.229,47.1299,47.2201,211923.92661944
2013-07-26,47.2013,47.2637,47.1834,47.2548,137407.49999888
2013-07-29,47.229,47.2459,47.1735,47.2459,2830007.5341067
2013-07-30,47.2459,47.2548,47.2112,47.2459,227093.26279679
2013-07-31,47.1933,47.3272,47.1556,47.3272,266759.85153367
2013-08-01,47.3014,47.345,47.2459,47.3014,260942.63651665
2013-08-02,47.3787,47.4412,47.353,47.4154,311088.885663
2013-08-05,47.4055,47.4154,47.3609,47.3966,114768.97269531
2013-08-06,47.4789,47.4789,47.3966,47.4511,146278.55119335
2013-08-07,47.4511,47.4601,47.4055,47.4154,291277.27474166
2013-08-08,47.4234,47.4333,47.3698,47.3966,124672.76109114
2013-08-09,47.3966,47.4234,47.3698,47.4234,89886.460750123
2013-08-12,47.4412,47.4412,47.3183,47.3183,978594.13821731
2013-08-13,47.345,47.345,47.229,47.2726,117366.95221748
2013-08-14,47.2637,47.2726,47.1735,47.229,197597.72354788
2013-08-15,47.0763,47.12,46.994,47.0952,137995.47440161
2013-08-16,47.0862,47.0862,46.9177,47.0129,142243.41296813
2013-08-19,46.9692,46.9692,46.882,46.9177,102624.22525514
2013-08-20,46.9861,47.0595,46.9692,47.0595,485016.35323838
2013-08-21,47.0496,47.0862,46.8909,46.9177,194671.97098818
2013-08-22,46.8671,46.9177,46.7937,46.876,139099.81740501
2013-08-23,47.0039,47.0129,46.8314,46.994,111372.23549398
2013-08-26,47.0129,47.0952,47.0129,47.0862,151274.82081788
2013-08-27,47.1735,47.2013,47.1378,47.1933,183390.52730226
2013-08-28,47.1299,47.1834,47.1031,47.1467,134148.93173952
2013-08-29,47.0694,47.1299,47.0496,47.0952,138717.58361662
2013-08-30,47.1031,47.112,46.994,47.0129,117900.46586935
2013-09-03,46.994,47.0039,46.9088,46.9762,81345.199658042
2013-09-04,46.9514,46.9762,46.8136,46.8384,108665.33447011
2013-09-05,46.7452,46.7739,46.6123,46.6212,195951.79863322
2013-09-06,46.765,46.8314,46.7452,46.7838,96521.595562356
2013-09-09,46.876,46.882,46.8384,46.8582,80878.249146101
2013-09-10,46.7739,46.8215,46.7352,46.765,88664.119453205
2013-09-11,46.882,46.9326,46.8483,46.876,62086.264504615
2013-09-12,46.9514,46.9861,46.9266,46.9514,62393.866893691
2013-09-13,46.9177,46.9603,46.9008,46.9425,66564.148463623
2013-09-16,47.1031,47.1299,47.0129,47.0327,78766.38225192
2013-09-17,47.1299,47.1299,47.0496,47.0595,97031.912968495
2013-09-18,47.0763,47.4055,47.0039,47.3183,103059.91126196
2013-09-19,47.4055,47.4055,47.2816,47.3183,74555.75938506
2013-09-20,47.3014,47.345,47.2548,47.3183,95155.03412892
2013-09-23,47.3014,47.3698,47.2726,47.2915,201390.81399154
2013-09-24,47.2915,47.2915,47.229,47.229,231042.67576604
2013-09-25,47.2379,47.3014,47.2112,47.2816,86132.703070973
2013-09-26,47.2548,47.2816,47.2379,47.2379,73057.080204185
2013-09-27,47.2637,47.3183,47.2637,47.2637,47558.354948419
2013-09-30,47.2637,47.2915,47.2112,47.2915,43221.665528659
2013-10-01,47.3014,47.3014,47.2013,47.2637,1009473.3839508
2013-10-02,47.2379,47.3787,47.2379,47.3787,52307.534129268
2013-10-03,47.3103,47.4154,47.3014,47.3787,87658.612627274
2013-10-04,47.4789,47.4789,47.2915,47.353,105384.57849744
2013-10-07,47.3787,47.3867,47.3272,47.3371,113187.59385574
2013-10-08,47.353,47.353,47.2726,47.2816,43731.982934798
2013-10-09,47.2726,47.3272,47.2459,47.2637,108509.01194451
2013-10-10,47.2816,47.3698,47.2816,47.353,71970.890784398
2013-10-11,47.3103,47.3609,47.3103,47.3609,48295.592149778
2013-10-14,47.3014,47.3609,47.2548,47.3272,139623.24573265
2013-10-15,47.3609,47.3609,47.3272,47.353,70487.339589871
2013-10-16,47.2816,47.4234,47.2816,47.4154,66482.457337344
2013-10-17,47.4154,47.4789,47.4055,47.4412,157036.56655163
2013-10-18,47.3966,47.4511,47.3867,47.4154,61404.496586532
2013-10-21,47.4789,47.4789,47.3966,47.4511,33301.740614064
2013-10-22,47.4154,47.5166,47.4154,47.4511,70734.430033555
2013-10-23,47.4333,47.4987,47.3787,47.4234,76022.165528393
2013-10-24,47.3698,47.4511,47.353,47.4412,70925.04266154
2013-10-25,47.4511,47.4789,47.4154,47.469,118311.94709802
2013-10-28,47.469,47.4987,47.4511,47.4789,77807.267917457
2013-10-29,47.4888,47.4987,47.4511,47.469,119171.21672258
2013-10-30,47.4789,47.5166,47.3966,47.4333,107915.99487967
2013-10-31,47.4601,47.469,47.353,47.3966,126396.34300239
2013-11-01,47.3787,47.3787,47.2637,47.2726,64131.568258865
2013-11-04,47.3103,47.3272,47.2915,47.3103,63077.651876621
2013-11-05,47.2548,47.3014,47.2459,47.3014,67195.489760546
2013-11-06,47.4055,47.4789,47.4055,47.4234,440279.87201008
2013-11-07,47.4888,47.5067,47.4234,47.4412,111268.35665439
2013-11-08,47.3183,47.3609,47.2915,47.3103,152189.55972573
2013-11-11,47.3787,47.3867,47.2726,47.3609,71744.979521602
2013-11-12,47.3966,47.3966,47.3103,47.345,90681.184299605
2013-11-13,47.3698,47.4333,47.3609,47.4234,69859.023890218
2013-11-14,47.4333,47.5513,47.4234,47.5166,72274.459043782
2013-11-15,47.5166,47.5166,47.4601,47.5067,67991.221842451
2013-11-18,47.4789,47.5513,47.469,47.5067,266763.88566336
2013-11-19,47.4888,47.4888,47.4333,47.4511,176638.40272894
2013-11-20,47.4154,47.4789,47.3867,47.4154,62241.578497788
2013-11-21,47.3183,47.469,47.3183,47.4601,70936.136518195
2013-11-22,47.4234,47.4789,47.4234,47.4333,300798.82934909
2013-11-25,47.3787,47.469,47.3787,47.4511,311911.84812033
2013-11-26,47.4511,47.4601,47.3787,47.4511,60774.163822032
2013-11-27,47.3966,47.4234,47.345,47.4234,78975.148463522
2013-11-29,47.3966,47.4055,47.3371,47.345,52152.220136095
2013-12-02,47.345,47.3609,47.3014,47.3371,161905.76109084
2013-12-03,47.353,47.3609,47.3183,47.3371,82832.784982262
2013-12-04,47.2548,47.3014,47.2459,47.2915,98179.622866097
2013-12-05,47.2637,47.2915,47.229,47.2915,131134.42832658
2013-12-06,47.2459,47.2915,47.1933,47.2112,82885.228668269
2013-12-09,47.229,47.2548,47.1735,47.2201,79876.776449863
2013-12-10,47.2201,47.2637,47.2013,47.2637,67811.703071122
2013-12-11,47.2112,47.2816,47.1933,47.229,908447.68258648
2013-12-12,47.1556,47.2013,47.1378,47.1735,77390.744026675
2013-12-13,47.1834,47.2201,47.1556,47.2112,255906.02559519
2013-12-16,47.2112,47.2548,47.1834,47.2379,504738.20477406
2013-12-17,47.2459,47.2915,47.2201,47.2637,216094.20818937
2013-12-18,47.2112,47.3183,47.1834,47.2459,129309.99317301
2013-12-19,47.1556,47.2013,47.12,47.1299,189361.03924761
2013-12-20,47.112,47.1646,47.1031,47.12,140005.47952105
2013-12-23,47.0862,47.1556,47.0763,47.1031,141328.67406029
2013-12-24,47.12,47.12,47.0763,47.112,56358.808873262
2013-12-26,47.112,47.1299,47.0595,47.12,65497.121159878
2013-12-27,47.1378,47.1467,47.0763,47.112,64396.812286166
2013-12-30,47.0952,47.1646,47.0952,47.1556,94769.774743258
2013-12-31,47.0952,47.1735,47.0952,47.1735,124718.14505018
2014-01-02,47.1556,47.229,47.1378,47.1933,222915.9214999
2014-01-03,47.2013,47.2459,47.1467,47.1646,70629.542661542
2014-01-06,47.1933,47.2459,47.1646,47.2013,246298.74573179
2014-01-07,47.1735,47.2548,47.1735,47.2112,605629.77132614
2014-01-08,47.2013,47.2013,47.1299,47.1467,79338.220135874
2014-01-09,47.1834,47.2112,47.1378,47.1834,116159.73890691
2014-01-10,47.2637,47.2915,47.2379,47.2816,225697.45392308
2014-01-13,47.2637,47.3014,47.2548,47.2915,49158.895904038
2014-01-14,47.2726,47.3014,47.1933,47.229,42274.653583274
2014-01-15,47.1646,47.229,47.1467,47.2112,202452.79863317
2014-01-16,47.2013,47.2459,47.1556,47.1646,76910.682593232
2014-01-17,47.1646,47.1933,47.1378,47.1735,68334.122866339
2014-01-21,47.2112,47.2201,47.1467,47.1467,70460.109214445
2014-01-22,47.112,47.1299,47.0862,47.1299,107064.79351449
2014-01-23,47.1556,47.2379,47.1556,47.1933,76353.972695626
2014-01-24,47.2013,47.2379,47.1933,47.229,226674.72184116
2014-01-27,47.1933,47.2548,47.1556,47.1646,176140.18771188
2014-01-28,47.1834,47.2459,47.1834,47.229,124344.9880536
2014-01-29,47.2915,47.3183,47.2548,47.2726,69545.370306602
2014-01-30,47.2459,47.3103,47.2459,47.3014,61341.967576294
2014-01-31,47.353,47.353,47.2726,47.353,148720.20818992
2014-02-03,47.3609,47.4154,47.3183,47.3966,63908.682593338
2014-02-04,47.3698,47.3867,47.3183,47.3698,230807.68771144
2014-02-05,47.3272,47.345,47.3014,47.3103,333245.33446828
2014-02-06,47.3103,47.353,47.2915,47.353,45535.23890748
2014-02-07,47.3609,47.4412,47.3609,47.4412,50959.12627945
2014-02-10,47.3867,47.4511,47.3867,47.4055,82018.89931674
2014-02-11,47.3272,47.3787,47.3272,47.3609,84261.875425937
2014-02-12,47.3698,47.3698,47.3014,47.3183,61853.293514856
2014-02-13,47.345,47.4055,47.345,47.3966,136139.77474292
2014-02-14,47.3787,47.3867,47.3371,47.3787,96205.924913894
2014-02-18,47.4154,47.4511,47.3787,47.4055,72064.684299756
2014-02-19,47.4154,47.4412,47.3371,47.345,76618.208190504
2014-02-20,47.3371,47.345,47.2816,47.3103,75237.527303143
2014-02-21,47.2816,47.353,47.2816,47.345,53413.894197518
2014-02-24,47.3183,47.345,47.3014,47.3272,92478.389077747
2014-02-25,47.3609,47.4234,47.3272,47.3698,82647.215016394
2014-02-26,47.3698,47.4511,47.3698,47.4511,70143.43003356
2014-02-27,47.4601,47.4789,47.4055,47.4333,97595.682593064
2014-02-28,47.3966,47.4511,47.3609,47.4511,268258.53071454
2014-03-03,47.5166,47.5513,47.4789,47.5314,63275.324231568
2014-03-04,47.4987,47.4987,47.4234,47.4601,104177.36518687
2014-03-05,47.4154,47.4888,47.4154,47.4789,60210.394197463
2014-03-06,47.3966,47.4601,47.3867,47.4412,66226.290101851
2014-03-07,47.4055,47.4412,47.3698,47.4055,346389.53753985
2014-03-10,47.3966,47.4412,47.3966,47.4333,52596.982934726
2014-03-11,47.3966,47.4412,47.3787,47.4234,222353.16040775
2014-03-12,47.4789,47.4789,47.4154,47.4154,112463.46757588
2014-03-13,47.4154,47.4888,47.3867,47.469,99540.133104994
2014-03-14,47.4412,47.4888,47.4234,47.469,79751.718429386
2014-03-17,47.4511,47.4511,47.3867,47.3867,57955.315699188
2014-03-18,47.3867,47.4412,47.3867,47.4333,45557.42662079
2014-03-19,47.3867,47.4154,47.1646,47.1646,55375.489760642
2014-03-20,47.0862,47.1299,47.0595,47.1299,538233.58361338
2014-03-21,47.0862,47.1646,47.0862,47.1299,69822.716722982
2014-03-24,47.0694,47.1299,47.0694,47.112,167982.16894062
2014-03-25,47.1031,47.1467,47.0763,47.0763,90730.602388342
2014-03-26,47.112,47.1834,47.112,47.1467,79166.76962393
2014-03-27,47.112,47.1834,47.112,47.1735,70273.530716153
2014-03-28,47.1378,47.1556,47.1031,47.1467,51063.005119039
2014-03-31,47.1031,47.2112,47.1031,47.2112,67135.986347578
2014-04-01,47.1646,47.2013,47.1299,47.1467,240828.46586835
2014-04-02,47.0952,47.1299,47.0862,47.12,88262.723548771
2014-04-03,47.1031,47.1556,47.1031,47.1031,78151.177473768
2014-04-04,47.1556,47.2112,47.1556,47.1834,60907.290101894
2014-04-07,47.2379,47.2548,47.2013,47.2013,324059.62115778
2014-04-08,47.2379,47.2379,47.1556,47.2201,123802.39760992
2014-04-09,47.1834,47.3014,47.1646,47.3014,69791.452217863
2014-04-10,47.2816,47.3698,47.2816,47.3183,43507.080204425
2014-04-11,47.3698,47.3698,47.3272,47.345,80499.040954978
2014-04-14,47.3183,47.345,47.3014,47.3103,62855.774743517
2014-04-15,47.353,47.3867,47.3103,47.345,56370.911262341
2014-04-16,47.3371,47.4055,47.3371,47.345,65385.174060902
2014-04-17,47.3183,47.4055,47.2816,47.3698,74622.322524991
2014-04-21,47.4333,47.469,47.3966,47.4333,43933.689419438
2014-04-22,47.4234,47.4333,47.3698,47.4234,60125.677473914
2014-04-23,47.4154,47.4888,47.4055,47.4511,94182.808872955
2014-04-24,47.4789,47.4888,47.4154,47.4601,96906.854948018
2014-04-25,47.469,47.4888,47.4234,47.4412,47919.409555925
2014-04-28,47.4333,47.4601,47.3698,47.3867,126780.59385563
2014-04-29,47.3787,47.4333,47.3698,47.3966,70915.965869731
2014-04-30,47.4333,47.4789,47.4055,47.4789,71052.117746863
2014-05-01,47.4789,47.5414,47.4789,47.4987,105593.34470904
2014-05-02,47.4511,47.5067,47.4333,47.5067,74404.47952158
2014-05-05,47.5414,47.5414,47.4601,47.4789,59482.233787913
2014-05-06,47.4601,47.5067,47.4412,47.469,734334.64504523
2014-05-07,47.4987,47.5314,47.4333,47.4888,71364.762798055
2014-05-08,47.4888,47.5741,47.4888,47.5741,78691.750852603
2014-05-09,47.5166,47.5741,47.5166,47.5652,76607.114333849
2014-05-12,47.5314,47.5562,47.5067,47.5314,50251.136518363
2014-05-13,47.5741,47.5741,47.5255,47.5741,51462.383958626
2014-05-14,47.6187,47.7268,47.6098,47.6831,45894.276450139
2014-05-15,47.7079,47.7823,47.7079,47.7724,821348.80545408
2014-05-16,47.7823,47.7823,47.7357,47.7456,115930.80204684
2014-05-19,47.8011,47.8011,47.7357,47.7456,65704.878839057
2014-05-20,47.7724,47.82,47.7357,47.8011,92036.651876386
2014-05-21,47.8101,47.82,47.7724,47.82,55904.969282822
2014-05-22,47.7823,47.8349,47.7555,47.8349,252840.08702866
2014-05-23,47.82,47.8507,47.8101,47.8101,50452.843003003
2014-05-27,47.8507,47.8775,47.8269,47.8418,114588.44539156
2014-05-28,47.8854,47.9231,47.8775,47.9033,61373.232081413
2014-05-29,47.8854,47.9677,47.8507,47.9033,54198.532422768
2014-05-30,47.8418,47.8686,47.8269,47.8507,109054.62798546
2014-06-02,47.8606,47.8606,47.7724,47.7912,49354.551194138
2014-06-03,47.7555,47.7912,47.699,47.7079,111691.94027213
2014-06-04,47.7357,47.7456,47.6633,47.7179,259190.81569755
2014-06-05,47.7555,47.7823,47.7268,47.7823,74505.3327639
2014-06-06,47.7645,47.7912,47.7179,47.7555,56135.923207735
2014-06-09,47.7179,47.7645,47.7079,47.7555,49847.723549083
2014-06-10,47.7179,47.7555,47.699,47.7456,67178.344709352
2014-06-11,47.7357,47.7724,47.7357,47.7724,50078.677473996
2014-06-12,47.7912,47.8606,47.7823,47.8418,79119.36860004
2014-06-13,47.7268,47.7724,47.6901,47.7724,40514.76450479
2014-06-16,47.7555,47.7724,47.7357,47.7645,46395.51706447
2014-06-17,47.7555,47.7912,47.7555,47.7724,94773.80887295
2014-06-18,47.8349,47.8854,47.7823,47.8854,60319.315699169
2014-06-19,47.932,47.9677,47.8854,47.932,56837.861774282
2014-06-20,47.8943,47.9608,47.8854,47.9608,58474.709897136
2014-06-23,47.9608,47.9757,47.9409,47.9757,158895.29180758
2014-06-24,48.0322,48.0322,47.932,48.0143,39425.549487734
2014-06-25,48.0242,48.0322,47.9677,48.0044,130588.81228563
2014-06-26,48.0322,48.0421,47.9945,48.0242,58554.383958569
2014-06-27,48.0322,48.051,48.0143,48.0143,43145.017064496
2014-06-30,48.051,48.051,48.0044,48.0044,112093.33617656
2014-07-01,48.0242,48.0242,47.9677,47.9856,74985.394197343
2014-07-02,47.9608,47.9608,47.9231,47.9409,56690.616040495
2014-07-03,47.9231,47.932,47.8606,47.9231,214237.49999826
2014-07-07,47.9677,47.9677,47.9231,47.932,69587.728668377
2014-07-08,47.9231,47.9677,47.9231,47.9409,94874.66211527
2014-07-09,47.8775,47.9677,47.8775,47.9608,112509.86006735
2014-07-10,48.0044,48.0242,47.9509,47.9757,60066.174060946
2014-07-11,48.0044,48.0242,47.9608,47.9945,354371.06313705
2014-07-14,47.9757,47.9757,47.9231,47.9509,80534.33958979
2014-07-15,47.9231,47.9677,47.8686,47.8775,92525.790101638
2014-07-16,47.8606,47.8854,47.8339,47.8606,75983.841296311
2014-07-17,47.9033,47.9608,47.8606,47.9409,56609.933446639
2014-07-18,47.9231,47.9509,47.8854,47.9132,140952.49146643
2014-07-21,47.9231,47.9509,47.8854,47.9231,88927.34641566
2014-07-22,47.8854,47.9033,47.8507,47.8775,66879.819112085
2014-07-23,47.8606,47.8854,47.8418,47.8686,61746.389077997
2014-07-24,47.8259,47.8418,47.8001,47.8091,64165.858361254
2014-07-25,47.8418,47.8943,47.8339,47.8943,122825.12969184
2014-07-28,47.8854,47.8854,47.819,47.8686,81461.18088671
2014-07-29,47.8686,47.9132,47.8686,47.9033,61507.366893698
2014-07-30,47.8418,47.8507,47.8001,47.8339,62043.906142841
2014-07-31,47.8051,47.8646,47.8051,47.8557,77792.139931109
2014-08-01,47.9082,47.9459,47.8557,47.937,81681.040954968
2014-08-04,47.937,47.9717,47.8904,47.8983,79307.964163178
2014-08-05,47.8557,47.9082,47.8378,47.9082,67584.783275902
2014-08-06,47.8904,47.9181,47.8904,47.9082,51765.95221801
2014-08-07,47.8983,47.9806,47.8646,47.9647,87460.940272327
2014-08-08,47.9647,48.0847,47.9181,47.9271,34844.79522156
2014-08-11,47.9647,47.9647,47.9181,47.9459,50061.532422802
2014-08-12,47.937,47.9647,47.9082,47.937,121681.45392393
2014-08-13,47.9459,47.9994,47.9271,47.9905,65843.047781035
2014-08-14,48.0094,48.1868,47.9558,47.9717,98902.740613531
2014-08-15,47.9082,48.0094,47.9082,47.9647,54039.184299902
2014-08-18,47.9082,47.9271,47.8646,47.8725,119415.281569
2014-08-19,47.937,47.937,47.8378,47.8378,61051.510238412
2014-08-20,47.814,47.8983,47.7496,47.7674,96219.035835396
2014-08-21,47.7595,47.814,47.7496,47.7952,112143.76279772
2014-08-22,47.8051,47.8051,47.702,47.7595,62920.320818602
2014-08-25,47.7208,47.7595,47.702,47.7119,66243.435153046
2014-08-26,47.7397,47.7764,47.7397,47.7595,66498.593856115
2014-08-27,47.7863,47.814,47.7674,47.7863,71018.836176898
2014-08-28,47.8051,47.8239,47.7674,47.7863,60831.650170154
2014-08-29,47.7863,47.7952,47.7496,47.7952,156698.70818985
2014-09-02,47.7397,47.7674,47.6861,47.6861,53197.05972653
2014-09-03,47.6663,47.7397,47.6663,47.7307,71343.583617168
2014-09-04,47.7496,47.7496,47.6663,47.6861,154673.57508407
2014-09-05,47.7307,47.7397,47.6762,47.6941,460224.60921128
2014-09-08,47.6762,47.6941,47.5939,47.6108,80269.095562488
2014-09-09,47.5671,47.584,47.5186,47.5334,112690.3873711
2014-09-10,47.4997,47.5086,47.4422,47.47,47892.179180498
2014-09-11,47.5086,47.5275,47.4799,47.4997,76977.245733163
2014-09-12,47.4521,47.5086,47.4422,47.4799,39238.970989442
2014-09-15,47.5275,47.5275,47.4799,47.5086,43704.752559372
2014-09-16,47.5086,47.5523,47.4898,47.5334,172866.49146617
2014-09-17,47.4343,47.47,47.2717,47.2806,96589.16723471
2014-09-18,47.2627,47.2905,47.2092,47.227,73720.69453865
2014-09-19,47.2449,47.2449,47.1993,47.2181,81633.639931078
2014-09-22,47.2449,47.2528,47.1913,47.227,79220.22184236
2014-09-23,47.236,47.3103,47.236,47.3103,77222.319112001
2014-09-24,47.3004,47.3272,47.2717,47.3004,491597.02729976
2014-09-25,47.3272,47.3698,47.3103,47.3698,324807.95221579
2014-09-26,47.3183,47.3272,47.2449,47.2528,103196.06313909
2014-09-29,47.2627,47.3183,47.2627,47.2905,163453.85836045
2014-09-30,47.2528,47.3103,47.227,47.2449,245875.16211404
2014-10-01,47.2905,47.3877,47.2905,47.3698,128371.04948701
2014-10-02,47.353,47.3787,47.3103,47.3103,142977.62457222
2014-10-03,47.2905,47.2905,47.2092,47.236,83070.798634138
2014-10-06,47.2717,47.2905,47.227,47.2717,768166.8737139
2014-10-07,47.3004,47.3371,47.2905,47.3183,254192.52900817
2014-10-08,47.3272,47.4997,47.3004,47.4997,252658.55119249
2014-10-09,47.5086,47.5086,47.4164,47.4244,58655.237200889
2014-10-10,47.4065,47.4521,47.3976,47.4244,57948.255972226
2014-10-13,47.4422,47.5334,47.4422,47.5334,48771.619453529
2014-10-14,47.47,47.4997,47.4065,47.4521,256248.92661908
2014-10-15,47.5334,47.6762,47.3787,47.3787,74519.452217825
2014-10-16,47.4065,47.4343,47.3609,47.4244,146236.19283158
2014-10-17,47.3877,47.4422,47.3787,47.3877,85497.327644357
2014-10-20,47.4521,47.4521,47.3976,47.4065,62672.221842494
2014-10-21,47.4065,47.4422,47.3698,47.4065,106645.24402644
2014-10-22,47.4164,47.4422,47.3698,47.3976,57433.904436394
2014-10-23,47.3103,47.3698,47.236,47.3183,61898.6774739
2014-10-24,47.2905,47.345,47.2905,47.3371,41349.8293512
2014-10-27,47.2627,47.3272,47.2627,47.3004,66342.271330519
2014-10-28,47.3183,47.3609,47.2905,47.345,44986.597269259
2014-10-29,47.353,47.4065,47.1814,47.2806,75385.781569354
2014-10-30,47.2092,47.3272,47.2092,47.3004,93701.738907089
2014-10-31,47.3004,47.3371,47.2717,47.2905,149538.12798513
2014-11-03,47.2717,47.3103,47.236,47.2806,109383.40955543
2014-11-04,47.2449,47.2905,47.227,47.2528,54412.341296486
2014-11-05,47.2092,47.3004,47.2092,47.2806,172065.71672215
2014-11-06,47.2717,47.3004,47.2449,47.2717,58263.926620687
2014-11-07,47.2905,47.3976,47.2905,47.3787,159482.25767789
2014-11-10,47.3609,47.3877,47.3103,47.3272,49169.989760693
2014-11-11,47.3183,47.353,47.3004,47.3004,55933.208190672
2014-11-12,47.3272,47.3698,47.2905,47.3272,80226.737200714
2014-11-13,47.3103,47.3371,47.236,47.2449,121512.02047683
2014-11-14,47.1913,47.3272,47.1913,47.3004,193402.22866737
2014-11-17,47.2806,47.3183,47.2449,47.2717,83320.914675091
2014-11-18,47.236,47.2806,47.236,47.2806,66151.658702534
2014-11-19,47.1913,47.2627,47.1814,47.1814,54434.529009797
2014-11-20,47.2528,47.2627,47.2092,47.236,64801.23378787
2014-11-21,47.2627,47.3103,47.2627,47.2717,81180.808873061
2014-11-24,47.2528,47.3103,47.2528,47.2717,102375.11774661
2014-11-25,47.2717,47.2905,47.2181,47.2627,69186.332763943
2014-11-26,47.2449,47.2806,47.227,47.236,90725.559726226
2014-11-28,47.1814,47.2181,47.1358,47.1814,29360.395904198
2014-12-01,47.2449,47.2449,47.1626,47.1814,74795.790101782
2014-12-02,47.1269,47.1537,47.0466,47.0466,142218.19965755
2014-12-03,47.0198,47.0565,47.0099,47.0386,70224.112627416
2014-12-04,47.0664,47.0664,47.0099,47.0466,252878.41126074
2014-12-05,46.9395,46.9395,46.8364,46.8532,52298.457337459
2014-12-08,46.7878,46.8364,46.7689,46.8265,60104.498293027
2014-12-09,46.8265,46.8969,46.8265,46.8711,64885.950511418
2014-12-10,46.8076,46.8969,46.8076,46.8869,69134.89761036
2014-12-11,46.88,46.88,46.7779,46.8175,59558.882252076
2014-12-12,46.7392,46.8076,46.6678,46.7313,47026.858361393
2014-12-15,46.6678,46.6866,46.6063,46.6252,247446.45562939
2014-12-16,46.6311,46.7134,46.6153,46.6777,67318.530716177
2014-12-17,46.6777,46.7313,46.529,46.5637,141885.38395789
2014-12-18,46.5012,46.5637,46.4636,46.4834,131014.41296822
2014-12-19,46.5558,46.5706,46.4735,46.5201,114311.09897518
2014-12-22,46.5012,46.5706,46.5012,46.5379,129682.14163717
2014-12-23,46.5012,46.5558,46.4447,46.4923,142333.17235379
2014-12-24,46.3971,46.4447,46.3535,46.3872,53950.433446661
2014-12-26,46.3813,46.4447,46.3436,46.3634,71122.715016487
2014-12-29,46.5111,46.5201,46.3188,46.406,129837.45563034
2014-12-30,46.4636,46.4636,46.3723,46.416,139652.49317293
2014-12-31,46.3813,46.6153,46.3813,46.5201,144957.37371896
2015-01-02,46.4923,46.6391,46.4923,46.5885,100396.37713229
2015-01-05,46.4636,46.5558,46.4636,46.529,93541.3822518
2015-01-06,46.4636,46.5706,46.406,46.4249,111978.36348032
2015-01-07,46.3872,46.5111,46.3872,46.4834,54262.06996543
2015-01-08,46.4636,46.5786,46.4636,46.5637,129614.56996482
2015-01-09,46.5468,46.6391,46.5468,46.5984,43430.431740262
2015-01-12,46.5637,46.6063,46.5468,46.5706,80219.677473751
2015-01-13,46.4636,46.5706,46.4636,46.5637,490382.75426223
2015-01-14,46.5885,46.7035,46.5885,46.6866,49934.457337478
2015-01-15,46.7223,46.8532,46.7223,46.8364,369476.86177174
2015-01-16,46.88,46.88,46.7313,46.7689,72943.116040363
2015-01-20,46.7223,46.7878,46.7035,46.7223,88560.240613615
2015-01-21,46.7689,46.8076,46.6777,46.7134,69395.098975546
2015-01-22,46.8076,46.8076,46.6311,46.6866,171933.59897471
2015-01-23,46.7035,46.8076,46.7035,46.8076,123207.36348023
2015-01-26,46.7223,46.7689,46.7035,46.7491,132216.58361667
2015-01-27,46.8076,46.8869,46.7977,46.8631,155101.1928315
2015-01-28,46.8364,46.9246,46.8265,46.88,695847.03071107
2015-01-29,46.8532,46.9296,46.8433,46.9246,152989.32593732
2015-01-30,47.0297,47.0565,46.9395,47.0565,175294.02900882
2015-02-02,47.0664,47.0833,47.0099,47.0565,54621.107508089
2015-02-03,47.0565,47.119,47.0386,47.0743,179035.68429889
2015-02-04,47.0297,47.0664,46.9573,47.0565,46604.283276072
2015-02-05,47.1358,47.1814,46.9831,47.0297,114251.59556221
2015-02-06,46.9246,46.9296,46.7977,46.7977,75635.897610307
2015-02-09,46.7977,46.7977,46.7392,46.7779,64573.305460226
2015-02-10,46.7313,46.7779,46.6579,46.6678,57060.74743981
2015-02-11,46.6678,46.7491,46.5984,46.6579,103232.37030633
2015-02-12,46.6579,46.7392,46.648,46.6678,55670.98976064
2015-02-13,46.6777,46.7223,46.6153,46.6391,46472.165528633
2015-02-17,46.6678,46.6678,46.5468,46.5786,86378.784982234
2015-02-18,46.5468,46.6777,46.5201,46.6678,114418.00341204
2015-02-19,46.5468,46.6153,46.5379,46.6063,96710.191125494
2015-02-20,46.6579,46.7035,46.5468,46.5706,56981.073378377
2015-02-23,46.5558,46.5984,46.5468,46.5558,2991897.1586788
2015-02-24,46.5468,46.6777,46.4834,46.6391,146877.61945273
2015-02-25,46.6252,46.7223,46.5984,46.6966,132269.02730268
2015-02-26,46.7689,46.7779,46.7134,46.7313,102618.1740606
2015-02-27,46.7878,46.8869,46.7689,46.8869,237499.30033937
2015-03-02,46.8265,46.8265,46.7223,46.7392,108092.48805373
2015-03-03,46.7134,46.7779,46.7134,46.7779,97081.331057232
2015-03-04,46.7779,46.8076,46.7223,46.759,92857.59726887
2015-03-05,46.7392,46.7689,46.6579,46.6966,86074.208190427
2015-03-06,46.6153,46.6252,46.5637,46.5637,120547.86348025
2015-03-09,46.5706,46.5984,46.5012,46.529,99417.092149363
2015-03-10,46.5012,46.5379,46.4834,46.4923,333396.61433176
2015-03-11,46.4923,46.5468,46.4447,46.529,71952.737200781
2015-03-12,46.6579,46.6678,46.4447,46.4834,76177.479521566
2015-03-13,46.3872,46.4636,46.3723,46.3971,96081.875425841
2015-03-16,46.4249,46.4249,46.3267,46.3813,71396.027303174
2015-03-17,46.3099,46.3535,46.2662,46.294,66724.505118912
2015-03-18,46.294,46.7313,46.2662,46.5984,99087.302046977
2015-03-19,46.5637,46.6391,46.4636,46.5706,81401.677473742
2015-03-20,46.5786,46.6678,46.5706,46.6311,81848.457337219
2015-03-23,46.5885,46.6063,46.5558,46.5885,52267.19283234
2015-03-24,46.6153,46.6866,46.5885,46.6866,101640.90614252
2015-03-25,46.7223,46.7491,46.6777,46.6966,112985.8873711
2015-03-26,46.759,46.759,46.6391,46.6966,50486.124572969
2015-03-27,46.6866,46.7223,46.6252,46.6252,56046.16382207
2015-03-30,46.6153,46.6678,46.5885,46.6252,67838.933446548
2015-03-31,46.5984,46.6966,46.5885,46.6678,133440.94197844
2015-04-01,46.7035,46.8433,46.7035,46.8364,79732.556313346
2015-04-02,46.7689,46.8076,46.7313,46.759,86740.848122162
2015-04-06,46.8869,46.9663,46.8869,46.9494,88633.863480509
2015-04-07,46.88,46.9296,46.88,46.8869,95945.723548709
2015-04-08,46.8711,46.8869,46.7878,46.8175,38479.546074773
2015-04-09,46.8532,46.8532,46.759,46.8265,61416.59897561
2015-04-10,46.8265,46.8265,46.7313,46.7779,74284.464163219
2015-04-13,46.8175,46.8265,46.7779,46.8076,46036.47952181
2015-04-14,46.8532,46.8869,46.7977,46.8711,61830.097269122
2015-04-15,46.8969,46.9831,46.8433,46.9732,82893.296927654
2015-04-16,47.0297,47.0297,46.8969,47.0198,51248.575084908
2015-04-17,47.0565,47.1537,47.0099,47.119,445602.90613973
2015-04-20,47.0099,47.1626,47.0099,47.1269,390724.62286372
2015-04-21,47.0565,47.1001,46.9831,47.0297,204429.52218264
2015-04-22,46.9831,47.0099,46.9494,46.9831,176958.1075071
2015-04-23,47.0386,47.0833,46.9911,47.0833,208734.94709728
2015-04-24,47.0297,47.1358,47.0297,47.1269,183203.94880397
2015-04-27,47.109,47.1437,47.0833,47.1269,207731.4573362
2015-04-28,47.0386,47.109,47.001,47.0466,229920.17917902
2015-04-29,46.9831,47.0743,46.9395,47.0198,309710.22184049
2015-04-30,47.0198,47.0664,46.9296,47.0565,187048.47440121
2015-05-01,46.9911,47.0198,46.9296,46.9663,212850.76791636
2015-05-04,46.9831,47.0099,46.9246,46.9395,149020.75085203
2015-05-05,46.9573,46.9831,46.8969,46.9573,191611.07508377
2015-05-06,46.9732,46.9732,46.8076,46.88,158715.77303625
2015-05-07,46.8364,46.8711,46.7878,46.8631,94844.406142574
2015-05-08,46.9494,46.9663,46.9048,46.9246,121326.45051096
2015-05-11,46.88,46.9048,46.7491,46.7878,269674.51023672
2015-05-12,46.7977,46.8631,46.7779,46.8631,127887.9624563
2015-05-13,46.9296,46.9573,46.88,46.9048,290359.51023655
2015-05-14,46.9573,46.9663,46.9147,46.9663,89631.302047054
2015-05-15,46.9395,46.9911,46.9147,46.9911,89521.372012925
2015-05-18,46.9831,46.9831,46.9048,46.9296,93255.967576034
2015-05-19,46.7977,46.8711,46.7977,46.8364,89434.63822453
2015-05-20,46.88,46.9573,46.8265,46.9395,72365.22696187
2015-05-21,46.9147,46.9831,46.9147,46.9732,68616.511944835
2015-05-22,46.9831,46.9911,46.9048,46.9573,183269.50341148
2015-05-26,46.9296,46.9573,46.9048,46.9296,108718.78668854
2015-05-27,46.8969,46.8969,46.8175,46.88,170703.18941841
2015-05-28,46.8433,46.8969,46.8175,46.8969,97605.767917296
2015-05-29,46.9494,47.001,46.8969,46.9732,127775.0068249
2015-06-01,46.9732,46.9911,46.8532,46.8711,104379.07167151
2015-06-02,46.8869,46.8969,46.8175,46.88,77944.428327012
2015-06-03,46.8265,46.8433,46.7689,46.8175,71952.737200781
2015-06-04,46.8532,46.8869,46.7779,46.8265,74505.3327639
2015-06-05,46.6866,46.7977,46.6678,46.7977,77846.600681962
2015-06-08,46.8175,46.8433,46.7878,46.8175,75955.602388462
2015-06-09,46.7779,46.8364,46.759,46.7878,53526.849828917
2015-06-10,46.7878,46.8364,46.7491,46.7689,69064.300340736
2015-06-11,46.7779,46.8265,46.7134,46.8076,43922.595562783
2015-06-12,46.7878,46.8433,46.7491,46.8076,55379.523890335
2015-06-15,46.8711,46.88,46.7977,46.8433,62719.622866385
2015-06-16,46.8869,46.9395,46.8631,46.9296,104978.13993089
2015-06-17,46.9048,47.0466,46.8175,47.0386,58720.791808397
2015-06-18,47.0099,47.0099,46.9395,47.001,48931.976108818
2015-06-19,46.9911,47.0386,46.9573,46.9831,45814.602388706
2015-06-22,46.9395,46.9663,46.8869,46.8869,50600.08873679
2015-06-23,46.88,46.9296,46.8631,46.8711,81458.155289441
2015-06-24,46.9048,46.9395,46.8631,46.9246,68616.511944835
2015-06-25,46.8532,46.8969,46.8364,46.8631,69725.897610355
2015-06-26,46.7977,46.8631,46.7977,46.8631,42816.235494533
2015-06-29,46.8532,46.9494,46.8532,46.9395,155912.05289976
2015-06-30,46.9395,47.001,46.8869,46.9573,118891.85324136
2015-07-01,46.8869,46.9296,46.8631,46.88,87634.407849118
2015-07-02,46.9147,47.0099,46.9147,46.9395,130110.76791703
2015-07-06,46.9911,47.0297,46.9395,46.9831,79622.626279217
2015-07-07,47.0198,47.0386,46.9573,46.9831,45596.759385295
2015-07-08,46.9732,47.0099,46.9494,47.0099,57713.26791762
2015-07-09,46.9573,47.001,46.9395,46.9732,88410.977814982
2015-07-10,46.9296,46.9296,46.8364,46.9296,68280.67064791
2015-07-13,46.8433,46.8532,46.7878,46.7878,59160.511944912
2015-07-14,46.8631,46.88,46.7977,46.8433,39864.261091826
2015-07-15,46.8364,46.8969,46.8175,46.88,60968.81057971
2015-07-16,46.8076,46.88,46.7878,46.8532,76284.383958425
2015-07-17,46.7779,46.8433,46.7779,46.8265,74284.464163219
2015-07-20,46.759,46.8076,46.7392,46.7491,76400.365187093
2015-07-21,46.7313,46.8364,46.7313,46.8265,61830.097269122
2015-07-22,46.8364,46.8433,46.7491,46.7878,84409.121159724
2015-07-23,46.7313,46.8532,46.7134,46.7689,97195.295221054
2015-07-24,46.7878,46.8076,46.6966,46.7392,67283.232081365
2015-07-27,46.7491,46.7977,46.7392,46.7779,60054.071671867
2015-07-28,46.7035,46.759,46.7035,46.7491,66388.663821986
2015-07-29,46.6866,46.8532,46.6866,46.7689,53708.385665093
2015-07-30,46.7392,46.7779,46.7134,46.759,55712.339589991
2015-07-31,46.7689,46.8175,46.7491,46.8175,64821.404436334
2015-08-03,46.7689,46.7878,46.7134,46.7223,76928.83617685
2015-08-04,46.7313,46.7392,46.5885,46.6153,95897.313992395
2015-08-05,46.6311,46.6311,46.5379,46.5379,60823.581910769
2015-08-06,46.5706,46.6063,46.5379,46.5706,45571.546074715
2015-08-07,46.5558,46.6063,46.5191,46.5885,40071.010238582
2015-08-10,46.5637,46.6311,46.5637,46.6252,40289.861774417
2015-08-11,46.6678,46.7035,46.6153,46.6966,48627.399317011
2015-08-12,46.7392,46.7689,46.6311,46.6311,57493.407849362
2015-08-13,46.5984,46.6153,46.5558,46.5885,45509.017064477
2015-08-14,46.5102,46.5637,46.5002,46.5102,48506.375426227
2015-08-17,46.5706,46.5984,46.5002,46.5002,47615.841296542
2015-08-18,46.4725,46.5468,46.4626,46.5002,71034.972695669
2015-08-19,46.4239,46.5468,46.3872,46.5002,73810.453924315
2015-08-20,46.4824,46.5191,46.4051,46.5191,169927.62798497
2015-08-21,46.4626,46.5191,46.4437,46.4824,278369.06825712
2015-08-24,46.5637,46.6153,46.4338,46.4725,164513.82593723
2015-08-25,46.4824,46.5191,46.4239,46.4626,122088.9010229
2015-08-26,46.4239,46.5002,46.3872,46.4437,60709.617746947
2015-08-27,46.4725,46.5706,46.4437,46.529,123977.88225155
2015-08-28,46.5637,46.6252,46.5468,46.5786,102558.67064763
2015-08-31,46.5885,46.648,46.5468,46.6311,251445.28668738
2015-09-01,46.6153,46.6391,46.5637,46.6153,55002.332764058
2015-09-02,46.5637,46.5984,46.5379,46.5379,57990.614334
2015-09-03,46.6063,46.6311,46.5468,46.5786,84552.332763818
2015-09-04,46.5468,46.5706,46.5002,46.5468,46369.295221466
2015-09-08,46.4536,46.5102,46.4536,46.4725,34752.010238626
2015-09-09,46.5002,46.529,46.4536,46.5002,105359.36518686
2015-09-10,46.5102,46.5637,46.4725,46.5637,48840.199658306
2015-09-11,46.5191,46.5984,46.5191,46.5786,98383.346415583
2015-09-14,46.5885,46.6063,46.529,46.5706,340535.00682317
2015-09-15,46.5379,46.5468,46.414,46.4536,58100.544368129
2015-09-16,46.4725,46.5379,46.4437,46.4913,99823.530715913
2015-09-17,46.4437,46.7035,46.3793,46.6866,49348.499999599
2015-09-18,46.6391,46.6678,46.5885,46.6579,293386.11603857
2015-09-21,46.5885,46.6252,46.5558,46.5786,48254.242320427
2015-09-22,46.5637,46.6252,46.5637,46.5984,79573.20819048
2015-09-23,46.6153,46.6252,46.5706,46.5786,82168.162115374
2015-09-24,46.6063,46.648,46.5558,46.5558,72654.675767328
2015-09-25,46.5102,46.5558,46.4824,46.5102,40504.679180558
2015-09-28,46.4536,46.5191,46.414,46.4437,57645.696245266
2015-09-29,46.4913,46.5468,46.4824,46.5379,39619.187712989
2015-09-30,46.5379,46.6153,46.5191,46.5984,177847.63310436
2015-10-01,46.6579,46.6966,46.6153,46.6579,186257.78498142
2015-10-02,46.7402,46.7888,46.7035,46.7699,71163.056313415
2015-10-05,46.7699,46.7987,46.7402,46.76,36000.573378547
2015-10-06,46.7501,46.8641,46.7501,46.8443,43937.723549131
2015-10-07,46.8086,46.8542,46.7888,46.8274,47631.977815313
2015-10-08,46.7987,46.8978,46.7888,46.8443,73594.62798575
2015-10-09,46.8086,46.8364,46.7501,46.76,83887.70989693
2015-10-12,46.76,46.8274,46.7313,46.7402,57166.643344246
2015-10-13,46.6866,46.7313,46.6866,46.7035,92188.940272289
2015-10-14,46.7223,46.7888,46.7223,46.7888,76476.005118833
2015-10-15,46.7402,46.7789,46.7313,46.7313,42606.460750507
2015-10-16,46.7134,46.7699,46.6966,46.7402,43381.013651525
2015-10-19,46.7035,46.7134,46.648,46.7035,50708.001706073
2015-10-20,46.6391,46.6777,46.6311,46.6579,48917.856654893
2015-10-21,46.648,46.7035,46.6391,46.6678,141435.57849714
2015-10-22,46.6966,46.7134,46.648,46.6966,123402.01023791
2015-10-23,46.6866,46.6966,46.6391,46.6866,588326.3805413
2015-10-26,46.6678,46.6866,46.6311,46.6866,73927.443685406
2015-10-27,46.6777,46.7223,46.6777,46.6866,53231.349828919
2015-10-28,46.6579,46.6966,46.5637,46.5786,58988.052900545
2015-10-29,46.5191,46.6153,46.5191,46.5706,85435.807166542
2015-10-30,46.5706,46.5984,46.5468,46.5885,48142.295221452
2015-11-02,46.5002,46.6063,46.5002,46.5637,56932.663822063
2015-11-03,46.5706,46.6063,46.5379,46.5885,63324.742320305
2015-11-04,46.5558,46.5984,46.4536,46.5102,136362.66040845
2015-11-05,46.4626,46.4725,46.414,46.4725,270588.24061214
2015-11-06,46.3862,46.3862,46.3317,46.3862,66735.598975567
2015-11-09,46.3793,46.414,46.3515,46.3951,163983.33788263
2015-11-10,46.5558,46.5558,46.3703,46.3862,82337.595562471
2015-11-11,46.4041,46.4041,46.3515,46.4041,39511.274743706
2015-11-12,46.3515,46.3793,46.3247,46.3703,107567.04266124
2015-11-13,46.3793,46.414,46.3614,46.3951,574823.13992707
2015-11-16,46.4536,46.5102,46.3614,46.3862,85105.008531732
2015-11-17,46.3703,46.4239,46.3515,46.3703,76694.856654667
2015-11-18,46.3515,46.4041,46.3416,46.3951,86212.377132406
2015-11-19,46.3793,46.4338,46.3793,46.4239,186367.71501555
2015-11-20,46.4437,46.4626,46.414,46.4239,83115.174060758
2015-11-23,46.4239,46.4824,46.4041,46.4536,157481.32935026
2015-11-24,46.4824,46.529,46.4725,46.4913,107684.03242233
2015-11-25,46.4626,46.5191,46.4239,46.5191,140995.85836063
2015-11-27,46.5191,46.529,46.4824,46.5002,58322.421501233
2015-11-30,46.4913,46.5102,46.4437,46.4626,91745.186006081
2015-12-01,46.4725,46.5786,46.4725,46.5558,80619.056313338
2015-12-02,46.4725,46.4913,46.4338,46.4626,69473.764504555
2015-12-03,46.4536,46.4536,46.3793,46.4437,80153.11433382
2015-12-04,46.4437,46.5002,46.3951,46.4041,77468.401023262
2015-12-07,46.3614,46.4041,46.3515,46.3703,61863.378839088
2015-12-08,46.3515,46.3951,46.3317,46.3951,45367.822525229
2015-12-09,46.3515,46.3951,46.3317,46.3793,69941.72354892
2015-12-10,46.3614,46.3703,46.2831,46.2831,125058.0204768
2015-12-11,46.3317,46.3862,46.3247,46.3515,109231.12115952
2015-12-14,46.2732,46.3168,46.2365,46.2454,67939.786688868
2015-12-15,46.2365,46.2831,46.2276,46.2831,95178.230374654
2015-12-16,46.2365,46.292,46.1552,46.1552,100823.99487973
2015-12-17,46.1552,46.2553,46.0798,46.2177,382919.59044058
2015-12-18,46.2454,46.3168,46.2365,46.292,152285.37030593
2015-12-21,46.2454,46.2652,46.2276,46.2365,82116.72696179
2015-12-22,46.1998,46.2454,46.1829,46.2097,217989.24061256
2015-12-23,46.2097,46.292,46.2097,46.2732,105913.04948719
2015-12-24,46.292,46.3168,46.2732,46.2831,35027.339590159
2015-12-28,46.2652,46.3168,46.2454,46.3168,127395.79863378
2015-12-29,46.2831,46.3168,46.2177,46.2831,75698.426620546
2015-12-30,46.2177,46.2553,46.174,46.1909,153144.6399305
2015-12-31,46.2454,46.414,46.174,46.3793,163613.20648331
2016-01-04,46.3793,46.4457,46.3515,46.3862,62393.866893691
2016-01-05,46.3366,46.4041,46.3327,46.3951,46929.030716342
2016-01-06,46.3862,46.414,46.3237,46.4041,62370.670647958
2016-01-07,46.414,46.4239,46.3793,46.414,115342.82764411
2016-01-08,46.414,46.4626,46.3793,46.4626,46118.17064809
2016-01-11,46.3862,46.4626,46.3614,46.3614,62399.91808823
2016-01-12,46.414,46.4269,46.3703,46.3703,74226.977815097
2016-01-13,46.4041,46.4626,46.3703,46.4041,96355.187712528
2016-01-14,46.414,46.4824,46.3862,46.4824,104316.54266127
2016-01-15,46.5468,46.5558,46.3951,46.414,109290.62457249
2016-01-19,46.4239,46.4626,46.3862,46.4239,78352.883958408
2016-01-20,46.4437,46.4824,46.3862,46.4338,180689.67747294
2016-01-21,46.4338,46.4437,46.3703,46.3793,93649.295221082
2016-01-22,46.3793,46.4437,46.3703,46.4437,106061.3037534
2016-01-25,46.414,46.4536,46.3862,46.4041,103922.2064838
2016-01-26,46.4239,46.4943,46.414,46.4725,125433.19453823
2016-01-27,46.4437,46.5468,46.414,46.5468,56586.737200906
2016-01-28,46.5379,46.6044,46.5379,46.5637,74388.343002809
2016-01-29,46.6311,46.6866,46.6073,46.6678,228418.47440088
2016-02-01,46.6153,46.6311,46.5637,46.5885,137656.60750741
2016-02-02,46.6153,46.6391,46.5984,46.6252,65906.585323697
2016-02-03,46.6252,46.7342,46.6252,46.6579,153046.81228545
2016-02-04,46.648,46.7313,46.6311,46.6579,75129.614333861
2016-02-05,46.6311,46.648,46.5478,46.5984,87124.090442978
2016-02-08,46.5468,46.5984,46.5002,46.529,115532.43173968
2016-02-09,46.4725,46.5002,46.4041,46.4239,75712.54607447
2016-02-10,46.414,46.5002,46.4041,46.5002,190430.0836162
2016-02-11,46.5468,46.5706,46.4606,46.5102,113791.70477723
2016-02-12,46.529,46.5786,46.4725,46.5102,64550.109214493
2016-02-16,46.4626,46.5102,46.4338,46.4338,72658.709897021
2016-02-17,46.414,46.4824,46.3951,46.4437,80530.305460097
2016-02-18,46.4626,46.5191,46.4239,46.5102,74105.953924313
2016-02-19,46.4913,46.5637,46.4437,46.4913,70703.165528436
2016-02-22,46.4913,46.5706,46.4913,46.5706,66233.349828814
2016-02-23,46.5002,46.6311,46.5002,46.6252,66708.368600141
2016-02-24,46.6153,46.7313,46.6153,46.6777,69666.394197386
2016-02-25,46.6866,46.7888,46.6866,46.7888,91016.017064107
2016-02-26,46.7223,46.7789,46.6777,46.6866,76602.071671733
2016-02-29,46.6678,46.8086,46.6579,46.7888,139517.34982822
2016-03-01,46.7789,46.7789,46.6777,46.7313,74126.124572777
2016-03-02,46.6866,46.76,46.6678,46.7134,68240.329350982
2016-03-03,46.7699,46.8086,46.7223,46.7987,64974.70136466
2016-03-04,46.7789,46.8086,46.6866,46.7223,92170.786688671
2016-03-07,46.6966,46.7313,46.6678,46.7223,62211.322525092
2016-03-08,46.7501,46.8542,46.7233,46.8274,138292.99146645
2016-03-09,46.76,46.8364,46.76,46.7699,66780.982934611
2016-03-10,46.8185,46.8185,46.6966,46.6966,81223.167234835
2016-03-11,46.7313,46.7699,46.6866,46.7699,121419.23549389
2016-03-14,46.7313,46.7699,46.7035,46.7035,55754.697951766
2016-03-15,46.7501,46.7551,46.6311,46.6678,126388.274743
2016-03-16,46.7035,46.9673,46.648,46.9673,55995.73720091
2016-03-17,47.0317,47.0595,46.9742,46.9742,44032.525596912
2016-03-18,47.112,47.1299,47.0496,47.0496,168476.34982798
2016-03-21,47.0763,47.1299,47.0317,47.0952,125940.4863471
2016-03-22,47.0862,47.112,47.003,47.0317,170801.01706346
2016-03-23,47.0218,47.0496,46.9841,47.0218,57417.767917622
2016-03-24,46.9742,47.0218,46.9405,47.0218,44725.38737165
2016-03-28,47.0119,47.0317,46.9583,46.9583,168662.92832628
2016-03-29,47.0119,47.2122,46.993,47.2122,138557.22696133
2016-03-30,47.2389,47.2836,47.1943,47.2469,66542.969282736
2016-03-31,47.3034,47.3183,47.23,47.2935,288803.34470755
2016-04-01,47.4194,47.4194,47.226,47.2836,113467.96586939
2016-04-04,47.2935,47.3133,47.2399,47.2469,96162.558019697
2016-04-05,47.3034,47.3034,47.2211,47.2558,102748.27474319
2016-04-06,47.2746,47.2746,47.1626,47.2469,76429.612627366
2016-04-07,47.3133,47.3133,47.23,47.3034,54882.317405698
2016-04-08,47.2935,47.3034,47.2399,47.3034,83545.817405465
2016-04-11,47.2836,47.3034,47.23,47.2389,53443.141637791
2016-04-12,47.2023,47.2389,47.1745,47.2389,51540.040955213
2016-04-13,47.2023,47.23,47.1566,47.2122,78494.078497656
2016-04-14,47.1467,47.1943,47.1051,47.1378,56293.254265754
2016-04-15,47.0952,47.1943,47.0952,47.1745,93190.412968526
2016-04-18,47.1031,47.1745,47.0952,47.1656,63245.068258872
2016-04-19,47.1745,47.2042,47.1467,47.1943,68094.092149618
2016-04-20,47.1943,47.2211,47.1319,47.1656,74107.970989159
2016-04-21,47.1467,47.1794,47.0952,47.1566,94518.650169881
2016-04-22,47.12,47.1745,47.12,47.1467,41551.53583584
2016-04-25,47.1656,47.1844,47.12,47.1378,36223.459044074
2016-04-26,47.1467,47.1467,47.0862,47.112,67599.91126225
2016-04-27,47.1844,47.2211,47.1279,47.2211,49520.959043966
2016-04-28,47.2558,47.347,47.2211,47.3391,586500.9368553
2016-04-29,47.3034,47.3391,47.2479,47.3133,36715.622866596
2016-05-02,47.4372,47.4372,47.2023,47.2469,55275.645050746
2016-05-03,47.3649,47.3649,47.2558,47.2746,106280.15528924
2016-05-04,47.3212,47.3212,47.2389,47.3034,110265.87542573
2016-05-05,47.2558,47.3391,47.2399,47.3034,80675.534129038
2016-05-06,47.3391,47.3649,47.23,47.2389,461778.75767543
2016-05-09,47.2746,47.3381,47.23,47.3302,338767.0494853
2016-05-10,47.2746,47.3649,47.2568,47.3649,164722.59214883
2016-05-11,47.4283,47.4283,47.2945,47.3728,38269.771330747
2016-05-12,47.3649,47.3817,47.2746,47.3559,83109.122866219
2016-05-13,47.3391,47.3728,47.2469,47.3728,78584.846415744
2016-05-16,47.3728,47.3728,47.2836,47.347,42282.72184266
2016-05-17,47.2647,47.4194,47.2647,47.3649,44113.208190768
2016-05-18,47.2647,47.3173,47.12,47.1517,59177.656996106
2016-05-19,47.1656,47.2122,47.1299,47.1566,41659.448805122
2016-05-20,47.1378,47.1943,47.12,47.1566,31278.624573125
2016-05-23,47.12,47.2161,47.112,47.1566,46443.926620783
2016-05-24,47.1656,47.1943,47.112,47.1566,57116.216723086
2016-05-25,47.1566,47.2122,47.1299,47.2023,35832.148463873
2016-05-26,47.2647,47.2935,47.1656,47.2558,57005.278156534
2016-05-27,47.4372,47.4372,47.112,47.1745,46155.486347748
2016-05-31,47.1656,47.2647,47.1309,47.2023,69357.783275887
2016-06-01,47.1656,47.2697,47.1378,47.1566,73416.117746844
2016-06-02,47.1656,47.2568,47.1299,47.2469,45631.049487684
2016-06-03,47.3649,47.4333,47.3649,47.3817,37700.959044062
2016-06-06,47.4105,47.4372,47.3728,47.4372,56574.634811827
2016-06-07,47.4372,47.5225,47.4372,47.5136,72950.175767326
2016-06-08,47.5552,47.5632,47.4848,47.5483,62922.337883448
2016-06-09,47.5037,47.58,47.5037,47.5483,67685.636518222
2016-06-10,47.5711,47.5979,47.5225,47.5711,80018.979521534
2016-06-13,47.6722,47.6722,47.4848,47.5711,48970.300340899
2016-06-14,47.5305,47.6068,47.5186,47.5503,29373.5068257
2016-06-15,47.5552,47.9747,47.461,47.6346,89478.005118727
2016-06-16,47.6346,47.6435,47.5305,47.5552,62847.706484131
2016-06-17,47.5979,47.6256,47.5037,47.5483,62652.05119403
2016-06-20,47.5632,47.6435,47.4779,47.5037,37839.127986041
2016-06-21,47.4462,47.5027,47.4333,47.4462,80777.395903781
2016-06-22,47.4749,47.5384,47.3976,47.4948,28451.708190895
2016-06-23,47.3916,47.5552,47.3916,47.5037,30099.650170404
2016-06-24,47.5552,47.6901,47.5225,47.5533,42536.872013306
2016-06-27,47.7079,47.7079,47.5394,47.6068,54496.049487612
2016-06-28,47.6722,47.6722,47.5552,47.6524,58064.237200894
2016-06-29,47.6822,47.7357,47.6068,47.6901,94368.378838824
2016-06-30,47.6901,47.7645,47.6455,47.7268,154674.58361649
2016-07-01,47.8349,47.9142,47.7625,47.7912,37698.941979216
2016-07-05,47.8349,47.8686,47.7912,47.82,30630.138225007
2016-07-06,47.8864,47.9142,47.8011,47.8864,31269.547781316
2016-07-07,47.9043,47.9043,47.822,47.8428,40770.931740283
2016-07-08,47.8269,47.8686,47.7912,47.8517,86866.914675062
2016-07-11,47.7823,47.8101,47.7179,47.7456,57669.901023422
2016-07-12,47.8517,47.8517,47.7129,47.7555,45077.365187347
2016-07-13,47.8269,47.9737,47.7079,47.7724,87775.602388366
2016-07-14,47.7179,47.7724,47.699,47.7456,39802.740614011
2016-07-15,47.6435,47.7645,47.6157,47.699,216887.92320643
2016-07-18,47.6901,47.7545,47.6435,47.7079,141128.98464049
2016-07-19,47.7268,47.7268,47.6435,47.6822,78055.366893564
2016-07-20,47.6623,47.6623,47.5711,47.6157,59247.245733307
2016-07-21,47.6435,47.7179,47.5552,47.6822,53700.317405707
2016-07-22,47.6346,47.6623,47.5632,47.6068,142900.97610805
2016-07-25,47.5552,47.6068,47.5225,47.5632,73472.595562543
2016-07-26,47.5711,47.5711,47.5047,47.5483,81797.022183636
2016-07-27,47.58,47.5979,47.3619,47.5632,91542.470989018
2016-07-28,47.6068,47.6256,47.5305,47.589,120866.55972598
2016-07-29,47.6623,47.7079,47.58,47.6722,40406.851535508
2016-08-01,47.4938,47.7079,47.4938,47.5126,162944.54948673
2016-08-02,47.464,47.5483,47.4551,47.5027,98113.059726166
2016-08-03,47.5384,47.5979,47.4938,47.5483,122833.19795122
2016-08-04,47.5711,47.7169,47.5711,47.699,131563.05460644
2016-08-05,47.5711,47.6722,47.5305,47.58,115528.39760998
2016-08-08,47.5979,47.6356,47.5384,47.5384,67717.909555764
2016-08-09,47.58,47.6157,47.5384,47.5979,93985.136518008
2016-08-10,47.6435,47.6435,47.5483,47.6157,247490.83105601
2016-08-11,47.5384,47.6306,47.5126,47.5632,84603.767917402
2016-08-12,47.589,47.6623,47.5483,47.6068,523413.19965445
2016-08-15,47.6157,47.6336,47.5215,47.58,105166.73549403
2016-08-16,47.58,47.58,47.4501,47.5215,63737.232081394
2016-08-17,47.4838,47.6246,47.4838,47.5483,43688.616040601
2016-08-18,47.58,47.6722,47.5711,47.6722,88969.704777434
2016-08-19,47.5483,47.6524,47.5384,47.5979,106053.23549402
2016-08-22,47.5979,47.6435,47.5384,47.6435,27130.530716503
2016-08-23,47.7179,47.7179,47.6068,47.6157,33740.452218156
2016-08-24,47.6822,47.7436,47.6068,47.6068,51688.295221423
2016-08-25,47.5552,47.6316,47.5552,47.58,166320.10750718
2016-08-26,47.5711,47.6524,47.4452,47.4938,40829.426620829
2016-08-29,47.5552,47.5552,47.4779,47.5483,43776.358361419
2016-08-30,47.5632,47.5632,47.4739,47.5215,95661.317405366
2016-08-31,47.5215,47.5681,47.4452,47.4838,49007.616040558
2016-09-01,47.4838,47.5027,47.3906,47.4452,45047.109214651
2016-09-02,47.4739,47.5215,47.4372,47.464,102833.99999916
2016-09-06,47.5305,47.6256,47.4452,47.58,37593.04607478
2016-09-07,47.6732,47.6831,47.589,47.6435,49777.126279459
2016-09-08,47.6435,47.7188,47.58,47.6256,68196.962456784
2016-09-09,47.4838,47.5473,47.4838,47.5215,71343.583617168
2016-09-12,47.5126,47.5632,47.4551,47.5384,113497.21330966
2016-09-13,47.5711,47.589,47.4372,47.5027,54559.587030274
2016-09-14,47.5979,47.5979,47.4938,47.5305,138395.86177362
2016-09-15,47.5711,47.6068,47.4848,47.58,63880.443685488
2016-09-16,47.589,47.6157,47.5552,47.6068,68968.489760532
2016-09-19,47.6346,47.6425,47.5711,47.5711,31368.38395879
2016-09-20,47.589,47.6157,47.5552,47.589,38220.35324201
2016-09-21,47.5711,47.7565,47.5384,47.6435,53824.366893761
2016-09-22,47.6157,47.7565,47.6157,47.7367,37504.295221538
2016-09-23,47.7555,47.8071,47.7089,47.7466,40018.566552576
2016-09-26,47.8279,47.8279,47.7565,47.7833,69941.72354892
2016-09-27,47.7734,47.7833,47.7089,47.7833,94148.518770566
2016-09-28,47.7565,47.8626,47.7565,47.8448,52007.999999578
2016-09-29,47.821,47.8884,47.7972,47.8705,53694.266211168
2016-09-30,47.821,47.8884,47.821,47.8795,29469.317405904
2016-10-03,47.821,47.8884,47.7565,47.8448,52365.02047739
2016-10-04,47.8537,47.8537,47.7367,47.7654,76424.56996525
2016-10-05,47.7367,47.7565,47.7089,47.7565,48411.573378446
2016-10-06,47.7734,47.7922,47.7218,47.7278,53375.569965437
2016-10-07,47.8111,47.8111,47.7089,47.7833,92199.025596521
2016-10-10,47.9062,47.9062,47.699,47.7565,48514.443685613
2016-10-11,47.8111,47.8111,47.7188,47.7466,51487.597269206
2016-10-12,47.7654,47.8021,47.6831,47.7466,59381.380545593
2016-10-13,47.7278,47.8111,47.7278,47.7565,26106.870306955
2016-10-14,47.7466,47.8279,47.7466,47.8021,24087.788395709
2016-10-17,47.7922,47.9013,47.7922,47.8884,77673.133105171
2016-10-18,47.8705,47.8973,47.8041,47.8973,99821.513651066
2016-10-19,47.8884,47.936,47.8111,47.9261,37395.373719833
2016-10-20,47.9162,47.936,47.8537,47.8973,36805.382252261
2016-10-21,47.9112,47.9261,47.8547,47.8973,75952.576791192
2016-10-24,47.8705,47.9409,47.8279,47.8626,38424.076791497
2016-10-25,47.8111,47.8686,47.8111,47.8626,63235.991467063
2016-10-26,47.7833,47.8537,47.7833,47.8537,57354.230374961
2016-10-27,47.8051,47.8349,47.7734,47.821,96979.469282489
2016-10-28,47.7734,47.8705,47.7734,47.8537,33724.315699385
2016-10-31,47.8705,47.8973,47.8021,47.8626,37701.967576486
2016-11-01,47.821,47.8884,47.8021,47.8795,578338.88395435
2016-11-02,47.7833,47.9062,47.7833,47.8795,39499.172354628
2016-11-03,47.8537,47.8884,47.7952,47.821,44682.020477453
2016-11-04,47.8626,47.8626,47.7873,47.8537,45117.706484275
2016-11-07,47.8884,47.8884,47.7922,47.8537,54385.11092106
2016-11-08,47.7654,47.8448,47.7565,47.7922,35465.042661828
2016-11-09,47.8279,47.8626,47.7188,47.7367,45519.102388709
2016-11-10,47.7188,47.8021,47.6831,47.699,99976.827644239
2016-11-11,47.7089,47.7387,47.6346,47.6831,30093.598975865
2016-11-14,47.6068,47.6068,47.4789,47.5126,112811.41126188
2016-11-15,47.5126,47.588,47.5027,47.5384,70174.694538679
2016-11-16,47.4273,47.5552,47.4273,47.5552,104440.59214932
2016-11-17,47.5126,47.6068,47.5126,47.5384,92223.230374678
2016-11-18,47.5384,47.5979,47.4452,47.4938,65186.493173532
2016-11-21,47.4273,47.5632,47.4273,47.5215,108961.84300253
2016-11-22,47.6068,47.6068,47.4938,47.5632,53417.928327211
2016-11-23,47.6435,47.6435,47.4184,47.4838,109316.84641549
2016-11-25,47.4551,47.5126,47.3906,47.4452,48763.551194143
2016-11-28,47.464,47.5215,47.4462,47.4739,43474.807166882
2016-11-29,47.4452,47.5027,47.3649,47.5027,70902.85494823
2016-11-30,47.4372,47.5979,47.4372,47.58,121873.07508433
2016-12-01,47.5483,47.6157,47.4838,47.5552,157353.24573251
2016-12-02,47.5552,47.6256,47.5423,47.5711,47228.564846033
2016-12-05,47.58,47.6534,47.5384,47.5711,80618.047780915
2016-12-06,47.589,47.6256,47.5711,47.6157,160548.27644921
2016-12-07,47.6534,47.6534,47.589,47.6346,109419.71672266
2016-12-08,47.6435,47.6911,47.589,47.6732,72047.539248562
2016-12-09,47.7367,47.7367,47.5711,47.6256,89858.221842274
2016-12-12,47.6068,47.6633,47.589,47.6534,74135.201364586
2016-12-13,47.6911,47.6911,47.5533,47.58,108296.21160322
2016-12-14,47.6534,47.6534,47.3906,47.4273,70188.813992604
2016-12-15,47.2915,47.3381,47.2915,47.2915,86857.837883254
2016-12-16,47.3113,47.3381,47.237,47.3014,74613.245733182
2016-12-19,47.3292,47.4045,47.3113,47.3906,167251.99146622
2016-12-20,47.4372,47.4372,47.3381,47.4372,79929.22013587
2016-12-21,47.5632,47.5632,47.4372,47.4551,152693.82593733
2016-12-22,47.5027,47.5384,47.4372,47.5305,116080.06484547
2016-12-23,47.58,47.58,47.4977,47.5632,78352.883958408
2016-12-27,47.5552,47.5552,47.5136,47.5384,119667.4146748
2016-12-28,47.589,47.6157,47.4452,47.5711,59711.170647979
2016-12-29,47.699,47.699,47.4452,47.6435,47775.189419407
2016-12-30,47.699,47.7367,47.6227,47.7188,59080.837883479
2017-01-03,47.7922,47.7922,47.6534,47.7089,191396.25767763
2017-01-04,47.6435,47.7278,47.6346,47.7278,135211.92491358
2017-01-05,47.699,47.8111,47.699,47.7833,98808.947098174
2017-01-06,47.7367,47.7367,47.6831,47.7089,207729.44027135
2017-01-09,47.7188,47.7466,47.6256,47.7278,217993.27474226
2017-01-10,47.7565,47.7972,47.7089,47.7565,89400.348122141
2017-01-11,47.7654,47.8705,47.7188,47.7922,68378.49829296
2017-01-12,47.8705,47.8973,47.8021,47.8368,47485.740613949
2017-01-13,47.8021,47.821,47.7565,47.8021,83954.273036861
2017-01-17,47.8448,47.9162,47.8279,47.8795,43740.051194184
2017-01-18,47.7565,47.9062,47.7278,47.7278,124785.71672254
2017-01-19,47.7734,47.7734,47.6772,47.7654,72530.626279274
2017-01-20,47.6732,47.8537,47.6732,47.8279,132809.60068152
2017-01-23,47.8111,47.8973,47.7922,47.8705,400719.17917763
2017-01-24,47.8626,47.8705,47.7833,47.8626,147705.62457218
2017-01-25,47.8021,47.8368,47.7615,47.821,154692.73720011
2017-01-26,47.821,47.8705,47.7654,47.8705,100123.0648456
2017-01-27,47.8973,47.9162,47.8368,47.8795,90067.996586299
2017-01-30,47.8705,47.9261,47.8448,47.9162,91208.646756938
2017-01-31,47.9548,47.9806,47.9062,47.9638,92769.854948052
2017-02-01,47.936,48.0579,47.8715,47.9638,88536.035835458
2017-02-02,48.0203,48.0203,47.9449,47.9449,73698.50682534
2017-02-03,48.0004,48.0946,47.9162,47.9806,75861.808873104
2017-02-06,48.0004,48.0669,47.9638,48.0203,1836411.4760943
2017-02-07,48.0104,48.0104,47.9162,47.9449,81523.709896949
2017-02-08,47.9905,48.0123,47.8805,47.9449,138576.38907737
2017-02-09,47.9162,47.9697,47.8626,47.8795,59822.109214531
2017-02-10,47.8884,47.9538,47.8448,47.8884,42507.624573034
2017-02-13,47.8626,47.9261,47.821,47.821,269387.07849611
2017-02-14,47.7922,47.8537,47.7367,47.7833,70621.474402157
2017-02-15,47.8111,47.8448,47.7565,47.8448,62590.530716215
2017-02-16,47.8705,47.9261,47.8448,47.9062,119832.8139922
2017-02-17,47.936,47.9449,47.8626,47.9261,159571.00853113
2017-02-21,47.8973,47.9548,47.8963,47.9449,508521.20989348
2017-02-22,47.9261,47.9806,47.8705,47.9806,211620.35836006
2017-02-23,48.0104,48.0391,47.9806,48.0302,205157.68259219
2017-02-24,48.0391,48.0946,48.0302,48.0857,70521.62969226
2017-02-27,48.1115,48.1115,47.9905,48.0203,155853.55801921
2017-02-28,47.9638,48.0213,47.936,47.9707,86666.216722846
2017-03-01,47.9261,47.9261,47.8021,47.8626,99315.23037462
2017-03-02,47.9707,47.9707,47.7278,47.7565,83923.008531742
2017-03-03,47.821,47.8884,47.7188,47.8884,125085.25085223
2017-03-06,47.8626,47.8884,47.8448,47.8537,51338.334470573
2017-03-07,47.8705,47.8795,47.7932,47.8537,60100.464163334
2017-03-08,47.9062,47.9062,47.7139,47.7466,59311.791808392
2017-03-09,47.7466,47.7684,47.6831,47.7089,60704.575084831
2017-03-10,47.7278,47.7555,47.6633,47.6732,107973.48122779
2017-03-13,47.6732,47.7278,47.6435,47.6633,109397.52900935
2017-03-14,47.6068,47.6871,47.5999,47.6435,47399.006825554
2017-03-15,47.7089,47.8795,47.6435,47.8795,98971.320818309
2017-03-16,47.8537,47.9062,47.8111,47.8448,54699.773037098
2017-03-17,47.9162,47.9162,47.8448,47.8705,73144.822525003
2017-03-20,47.8448,47.9261,47.8269,47.9261,71832.72184242
2017-03-21,47.936,48.0104,47.8626,47.9548,57432.89590397
2017-03-22,47.9261,48.0104,47.8795,47.9638,247422.25085123
2017-03-23,47.9638,47.9905,47.8943,47.9449,50400.399316997
2017-03-24,47.9062,48.0302,47.8626,47.9548,118441.03924818
2017-03-27,48.0004,48.0649,47.9707,48.0004,59412.645050712
2017-03-28,47.9638,48.0332,47.8795,47.9162,685570.08531866
2017-03-29,47.9638,48.0203,47.9449,47.9905,182576.64163674
2017-03-30,48.0004,48.0104,47.9548,47.9806,207234.25085156
2017-03-31,48.0104,48.048,47.9548,48.048,122846.30887272
2017-04-03,48.0857,48.1393,48.0738,48.0946,95071.325937794
2017-04-04,48.1115,48.1115,48.048,48.048,79070.959043726
2017-04-05,48.0302,48.1809,48.0302,48.173,526910.79009811
2017-04-06,48.1214,48.1214,48.0669,48.1036,68270.585323678
2017-04-07,48.0857,48.0946,47.9905,48.0104,41854.0955628
2017-04-10,48.0302,48.0966,47.9905,48.0302,44851.45392455
2017-04-11,48.0669,48.0917,48.0104,48.0669,73209.368600088
2017-04-12,48.0669,48.165,48.048,48.1283,87736.269623861
2017-04-13,48.1561,48.173,48.0669,48.1036,133405.64334363
2017-04-17,48.1036,48.1561,48.0203,48.0579,74272.361774141
2017-04-18,48.0579,48.0857,47.9806,48.0768,137791.75085212
2017-04-19,48.0768,48.0768,47.9806,48.0302,81278.636518111
2017-04-20,47.9707,48.0669,47.9707,48.048,93945.803753503
2017-04-21,48.0451,48.0619,47.9806,48.0302,39917.713310256
2017-04-24,47.9806,48.0302,47.9747,48.0004,43366.8941976
2017-04-25,48.0342,48.0669,47.9707,48.0104,48392.411262406
2017-04-26,47.9905,48.048,47.9806,48.0302,59508.455630916
2017-04-27,48.0302,48.048,47.9875,48.0004,81742.561432783
2017-04-28,48.0104,48.0391,47.9875,47.9905,59589.138224772
2017-05-01,47.9062,48.0302,47.9062,47.9905,43902.424914319
2017-05-02,47.9707,48.0104,47.936,47.9548,55751.672354496
2017-05-03,47.9062,47.9449,47.8616,47.8696,75658.085323618
2017-05-04,47.8001,47.8279,47.7635,47.8001,28623.158702839
2017-05-05,47.7813,47.8358,47.7446,47.8358,87489.179180177
2017-05-08,47.8001,47.8101,47.7565,47.7902,134107.58191017
2017-05-09,47.8101,47.8101,47.7347,47.7635,37547.662115736
2017-05-10,47.7902,47.8279,47.7258,47.8001,96204.916381471
2017-05-11,47.8001,47.9062,47.7843,47.8884,54582.783276007
2017-05-12,47.8696,47.8973,47.8438,47.8884,49077.204777758
2017-05-15,47.8735,47.9261,47.8507,47.8696,55074.947098529
2017-05-16,47.8358,47.8696,47.82,47.8616,38350.453924603
2017-05-17,47.9162,47.9707,47.9062,47.9548,30945.808873469
2017-05-18,47.8914,47.9707,47.8527,47.9449,43536.327644698
2017-05-19,47.9449,47.9707,47.9162,47.9548,54208.617747
2017-05-22,47.9548,48.0004,47.9261,47.9638,77537.989760462
2017-05-23,47.9548,48.0104,47.8864,47.9449,55980.609214562
2017-05-24,47.9062,47.9638,47.8973,47.9638,40729.581910932
2017-05-25,47.936,47.9697,47.8884,47.9261,96203.907849048
2017-05-26,47.9162,47.9638,47.8864,47.9548,18156.60921487
2017-05-30,47.9548,48.0004,47.9548,47.9707,28909.581911028
2017-05-31,47.8884,48.0104,47.8884,48.0004,41259.061433112
2017-06-01,47.9638,48.0104,47.9638,48.0004,69638.155289537
2017-06-02,47.9905,48.0579,47.9905,48.0302,37191.650170346
2017-06-05,47.9707,48.0302,47.9707,48.0104,44708.242320456
2017-06-06,48.0391,48.053,48.0104,48.048,57147.481228205
2017-06-07,48.0004,48.0203,47.9548,47.9707,49741.827644647
2017-06-08,47.9449,47.9638,47.9062,47.936,43684.581910908
2017-06-09,47.9162,47.9469,47.9062,47.9162,32300.267917826
2017-06-12,47.9062,47.936,47.8696,47.8884,38111.431740305
2017-06-13,47.8438,47.9062,47.8438,47.8884,67691.687712761
2017-06-14,47.8616,47.8924,47.7416,47.7813,31220.129692579
2017-06-15,47.7446,47.7446,47.6514,47.6812,30676.530716474
2017-06-16,47.7258,47.7397,47.698,47.7169,36319.269624278
2017-06-19,47.6812,47.7169,47.6415,47.6613,30854.032422958
2017-06-20,47.6048,47.6712,47.6018,47.6613,41956.965869966
2017-06-21,47.6613,47.6841,47.6415,47.6613,34351.622866615
2017-06-22,47.6812,47.7446,47.6613,47.7347,46618.402729997
2017-06-23,47.7545,47.7714,47.7069,47.7635,72782.759385074
2017-06-26,47.7714,47.82,47.7258,47.8001,88785.143343989
2017-06-27,47.8001,47.8051,47.7307,47.7635,21790.351535659
2017-06-28,47.7813,47.8358,47.7545,47.8358,73896.179180287
2017-06-29,47.7635,47.7813,47.7258,47.7714,56079.445392036
2017-06-30,47.7714,47.7714,47.6901,47.7258,32873.114334204
2017-07-03,47.7545,47.7545,47.7069,47.7446,19872.122866733
2017-07-05,47.7347,47.7635,47.698,47.7446,58404.112627512
2017-07-06,47.7258,47.7446,47.6901,47.698,115006.98634719
2017-07-07,47.5086,47.6812,47.5086,47.6514,66182.923207654
2017-07-10,47.6514,47.6901,47.6237,47.6514,60859.889078004
2017-07-11,47.6137,47.7258,47.6048,47.6812,41165.267917754
2017-07-12,47.7813,47.8001,47.7258,47.7635,139146.20989648
2017-07-13,47.7446,47.7635,47.7069,47.7446,48471.076791415
2017-07-14,47.7347,47.7555,47.698,47.7446,61127.150170152
2017-07-17,47.7545,47.7714,47.7069,47.7714,55612.494880094
2017-07-18,47.8001,47.8358,47.7714,47.8101,65019.076791281
2017-07-19,47.8001,47.8378,47.7902,47.8358,66466.320818573
2017-07-20,47.8785,47.8884,47.7635,47.8001,63261.204777643
2017-07-21,47.8001,47.8249,47.7545,47.8001,55950.353241866
2017-07-24,47.7813,47.82,47.7714,47.8101,61841.191125778
2017-07-25,47.7635,47.8001,47.7446,47.7714,29423.93344686
2017-07-26,47.7714,47.8696,47.7258,47.8438,90377.616040222
2017-07-27,47.8358,47.8884,47.82,47.8785,151682.26791686
2017-07-28,47.8527,47.8983,47.8527,47.8884,40578.302047452
2017-07-31,47.8884,47.9072,47.8438,47.8785,38799.250852927
2017-08-01,47.8398,47.9618,47.8398,47.9033,49188.14334431
2017-08-02,47.8388,47.8844,47.816,47.8755,58523.11945345
2017-08-03,47.8586,47.9231,47.8586,47.8943,201889.0290086
2017-08-04,47.8586,47.9132,47.8586,47.9033,69320.467576229
2017-08-07,47.8755,47.9419,47.8755,47.9419,33851.390784708
2017-08-08,47.9231,47.9618,47.9132,47.9618,38545.100682281
2017-08-09,47.9776,48.0312,47.9519,47.9975,37702.976108909
2017-08-10,48.0074,48.0272,47.9776,47.9875,33250.305460481
2017-08-11,47.9687,48.0074,47.9519,47.9776,55436.001706034
2017-08-14,47.9519,47.9776,47.8755,47.8844,108988.06484553
2017-08-15,47.8249,47.8676,47.8249,47.8487,37342.930033826
2017-08-16,47.7773,47.9132,47.7773,47.8844,48388.377132713
2017-08-17,47.8586,47.933,47.8487,47.933,40481.482934825
2017-08-18,47.9618,47.9618,47.8844,47.9231,57661.832764037
2017-08-21,47.9033,47.9132,47.8755,47.9132,38745.798634498
2017-08-22,47.8755,47.9132,47.8586,47.8943,70671.901023317
2017-08-23,47.9033,47.9618,47.8676,47.9618,58101.552900552
2017-08-24,47.938,47.9677,47.8844,47.9033,84180.184299658
2017-08-25,47.9231,47.9419,47.8487,47.9231,38271.788395594
2017-08-28,47.9519,47.9618,47.9132,47.933,34038.977815423
2017-08-29,47.9975,48.0302,47.9419,47.9875,66728.539248605
2017-08-30,47.9975,47.9975,47.933,47.9687,1633551.2303622
2017-08-31,48.0074,48.0451,47.9618,48.0272,42446.104095218
2017-09-01,48.0272,48.0411,47.9875,48.0074,46014.2918085
2017-09-05,48.055,48.1274,48.047,48.1006,81763.74061367
2017-09-06,48.1353,48.1442,48.055,48.055,198043.49487894
2017-09-07,48.0827,48.1888,48.0827,48.1888,37441.7662113
2017-09-08,48.1482,48.2087,48.1472,48.2087,27805.238907624
2017-09-11,48.1274,48.1621,48.1095,48.1184,31092.046074833
2017-09-12,48.1006,48.1353,48.0738,48.1006,100582.95563058
2017-09-13,48.0738,48.1006,48.0451,48.0649,124146.30716623
2017-09-14,48.0451,48.1006,48.0451,48.0827,37905.691125972
2017-09-15,48.1184,48.1184,48.0649,48.1006,55598.37542617
2017-09-18,48.0917,48.1095,48.0649,48.1095,41758.284982596
2017-09-19,48.1184,48.1184,48.055,48.055,43876.203071316
2017-09-20,48.0451,48.1095,47.9419,47.9875,59349.10750805
2017-09-21,47.9519,47.9776,47.9231,47.9231,111313.74061343
2017-09-22,47.9618,48.0074,47.9519,48.0074,52972.156996157
2017-09-25,47.9975,48.0827,47.9975,48.0649,29604.460750613
2017-09-26,48.055,48.055,48.0173,48.0451,55023.511944946
2017-09-27,48.0173,48.053,48.0074,48.0272,58341.583617274
2017-09-28,48.0361,48.0451,48.0074,48.0272,55163.69795177
2017-09-29,48.0272,48.0431,47.9132,47.9132,47777.206484254
2017-10-02,47.9132,47.9509,47.9033,47.9132,41379.076791473
2017-10-03,47.8844,47.9519,47.8844,47.9419,130823.80034023
2017-10-04,47.9419,47.9687,47.9231,47.9231,48416.616040562
2017-10-05,47.9519,47.9796,47.9231,47.9618,50831.042661703
2017-10-06,47.8943,47.9776,47.8943,47.9618,38059.996586722
2017-10-09,47.9687,47.9687,47.9132,47.9519,32160.081911002
2017-10-10,47.9618,48.0173,47.9618,47.9875,86975.836176768
2017-10-11,47.9875,48.0272,47.9776,48.0074,46872.552900643
2017-10-12,47.9875,48.0272,47.9776,48.0272,63761.43685955
2017-10-13,48.0272,48.0272,47.9687,47.9975,26733.168941762
2017-10-16,47.9975,47.9975,47.8943,47.9132,95941.689419016
2017-10-17,47.8398,47.8755,47.8319,47.8676,47218.479521801
2017-10-18,47.8844,47.8844,47.8398,47.8755,190974.69112473
2017-10-19,47.9132,47.9132,47.8676,47.8844,70809.061432872
2017-10-20,47.8676,47.9132,47.8586,47.8586,74375.232081307
2017-10-23,47.8943,47.932,47.8844,47.9033,51041.825938152
2017-10-24,47.8676,47.8943,47.8487,47.8676,108379.91979434
2017-10-25,47.8586,47.8943,47.8299,47.8943,61795.807166734
2017-10-26,47.8755,47.8943,47.8398,47.8676,80381.042661463
2017-10-27,47.9033,47.9618,47.8775,47.9519,52560.675767491
2017-10-30,47.9687,48.0074,47.9618,48.0074,611389.49999503
2017-10-31,48.0361,48.0451,47.9776,48.0074,75857.774743411
2017-11-01,48.0272,48.054,47.9875,48.0074,34021.832764229
2017-11-02,47.9975,48.0361,47.9419,48.0173,44992.648463798
2017-11-03,48.0074,48.0639,47.9747,48.0074,118617.53242224
2017-11-06,48.0361,48.0917,48.0361,48.0827,48921.890784586
2017-11-07,48.0946,48.1095,48.0827,48.1006,40217.247439946
2017-11-08,48.1184,48.1184,48.0649,48.0738,44995.674061068
2017-11-09,48.0451,48.1006,48.0451,48.0917,47600.713310194
2017-11-10,48.0074,48.0451,47.9875,47.9875,55176.808873272
2017-11-13,48.0272,48.0361,47.9776,47.9975,213313.68429861
2017-11-14,47.9618,47.9975,47.9618,47.9975,57501.476108748
2017-11-15,48.0272,48.055,47.9885,48.055,35947.121160118
2017-11-16,47.9875,48.0272,47.9776,47.9975,47696.523890398
2017-11-17,48.0074,48.0193,47.9846,47.9875,78862.192832124
2017-11-20,47.9687,48.0074,47.933,47.9618,68237.303753712
2017-11-21,47.9231,47.9409,47.8755,47.9132,61344.993173563
2017-11-22,47.9231,47.9975,47.9231,47.9975,59133.281569486
2017-11-24,47.9776,47.9975,47.9519,47.9519,22509.435153401
2017-11-27,48.0173,48.0173,47.9618,47.9687,74348.001705881
2017-11-28,47.9776,48.0074,47.9519,47.9687,44513.595562778
2017-11-29,47.9132,47.933,47.9003,47.9033,42046.725255631
2017-11-30,47.9033,47.9231,47.8586,47.8676,53910.092149733
2017-12-01,47.8398,47.9786,47.8398,47.9618,44482.331057659
2017-12-04,47.8755,47.9241,47.8676,47.8844,81548.923207529
2017-12-05,47.8943,47.8943,47.8487,47.8943,103448.19624489
2017-12-06,47.9419,47.9519,47.8844,47.8844,63153.291808361
2017-12-07,47.9033,47.933,47.8844,47.9231,57272.539248682
2017-12-08,47.9231,47.9618,47.8943,47.933,95315.390784209
2017-12-11,47.9033,47.9419,47.8755,47.8844,81050.708190468
2017-12-12,47.8755,47.933,47.8676,47.9231,70746.532422634
2017-12-13,47.9419,47.9419,47.8586,47.9419,96078.849828571
2017-12-14,47.8943,47.9231,47.8676,47.8844,104856.10750768
2017-12-15,47.8487,47.8755,47.8319,47.8676,105601.41296843
2017-12-18,47.8487,47.8775,47.8319,47.8586,50234.999999592
2017-12-19,47.8844,47.8844,47.8061,47.8487,117363.92662021
2017-12-20,47.7674,47.8398,47.7674,47.8398,147929.51877013
2017-12-21,47.7397,47.8676,47.7397,47.8676,85704.076791113
2017-12-22,47.8319,47.8755,47.8061,47.8586,63166.402729862
2017-12-26,47.8398,47.8676,47.8091,47.8676,151357.52047659
2017-12-27,47.8586,47.9132,47.8586,47.9132,71590.674060852
2017-12-28,47.9231,47.9419,47.8844,47.8943,65812.791808339
2017-12-29,47.9697,48.0371,47.9013,47.9618,83090.969282602
2018-01-02,47.933,47.9697,47.9231,47.9697,99241.607507726
2018-01-03,47.9885,47.9975,47.933,47.9786,114632.82081818
2018-01-04,47.9132,47.9647,47.9053,47.9519,79318.04948741
2018-01-05,47.9419,47.9697,47.933,47.9519,71933.57508474
2018-01-08,47.9697,47.9697,47.9281,47.9618,81879.721842338
2018-01-09,47.9519,47.9766,47.9231,47.9231,425177.09897266
2018-01-10,47.8844,47.9519,47.8646,47.9519,111052.53071582
2018-01-11,47.8943,47.9519,47.8943,47.9231,101936.40614252
2018-01-12,47.8586,47.9519,47.8586,47.9033,72203.861774158
2018-01-16,47.9419,47.9687,47.9132,47.9519,140278.79180773
2018-01-17,47.9618,47.9618,47.8844,47.933,103351.37713227
2018-01-18,47.8755,47.9618,47.8755,47.9419,196164.59897452
2018-01-19,47.8943,47.9419,47.8755,47.9033,67676.559726413
2018-01-22,47.9231,47.9231,47.8586,47.8844,63940.95563088
2018-01-23,47.8755,47.9697,47.8755,47.8844,68960.421501146
2018-01-24,47.933,47.9419,47.8805,47.9132,62591.539248638
2018-01-25,47.9419,47.9697,47.9023,47.9231,112506.83447008
2018-01-26,47.8943,47.933,47.8656,47.9132,38603.595562826
2018-01-29,47.8586,47.8943,47.8398,47.8398,43541.370306814
2018-01-30,47.8586,47.8755,47.7962,47.8319,93447.588736442
2018-01-31,47.7773,47.8319,47.7654,47.816,90931.300340558
2018-02-01,47.8319,47.8319,47.7307,47.7397,111754.46928237
2018-02-02,47.7496,47.8388,47.6861,47.7496,102969.14334387
2018-02-05,47.7208,47.8844,47.7208,47.7674,115754.30887278
2018-02-06,47.8487,47.8805,47.7397,47.7397,73671.276449914
2018-02-07,47.7773,47.816,47.7119,47.7674,59476.182593374
2018-02-08,47.7307,47.7496,47.6861,47.7397,45282.097269257
2018-02-09,47.6564,47.7674,47.6365,47.6663,157735.4795209
2018-02-12,47.6663,47.7307,47.6663,47.6663,67795.56655235
2018-02-13,47.6762,47.7397,47.6008,47.6564,47979.921501317
2018-02-14,47.6861,47.7307,47.6465,47.6861,29702.288395663
2018-02-15,47.6187,47.7357,47.6187,47.7307,39842.073378516
2018-02-16,47.7496,47.7674,47.6663,47.7119,32655.271330793
2018-02-20,47.5483,47.7883,47.5483,47.7208,43154.093856305
2018-02-21,47.6762,47.7496,47.6564,47.702,29580.255972456
2018-02-22,47.6941,47.7883,47.6941,47.7496,64985.795221315
2018-02-23,47.7674,47.8249,47.702,47.816,33282.578498023
2018-02-26,47.7962,47.8844,47.7873,47.8398,45329.498293147
2018-02-27,47.8844,47.8934,47.702,47.7119,418488.51194199
2018-02-28,47.8061,47.8061,47.7119,47.7208,142131.46586915
2018-03-01,47.7208,47.8755,47.702,47.8755,29139.527303518
2018-03-02,47.7962,47.8586,47.7307,47.7873,99486.680886564
2018-03-05,47.8497,47.9062,47.816,47.8844,64299.993173539
2018-03-06,47.8676,47.8785,47.816,47.8586,31074.901023638
2018-03-07,47.8755,47.9132,47.8349,47.8844,52213.74061391
2018-03-08,47.8844,47.9043,47.8249,47.8844,17077.479522046
2018-03-09,47.8319,47.8844,47.816,47.8398,67387.110920954
2018-03-12,47.8487,47.8943,47.816,47.8249,40623.686006496
2018-03-13,47.8398,47.8844,47.8249,47.8398,42810.184299994
2018-03-14,47.8249,47.9231,47.8249,47.9132,41068.448805127
2018-03-15,47.8586,47.9231,47.8586,47.8755,47709.634811899
2018-03-16,47.8487,47.9132,47.8319,47.8676,40101.266211278
2018-03-19,47.8943,47.8943,47.8061,47.8487,48320.805460358
2018-03-20,47.7962,47.8676,47.7496,47.816,22684.919795038
2018-03-21,47.8319,47.8676,47.7843,47.8319,42410.805460406
2018-03-22,47.9132,47.9985,47.8755,47.9033,78973.131398676
2018-03-23,47.8844,47.9757,47.8844,47.9697,57989.605801577
2018-03-26,47.9132,47.9985,47.9033,47.9033,274336.95562917
2018-03-27,47.933,48.0282,47.933,47.9985,238800.3071653
2018-03-28,48.0649,48.0649,47.9231,47.9618,216018.56825763
2018-03-29,47.9618,48.0282,47.8953,47.9985,347685.50170366
2018-04-02,48.0183,48.0649,47.9419,48.0282,485219.06825544
2018-04-03,48.0183,48.056,47.9786,47.9885,237410.54948613
2018-04-04,48.0461,48.056,47.9885,47.9885,106239.81399231
2018-04-05,48.0084,48.0084,47.9419,47.9786,255337.21330851
2018-04-06,47.9885,48.0401,47.9846,48.0282,207430.91467408
2018-04-09,48.0084,48.0371,47.9618,48.0371,164849.66723416
2018-04-10,47.9985,48.0342,47.9786,47.9885,195198.42491309
2018-04-11,48.0183,48.0778,48.0183,48.0461,210153.95221672
2018-04-12,48.0421,48.0461,47.9786,48.0084,91142.083617007
2018-04-13,47.9697,48.0371,47.9697,47.9985,58873.0802043
2018-04-16,47.9697,48.0371,47.9697,47.9786,181899.91638078
2018-04-17,48.0282,48.0282,47.9786,48.0084,415067.5699625
2018-04-18,47.9985,48.0034,47.9697,47.9985,76331.784982315
2018-04-19,47.9786,48.0282,47.9618,47.9697,113192.63651785
2018-04-20,47.933,47.9519,47.8943,47.8943,118193.9488045
2018-04-23,47.9697,47.9697,47.8755,47.9132,168197.99487918
2018-04-24,47.9419,47.9419,47.8755,47.8844,80723.943685351
2018-04-25,47.8755,47.9132,47.8448,47.8844,72370.269623986
2018-04-26,47.9033,47.933,47.8844,47.9033,65024.119453397
2018-04-27,47.8943,47.9509,47.8943,47.9132,48347.027303362
2018-04-30,47.9132,47.9975,47.9033,47.9419,96073.807166455
2018-05-01,47.9697,47.9697,47.8586,47.9132,77969.641637592
2018-05-02,47.8943,47.9519,47.8676,47.9132,112527.00511854
2018-05-03,47.933,47.9885,47.933,47.9786,73545.209897014
2018-05-04,48.0183,48.0183,47.9419,47.9519,36356.585323937
2018-05-07,47.9786,48.0084,47.9786,47.9985,99636.952217621
2018-05-08,47.9419,47.9697,47.8676,47.9419,65262.133105272
2018-05-09,47.9419,47.9786,47.94,47.9519,49827.552900619
2018-05-10,47.9618,47.9786,47.9419,47.9697,81911.994879881
2018-05-11,47.9519,47.9786,47.9499,47.9786,32482.812286426
2018-05-14,47.9489,47.9786,47.9419,47.9618,187827.06143192
2018-05-15,47.9618,47.9618,47.8943,47.9132,532062.37371582
2018-05-16,47.9519,47.9519,47.8943,47.8943,44383.494880186
2018-05-17,47.9231,47.9677,47.9033,47.9231,22205.866894018
2018-05-18,47.9697,47.9697,47.934,47.938,33174.665528741
2018-05-21,47.933,47.9727,47.933,47.9618,74928.916381644
2018-05-22,47.9697,47.9885,47.9419,47.9697,55061.836177027
2018-05-23,47.9786,48.056,47.9697,48.0183,46463.088736824
2018-05-24,48.053,48.0649,48.0183,48.0282,33041.539248878
2018-05-25,48.0084,48.0461,47.9885,48.0461,54709.85836133
2018-05-29,48.1283,48.174,48.056,48.1551,64756.858361249
2018-05-30,48.1026,48.174,48.0847,48.0936,65776.484641104
2018-05-31,48.0936,48.1373,48.0857,48.1026,99436.254265404
2018-06-01,48.0351,48.0936,48.0351,48.0659,31316.948805206
2018-06-04,48.0183,48.056,47.9885,47.9885,36473.575085028
2018-06-05,47.9985,48.056,47.9985,48.056,42967.515358013
2018-06-06,48.0461,48.0461,47.9519,47.9786,38161.858361465
2018-06-07,47.9885,48.0936,47.9885,48.0936,46967.354948424
2018-06-08,48.0659,48.0758,48.0371,48.056,22518.51194521
2018-06-11,48.0084,48.0461,48.0084,48.0461,27249.537542441
2018-06-12,48.0084,48.0451,48.0054,48.0282,15802.694539121
2018-06-13,48.0282,48.0461,47.9519,47.9885,28558.612627754
2018-06-14,48.0183,48.0371,47.9985,48.0084,44355.255972336
2018-06-15,48.0461,48.0461,47.9985,47.9985,27130.530716503
2018-06-18,48.0183,48.0659,48.0183,48.0461,21858.931740437
2018-06-19,48.0659,48.0976,48.0659,48.0758,31015.39761067
2018-06-20,48.1204,48.1204,48.0282,48.056,70881.675767342
2018-06-21,48.0282,48.0758,48.0282,48.0461,30818.733788146
2018-06-22,48.056,48.1115,48.056,48.1115,42902.969282928
2018-06-25,48.1115,48.1452,48.1026,48.1026,98020.274743231
2018-06-26,48.1204,48.1462,48.1115,48.1462,28442.631399086
2018-06-27,48.174,48.2285,48.174,48.2027,118304.88737105
2018-06-28,48.2414,48.2414,48.174,48.1829,69554.447098411
2018-06-29,48.1829,48.2216,48.171,48.2126,45656.262798264
2018-07-02,48.2225,48.2463,48.1829,48.2126,31438.981228414
2018-07-03,48.2414,48.2513,48.2225,48.2513,25660.090443478
2018-07-05,48.2701,48.2801,48.2414,48.2801,167436.55289966
2018-07-06,48.2969,48.3068,48.2711,48.3068,102463.86859985
2018-07-09,48.2602,48.2969,48.2602,48.2969,43638.189419441
2018-07-10,48.291,48.292,48.2513,48.2513,19449.547781412
2018-07-11,48.288,48.288,48.2325,48.2414,126744.28668839
2018-07-12,48.1829,48.2146,48.1829,48.1928,36062.093856362
2018-07-13,48.2027,48.2701,48.2027,48.2701,164601.56825805
2018-07-16,48.2027,48.2027,48.1601,48.165,25305.087030511
2018-07-17,48.1561,48.165,48.1373,48.1462,42154.638224914
2018-07-18,48.1283,48.1541,48.1204,48.1204,39287.380545756
2018-07-19,48.1115,48.173,48.1115,48.1551,30037.121160166
2018-07-20,48.1551,48.17,48.1283,48.1283,22183.679180707
2018-07-23,48.1204,48.1283,48.055,48.055,35421.67576763
2018-07-24,48.0451,48.0748,48.0451,48.0649,36009.650170356
2018-07-25,48.0748,48.1115,48.0649,48.0649,49618.786689017
2018-07-26,48.0748,48.1264,48.055,48.055,53192.017064414
2018-07-27,48.0748,48.0936,48.0698,48.0748,53533.909555879
2018-07-30,48.1115,48.1115,48.0728,48.0936,57010.32081865
2018-07-31,48.1115,48.1204,48.0936,48.1115,26193.60409535
2018-08-01,48.0936,48.0936,48.0332,48.055,41528.339590106
2018-08-02,48.0748,48.1283,48.0748,48.0936,59439.875426138
2018-08-03,48.1115,48.165,48.1115,48.165,76462.894197331
2018-08-06,48.1829,48.1928,48.1462,48.1551,44461.151876772
2018-08-07,48.1462,48.165,48.1373,48.1551,35976.36860039
2018-08-08,48.1551,48.1591,48.1115,48.1115,68030.554606956
2018-08-09,48.1551,48.1779,48.1373,48.1373,26296.474402517
2018-08-10,48.2126,48.2711,48.2126,48.2364,44221.12116005
2018-08-13,48.2325,48.2622,48.2325,48.2612,30746.119453675
2018-08-14,48.2325,48.2612,48.2225,48.2325,24542.636518572
2018-08-15,48.2414,48.2791,48.2414,48.2711,38692.346416068
2018-08-16,48.2612,48.2622,48.2225,48.2325,19163.124573223
2018-08-17,48.2711,48.2711,48.2225,48.2325,15609.056313866
2018-08-20,48.2612,48.2979,48.2612,48.2979,38507.784982622
2018-08-21,48.281,48.2979,48.2711,48.2979,34352.631399038
2018-08-22,48.3257,48.3554,48.3257,48.3356,32031.998293255
2018-08-23,48.3356,48.3653,48.3356,48.3356,10433.267918004
2018-08-24,48.3078,48.3653,48.3078,48.3356,33210.972695976
2018-08-27,48.3653,48.3733,48.3257,48.3356,33531.686006554
2018-08-28,48.3177,48.3366,48.289,48.3078,30316.484641392
2018-08-29,48.281,48.3078,48.281,48.281,56642.206484182
2018-08-30,48.3078,48.3356,48.3078,48.3078,18312.931740466
2018-08-31,48.3574,48.3733,48.3356,48.3455,20727.358361606
2018-09-04,48.3554,48.3822,48.3177,48.3257,21077.319112457
2018-09-05,48.3177,48.3356,48.2979,48.3177,22537.67406125
2018-09-06,48.3078,48.3554,48.3078,48.3078,23749.930033937
2018-09-07,48.2513,48.2979,48.2414,48.2513,26868.312286471
2018-09-10,48.2513,48.3078,48.2414,48.2711,97473.650169857
2018-09-11,48.2225,48.2513,48.2225,48.2225,17216.656996447
2018-09-12,48.2513,48.289,48.2414,48.2711,24990.424914473
2018-09-13,48.2325,48.2612,48.174,48.174,40063.95051162
2018-09-14,48.1373,48.1928,48.1373,48.1551,31495.459044113
2018-09-17,48.174,48.174,48.1462,48.1551,26442.711603881
2018-09-18,48.1551,48.2017,48.1283,48.1462,55757.723549035
2018-09-19,48.1462,48.1571,48.1234,48.1373,19719.83447083
2018-09-20,48.1283,48.165,48.1204,48.1462,33940.14163795
2018-09-21,48.1283,48.165,48.1283,48.1373,27796.162115815
2018-09-24,48.1283,48.1551,48.1204,48.1462,43985.124573022
2018-09-25,48.1283,48.165,48.1204,48.1551,239995.41808679
2018-09-26,48.165,48.1928,48.1283,48.165,55425.916381802
2018-09-27,48.174,48.2027,48.165,48.2027,30144.025597025
2018-09-28,48.1829,48.2325,48.1829,48.2225,27014.549487835
2018-10-01,48.2126,48.2225,48.1829,48.2027,28750.233788162
2018-10-02,48.1928,48.2325,48.1928,48.2126,23717.656996394
2018-10-03,48.1829,48.2126,48.1462,48.1551,69658.325938001
2018-10-04,48.1551,48.1551,48.1026,48.1283,33951.235494605
2018-10-05,48.1026,48.1115,48.0728,48.0748,44477.288395543
2018-10-08,48.1115,48.1283,48.0451,48.1204,67664.457337334
2018-10-09,48.0936,48.1204,48.0936,48.1026,25843.6433445
2018-10-10,48.1026,48.1214,48.0778,48.1026,17533.336177332
2018-10-11,48.0649,48.1204,48.0451,48.055,59249.262798154
2018-10-12,48.0351,48.0837,48.0351,48.0748,47728.79692794
2018-10-15,48.0936,48.0986,48.0649,48.0748,18985.62286674
2018-10-16,48.0649,48.0936,48.0649,48.0649,102855.17918005
2018-10-17,48.0837,48.0837,48.0163,48.0351,44983.57167199
2018-10-18,48.0163,48.055,48.0064,48.0163,52977.199658273
2018-10-19,48.0163,48.0431,47.9965,48.0064,23624.87201346
2018-10-22,48.0262,48.0322,47.9965,48.0163,25710.517064638
2018-10-23,48.0282,48.0649,47.9965,48.0163,25260.71160389
2018-10-24,48.0351,48.0649,48.0262,48.0451,34681.412969002
2018-10-25,48.0163,48.0748,47.9677,47.9677,24626.344709698
2018-10-26,48.0163,48.1115,48.0163,48.0936,84102.527303071
2018-10-29,48.0788,48.1204,48.0649,48.0837,42018.486347782
2018-10-30,48.0589,48.0748,48.0213,48.0213,126128.07337782
2018-10-31,47.9677,48.0064,47.9588,47.9766,47955.71672316
2018-11-01,47.9866,48.0044,47.9588,47.9677,42527.795221498
2018-11-02,47.8805,47.93,47.8805,47.9102,24608.19112608
2018-11-05,47.9201,47.9588,47.9201,47.9489,249130.70477613
2018-11-06,47.9489,47.9489,47.9003,47.9201,37162.402730074
2018-11-07,47.9102,47.9588,47.8904,47.8904,37797.77815669
2018-11-08,47.9281,47.9281,47.8547,47.8715,48525.537542268
2018-11-09,47.8715,47.9172,47.8715,47.9003,35949.138224964
2018-11-12,47.9489,48.0232,47.9132,47.9766,43562.549487701
2018-11-13,47.939,47.9677,47.93,47.9588,26436.660409342
2018-11-14,47.9271,47.9965,47.9271,47.9588,131126.36006719
2018-11-15,47.9766,48.0262,47.9766,48.0064,54382.08532379
2018-11-16,48.055,48.1204,48.055,48.0936,31499.493173806
2018-11-19,48.055,48.1115,48.055,48.0936,85414.627985654
2018-11-20,48.05,48.0748,48.0163,48.0262,82472.73890718
2018-11-21,48.0351,48.0351,47.9697,47.9766,66014.498292979
2018-11-23,47.9866,47.9866,47.9003,47.9003,14098.274743913
2018-11-26,47.9003,47.9588,47.9003,47.93,27916.177474176
2018-11-27,47.9003,47.9489,47.8547,47.8715,67150.105801502
2018-11-28,47.8279,47.9538,47.8279,47.9003,60810.470989267
2018-11-29,47.9489,48.0262,47.9489,48.0113,63513.337883443
2018-11-30,47.9766,48.0262,47.9677,47.9766,121689.52218331
2018-12-03,47.9866,48.0262,47.9766,47.9866,141107.8054596
2018-12-04,48.0064,48.055,48.0064,48.0262,54365.948805019
2018-12-06,48.0351,48.0837,47.9677,47.9677,162716.62115909
2018-12-07,48.0262,48.0748,48.0262,48.0748,64852.668941453
2018-12-10,48.0163,48.0629,47.9766,47.9965,53617.617747005
2018-12-11,47.9677,47.9965,47.8715,47.9102,76836.051193915
2018-12-12,47.939,47.939,47.8596,47.8715,99802.351535026
2018-12-13,47.8636,47.9588,47.8636,47.9201,232422.34812098
2018-12-14,47.9201,47.9429,47.9102,47.9102,44544.860067898
2018-12-17,47.93,47.9766,47.9201,47.9677,144000.27644934
2018-12-18,47.9489,48.0064,47.9489,47.9965,98070.701364391
2018-12-19,48.0064,48.0451,47.9409,47.9677,102416.46757596
2018-12-20,47.9003,47.93,47.8547,47.9102,149440.30034008
2018-12-21,47.8904,47.9489,47.8904,47.93,211773.65528838
2018-12-24,47.9102,47.9489,47.9003,47.9489,70069.807166666
2018-12-26,47.9201,47.9796,47.9201,47.93,172650.66552761
2018-12-27,47.9588,48.0054,47.9588,47.9965,85093.914675077
2018-12-28,48.052,48.052,47.9965,48.0163,126788.66211501
2018-12-31,48.0163,48.1115,48.0163,48.0649,78879.337883318
2019-01-02,48.0936,48.1204,48.0758,48.0936,29982.660409313
2019-01-03,48.2037,48.2721,48.1393,48.2424,21219.522184128
2019-01-04,48.2037,48.3098,48.1839,48.3098,103154.71330974
2019-01-07,48.2721,48.2721,48.2037,48.2235,26469.941979307
2019-01-08,48.2037,48.2265,48.1938,48.1938,35680.868600393
2019-01-09,48.2136,48.3098,48.2136,48.288,18261.496586882
2019-01-10,48.3078,48.3078,48.2523,48.2523,32900.34470963
2019-01-11,48.3098,48.3475,48.3098,48.3197,123889.13139831
2019-01-14,48.3584,48.3584,48.2622,48.2622,18996.716723395
2019-01-15,48.282,48.3197,48.2523,48.282,21176.15528993
2019-01-16,48.2622,48.2622,48.2136,48.2335,79651.87371949
2019-01-17,48.2721,48.2721,48.2136,48.2335,40215.2303751
2019-01-18,48.2136,48.2463,48.1938,48.2136,34019.815699382
2019-01-22,48.2136,48.2473,48.1938,48.2136,46421.738907473
2019-01-23,48.1789,48.2136,48.175,48.2136,43872.168941623
2019-01-24,48.2235,48.2523,48.2235,48.2335,22367.23208173
2019-01-25,48.2037,48.2235,48.1839,48.1938,69303.322525034
2019-01-28,48.1561,48.1839,48.1482,48.166,104190.47610837
2019-01-29,48.1839,48.2424,48.1839,48.2424,51671.150170229
2019-01-30,48.2335,48.402,48.2335,48.3842,39556.65870275
2019-01-31,48.4129,48.4794,48.4129,48.4794,181137.46586884
2019-02-01,48.4595,48.4794,48.403,48.4318,36807.399317107
2019-02-04,48.3485,48.3931,48.3485,48.3485,30442.551194292
2019-02-05,48.3485,48.3842,48.3485,48.3673,46380.389078122
2019-02-06,48.3842,48.4129,48.3673,48.3842,32981.027303486
2019-02-07,48.3762,48.4318,48.3673,48.3762,85432.781569272
2019-02-08,48.403,48.4318,48.403,48.403,22376.308873538
2019-02-11,48.3584,48.3802,48.3435,48.3485,28879.325938332
2019-02-12,48.3673,48.398,48.3673,48.3762,25301.052900818
2019-02-13,48.3762,48.4218,48.3762,48.3762,20316.885665364
2019-02-14,48.4407,48.4694,48.4318,48.4407,29405.779863242
2019-02-15,48.4595,48.4853,48.4506,48.4595,48679.843003018
2019-02-19,48.4595,48.5101,48.4595,48.5071,18300.829351387
2019-02-20,48.5071,48.5388,48.4972,48.4972,22902.762798449
2019-02-21,48.5071,48.5111,48.4506,48.4873,29492.513651638
2019-02-22,48.5071,48.5835,48.5071,48.5646,50974.254265798
2019-02-25,48.5071,48.5646,48.4972,48.4972,36827.569965571
2019-02-26,48.5458,48.5854,48.5359,48.5458,33541.771330786
2019-02-27,48.5458,48.5646,48.516,48.5646,50252.145050786
2019-02-28,48.5359,48.5359,48.4794,48.516,17260.023890645
2019-03-01,48.4694,48.516,48.4318,48.4318,24379.254266014
2019-03-04,48.4407,48.5071,48.4407,48.4595,17953.894197806
2019-03-05,48.4318,48.4873,48.4318,48.4318,109003.19283188
2019-03-06,48.4506,48.516,48.4506,48.4972,22106.022184121
2019-03-07,48.526,48.6023,48.526,48.5934,69678.496586465
2019-03-08,48.5458,48.6221,48.5458,48.5934,163873.4078485
2019-03-11,48.5934,48.64,48.5934,48.64,76036.284982318
2019-03-12,48.6023,48.6677,48.6023,48.6677,24223.940272841
2019-03-13,48.6479,48.7054,48.6479,48.7054,25956.598975898
2019-03-14,48.6876,48.7342,48.6876,48.7153,13919.764505006
2019-03-15,48.6965,48.7639,48.6965,48.7639,28951.940272802
2019-03-18,48.7253,48.7828,48.7253,48.7441,35695.996586741
2019-03-19,48.7342,48.7639,48.7342,48.7441,30952.868600431
2019-03-20,48.7153,48.9236,48.7153,48.9146,35426.718429746
2019-03-21,48.876,48.9146,48.8581,48.8581,55665.947098524
2019-03-22,48.9146,48.9335,48.876,48.9146,30741.076791559
2019-03-25,48.9047,49.0197,48.9047,48.9632,59123.196245254
2019-03-26,48.9146,48.9731,48.9146,48.9236,24836.119453723
2019-03-27,48.9236,48.9583,48.9146,48.9236,59315.825938085
2019-03-28,48.8383,48.8859,48.8363,48.868,32629.04948779
2019-03-29,48.9146,48.9236,48.8859,48.8859,26872.346416164
2019-04-01,48.9335,48.9335,48.868,48.8958,40655.959044038
2019-04-02,48.8958,48.9146,48.876,48.9146,56479.832764046
2019-04-03,48.876,48.9047,48.8383,48.8383,136789.26962346
2019-04-04,48.867,48.8958,48.8482,48.8859,80339.692832112
2019-04-05,48.8482,48.8859,48.8482,48.8859,34123.694538972
2019-04-08,48.876,48.9047,48.8581,48.8859,40917.168941647
2019-04-09,48.876,48.9236,48.8581,48.8581,21779.257679004
2019-04-10,48.9335,49.0108,48.9335,49.0009,17354.825938426
2019-04-11,48.9731,48.9731,48.9335,48.9335,31070.866893946
2019-04-12,48.876,48.9434,48.876,48.9335,10911.312286601
2019-04-15,48.9236,48.9434,48.8958,48.9434,19669.40784967
2019-04-16,48.9236,48.9236,48.8869,48.8948,16156.689419664
2019-04-17,48.9047,48.9236,48.868,48.9236,28939.837883724
2019-04-18,48.9632,48.9741,48.9335,48.9335,54936.77815655
2019-04-22,48.9731,49.0108,48.9533,48.9533,19154.047781414
2019-04-23,48.9821,49.0366,48.9821,49.0009,25008.57849809
2019-04-24,49.0455,49.0882,49.0435,49.0544,25192.131399113
2019-04-25,49.0644,49.0941,49.0644,49.0842,34162.018771054
2019-04-26,49.0941,49.1219,49.0743,49.0842,20150.477815536
2019-04-29,49.0455,49.104,49.0455,49.0544,36248.672354654
2019-04-30,49.0941,49.1308,49.0773,49.1129,40185.982934827
2019-05-01,49.0941,49.1784,49.0455,49.0455,27375.604095341
2019-05-02,48.9821,48.9821,48.9146,48.9434,26757.373719919
2019-05-03,48.9632,49.0197,48.9632,49.0009,35137.269624288
2019-05-06,49.0366,49.0544,49.0227,49.0544,56116.761091694
2019-05-07,49.0544,49.0544,49.0197,49.0366,30405.235494634
2019-05-08,49.0544,49.0544,48.9731,48.991,36856.817405844
2019-05-09,48.991,49.0336,48.991,49.0197,27335.262798413
2019-05-10,49.0009,49.0544,48.9821,49.0455,125225.43685905
2019-05-13,49.1219,49.1764,49.104,49.1129,26092.75085303
2019-05-14,49.104,49.1685,49.104,49.1685,26039.298634601
2019-05-15,49.2062,49.2448,49.1883,49.1972,23489.728668751
2019-05-16,49.2349,49.2448,49.1893,49.225,15268.172354825
2019-05-17,49.2528,49.2537,49.1883,49.2062,35109.030716438
2019-05-20,49.1586,49.1833,49.1318,49.1586,26289.414675554
2019-05-21,49.1784,49.1784,49.1169,49.1496,67418.375426074
2019-05-22,49.1685,49.1883,49.1219,49.1308,94665.895903668
2019-05-23,49.1318,49.1883,49.1318,49.1675,24113.001706289
2019-05-24,49.2002,49.2002,49.1496,49.1972,21586.627986173
2019-05-28,49.1972,49.225,49.1586,49.1784,1336615.0801939
2019-05-29,49.1972,49.2637,49.1972,49.1972,125998.98122765
2019-05-30,49.2161,49.2924,49.2161,49.2637,18587.252559576
2019-05-31,49.339,49.4322,49.339,49.4322,75847.689419179
2019-06-03,49.4421,49.5413,49.4421,49.5284,32340.609214754
2019-06-04,49.4421,49.5175,49.4322,49.5135,24435.732081713
2019-06-05,49.577,49.6335,49.5096,49.5284,25207.259385461
2019-06-06,49.5324,49.5671,49.5056,49.5195,18459.16894183
2019-06-07,49.5968,49.6335,49.5671,49.6057,22076.774743848
2019-06-10,49.5572,49.577,49.4996,49.4996,15952.965870178
2019-06-11,49.462,49.4917,49.462,49.4907,76926.819112003
2019-06-12,49.5096,49.5284,49.4521,49.459,22046.518771152
2019-06-13,49.5472,49.5472,49.4996,49.5373,29720.441979281
2019-06-14,49.4996,49.5155,49.4322,49.4521,15171.353242198
2019-06-17,49.4055,49.4521,49.4055,49.4055,29199.030716486
2019-06-18,49.5284,49.5671,49.4778,49.4996,45715.766211233
2019-06-19,49.4421,49.6613,49.4421,49.6514,39035.247439956
2019-06-20,49.7733,49.8318,49.7545,49.7545,42876.747439925
2019-06-21,49.7446,49.7634,49.697,49.697,18519.680887222
2019-06-24,49.7356,49.7634,49.7267,49.7267,19707.732081751
2019-06-25,49.7545,49.7832,49.688,49.688,52495.121159983
2019-06-26,49.688,49.7267,49.6781,49.6781,19202.457337728
2019-06-27,49.6781,49.7446,49.6781,49.7237,11150.334470899
2019-06-28,49.7168,49.7634,49.7168,49.7446,35076.757678896
2019-07-01,49.7832,49.7852,49.697,49.7356,134624.95904328
2019-07-02,49.697,49.7446,49.697,49.7356,14252.580204662
2019-07-03,49.7545,49.8031,49.7446,49.7545,185576.01706334
2019-07-05,49.6692,49.688,49.6236,49.688,33840.296928053
2019-07-08,49.7069,49.7069,49.6365,49.6514,18083.994880399
2019-07-09,49.6414,49.6761,49.6335,49.6514,25180.029010034
2019-07-10,49.7356,49.7931,49.7168,49.7733,29864.662115798
2019-07-11,49.813,49.8467,49.7634,49.7733,43932.680887015
2019-07-12,49.7733,49.8209,49.7545,49.7991,23254.740614146
2019-07-15,49.813,49.8219,49.7832,49.8031,29364.430033891
2019-07-16,49.7832,49.813,49.7693,49.7931,7896.808873656
2019-07-17,49.7832,49.8318,49.7832,49.8219,21928.520477638
2019-07-18,49.805,49.8982,49.7872,49.8982,16007.42662103
2019-07-19,49.8497,49.8526,49.813,49.813,10841.7235494
2019-07-22,49.8318,49.8437,49.813,49.813,60856.863480734
2019-07-23,49.8031,49.8407,49.8031,49.8407,14613.634812168
2019-07-24,49.8407,49.8596,49.8031,49.8169,22290.583617566
2019-07-25,49.813,49.813,49.7733,49.7832,17826.819112483
2019-07-26,49.7366,49.7634,49.7267,49.7356,6986.1040955064
2019-07-29,49.7545,49.7822,49.7446,49.7446,13479.035836068
2019-07-30,49.7634,49.7832,49.7545,49.7832,9452.9744026536
2019-07-31,49.813,49.8318,49.687,49.7356,14655.993173942
2019-08-01,49.7267,49.8794,49.697,49.8497,23471.575085134
2019-08-02,49.8497,49.8735,49.8031,49.8497,29329.131399079
2019-08-05,49.8596,49.9657,49.8497,49.927,43911.501706128
2019-08-06,49.9359,49.9518,49.9042,49.9359,20173.67406127
2019-08-07,50.0212,50.0301,49.8982,49.9558,23614.786689228
2019-08-08,49.924,50.0043,49.9121,49.9805,23987.943685812
2019-08-09,50.0212,50.0212,49.9468,49.9558,20981.508532253
2019-08-12,50.0014,50.0212,49.9756,49.9905,23635.965870115
2019-08-13,49.9508,49.9805,49.933,49.9359,17209.597269485
2019-08-14,49.9686,49.9855,49.927,49.9558,14766.931740494
2019-08-15,49.9558,50.0579,49.9458,50.0579,67538.390784434
2019-08-16,49.9855,50.049,49.9855,50.0301,52341.824231657
2019-08-19,49.9558,50.0123,49.9558,49.9657,18127.361774597
2019-08-20,50.0043,50.0331,49.9855,49.9855,11315.733788304
2019-08-21,49.9855,50.0123,49.9458,49.9458,19394.078498136
2019-08-22,49.9657,49.9657,49.8883,49.9121,8859.957337812
2019-08-23,49.9171,50.049,49.9171,49.9954,12454.366894097
2019-08-26,50.047,50.0579,49.9726,49.9756,17314.484641498
2019-08-27,49.9855,50.0579,49.9855,50.0529,15406.341296803
2019-08-28,50.0876,50.1174,50.0777,50.0777,17585.779863338
2019-08-29,50.0777,50.1075,50.04,50.0975,10972.832764416
2019-08-30,50.0678,50.0866,50.0212,50.0301,19300.284982778
2019-09-03,49.9855,50.049,49.9855,49.9855,15640.320818986
2019-09-04,50.0678,50.1174,50.0549,50.0876,62424.122866387
2019-09-05,50.0043,50.0212,49.9954,50.0123,69497.969282712
2019-09-06,49.9756,50.049,49.9756,50.049,42336.17406109
2019-09-09,50.0083,50.0083,49.9567,49.9756,32406.163822262
2019-09-10,49.9657,49.9934,49.8497,49.8695,91769.390784238
2019-09-11,49.9359,49.9359,49.8497,49.8497,19494.931740456
2019-09-12,49.9072,49.9072,49.8031,49.8219,25687.320818904
2019-09-13,49.8031,49.8318,49.7069,49.7069,20510.523890618
2019-09-16,49.8735,49.9131,49.8685,49.8883,19080.424914521
2019-09-17,49.8675,49.9072,49.8447,49.8695,28193.523890556
2019-09-18,49.9072,49.9171,49.7545,49.7852,22370.257678999
2019-09-19,49.8497,49.8497,49.813,49.813,22532.631399134
2019-09-20,49.8536,49.927,49.8407,49.8883,20591.206484474
2019-09-23,49.927,49.9905,49.927,49.9657,12234.506825839
2019-09-24,49.9458,50.0043,49.9458,49.9855,27537.977815476
2019-09-25,49.927,49.929,49.8596,49.9072,21122.703071501
2019-09-26,49.927,49.927,49.8784,49.8784,71405.104094983
2019-09-27,49.8784,49.9171,49.8784,49.9072,35778.696245443
2019-09-30,49.8784,49.8883,49.8219,49.8883,18444.040955482
2019-10-01,49.813,49.933,49.813,49.927,18757.694539097
2019-10-02,49.9657,50.0043,49.9508,49.9756,27232.392491246
2019-10-03,50.0212,50.1273,50.0212,50.0648,13144.203071566
2019-10-04,50.0688,50.1045,50.0658,50.0787,23840.697952025
2019-10-07,50.0787,50.0787,50.0043,50.0301,19547.375426462
2019-10-08,50.0212,50.04,49.9845,50.0043,16281.747440141
2019-10-09,50.0301,50.0301,49.9429,49.9558,15511.228668816
2019-10-10,49.9627,49.9657,49.923,49.931,18545.902730225
2019-10-11,49.8695,49.9458,49.8675,49.8695,26130.066552689
2019-10-14,49.8883,49.9855,49.7931,49.8031,19267.003412813
2019-10-15,49.8536,49.8665,49.813,49.8407,16839.46587017
2019-10-16,49.8407,49.9558,49.8407,49.927,26747.288395687
2019-10-17,49.9359,49.9865,49.9072,49.9766,10550.257679095
2019-10-18,49.9954,50.0083,49.9855,49.9994,18752.651876981
2019-10-21,49.9756,49.9786,49.927,49.927,12315.189419695
2019-10-22,49.9954,49.9954,49.9458,49.9954,20272.510238743
2019-10-23,49.9855,50.0162,49.9855,49.9984,22175.610921322
2019-10-24,50.0123,50.0589,50.0043,50.0043,43313.44197917
2019-10-25,50.0123,50.0212,49.9855,50.0043,47920.418088348
2019-10-28,49.9855,49.9855,49.927,49.9409,32565.511945128
2019-10-29,49.9171,49.9389,49.8784,49.8784,22483.213310398
2019-10-30,49.8883,49.9369,49.8784,49.9072,22151.406143165
2019-10-31,49.9855,50.04,49.9756,49.9756,28316.564846186
2019-11-01,49.9855,50.045,49.9855,50.0301,41741.139931402
2019-11-04,50.05,50.0688,50.05,50.0599,42205.064846074
2019-11-05,50.0589,50.0589,50.0043,50.0212,39956.037542338
2019-11-06,50.0589,50.0787,50.0361,50.0638,14603.549487936
2019-11-07,50.04,50.0539,49.9508,49.9954,17741.093856511
2019-11-08,49.9359,50.0123,49.9359,49.9756,14606.575085206
2019-11-11,49.9696,50.0589,49.9072,50.0123,62100.38395854
2019-11-12,49.9954,50.0123,49.9756,49.9756,95149.991466804
2019-11-13,50.0043,50.0301,50.0034,50.0133,11997.501706387
2019-11-14,50.04,50.0589,50.0301,50.0301,15816.813993046
2019-11-15,50.0172,50.05,50.0043,50.0093,33107.093856386
2019-11-18,50.048,50.0688,50.04,50.04,15107.815699536
2019-11-19,50.0589,50.0589,50.04,50.0589,18241.325938418
2019-11-20,50.0688,50.1085,50.0688,50.0985,19926.583617586
2019-11-21,50.0886,50.1085,50.0688,50.0886,16260.568259254
2019-11-22,50.0787,50.0787,50.05,50.05,42787.996586683
2019-11-25,50.0688,50.0985,50.0589,50.0787,28304.462457108
2019-11-26,50.0787,50.1382,50.0787,50.0985,20344.11604079
2019-11-27,50.0817,50.0886,50.0589,50.0589,27368.544368378
2019-11-29,50.0688,50.0688,50.0123,50.0252,4901.467576752
2019-12-02,50.0043,50.04,49.9895,50.0301,17906.493173916
2019-12-03,50.1085,50.1769,50.1085,50.1471,12769.029010135
2019-12-04,50.157,50.162,50.1283,50.1491,30497.011945145
2019-12-05,50.1382,50.1481,50.1184,50.1283,18626.585324081
2019-12-06,50.0886,50.167,50.0886,50.167,64477.494880022
2019-12-09,50.167,50.1878,50.1471,50.1471,16753.740614198
2019-12-10,50.157,50.166,50.1382,50.1471,14005.489760978
2019-12-11,50.2235,50.2522,50.167,50.2522,20474.216723383
2019-12-12,50.2711,50.2711,50.157,50.157,42715.382252213
2019-12-13,50.2374,50.281,50.1878,50.281,43102.658702722
2019-12-16,50.2334,50.2711,50.2284,50.2334,38854.720136203
2019-12-17,50.2612,50.2849,50.2334,50.281,17545.43856641
2019-12-18,50.2612,50.3087,50.2612,50.2711,10679.349829265
2019-12-19,50.2899,50.3524,50.28,50.3494,19581.665528851
2019-12-20,50.3197,50.3395,50.2998,50.3097,31823.232081653
2019-12-23,50.3097,50.3097,50.2522,50.2522,49327.320818712
2019-12-24,50.2621,50.3097,50.2621,50.2998,17467.781569824
2019-12-26,50.2998,50.3583,50.2998,50.3583,27855.665528784
2019-12-27,50.3514,50.3871,50.3474,50.3583,41742.148463825
2019-12-30,50.3672,50.4158,50.3672,50.4158,39821.902730052
2019-12-31,50.3583,50.7034,50.3583,50.3871,55433.984641188
2020-01-02,50.5011,50.5209,50.4823,50.5209,32536.264504855
2020-01-03,50.5884,50.628,50.5784,50.6181,79134.496586388
2020-01-06,50.628,50.628,50.5398,50.5685,48434.76962418
2020-01-07,50.5398,50.5398,50.5051,50.516,51360.522183883
2020-01-08,50.5011,50.5209,50.4158,50.4674,36332.38054578
2020-01-09,50.4079,50.4624,50.4029,50.4446,50495.201364778
2020-01-10,50.4723,50.4912,50.4446,50.4753,58804.499999522
2020-01-13,50.4912,50.5209,50.4535,50.5209,76308.588736582
2020-01-14,50.4634,50.511,50.4634,50.5061,24073.668941784
2020-01-15,50.511,50.5398,50.4912,50.516,33076.83788369
2020-01-16,50.4912,50.5209,50.4912,50.5061,21264.906143172
2020-01-17,50.4823,50.511,50.4723,50.4723,39205.689419477
2020-01-21,50.4912,50.5497,50.4912,50.5299,37975.279863173
2020-01-22,50.5398,50.5398,50.4823,50.4912,38932.37713279
2020-01-23,50.511,50.5209,50.4723,50.4823,98371.244026505
2020-01-24,50.4723,50.5011,50.4535,50.4723,43052.232081562
2020-01-27,50.4723,50.511,50.4634,50.511,509795.99487641
2020-01-28,50.4823,50.5209,50.4723,50.4723,86700.506825234
2020-01-29,50.515,50.5824,50.4922,50.5735,38725.627986034
2020-01-30,50.5884,50.6082,50.5497,50.5685,16938.302047644
2020-01-31,50.6181,50.6945,50.6181,50.6945,7547.8566552288
2020-02-03,50.6082,50.6082,50.5586,50.5933,27602.523890561
2020-02-04,50.5398,50.5497,50.4892,50.4912,18954.358361621
2020-02-05,50.4723,50.5279,50.4723,50.4823,11738.308873625
2020-02-06,50.4823,50.5299,50.4823,50.5299,30932.697951967
2020-02-07,50.5299,50.6082,50.5299,50.5884,14592.455631281
2020-02-10,50.6181,50.6578,50.5983,50.6578,81702.220135855
2020-02-11,50.6082,50.6181,50.5784,50.5784,45041.058020112
2020-02-12,50.5784,50.6082,50.5715,50.5983,25423.085324026
2020-02-13,50.6578,50.6627,50.6181,50.6379,13804.791808762
2020-02-14,50.628,50.6677,50.628,50.6379,16983.686006688
2020-02-18,50.6479,50.6865,50.6479,50.6578,14569.259385547
2020-02-19,50.6677,50.6776,50.6479,50.6617,9166.5511944648
2020-02-20,50.6677,50.7321,50.6677,50.7321,14233.418088622
2020-02-21,50.6865,50.7708,50.6865,50.752,27241.469283055
2020-02-24,50.7996,50.8581,50.7867,50.8581,24027.276450317
2020-02-25,50.8382,50.8779,50.8095,50.8095,21538.218429859
2020-02-26,50.7787,50.8462,50.7668,50.8194,17629.146757536
2020-02-27,50.8581,50.8858,50.8194,50.868,172393.48975969
2020-02-28,50.9255,51.0028,50.8581,50.9156,84264.901023206
2020-03-02,50.9156,50.983,50.8481,50.8581,71524.110920921
2020-03-03,50.9057,51.2914,50.9057,51.1664,31866.59897585
2020-03-04,51.2239,51.2497,51.1436,51.1734,12014.646757582
2020-03-05,51.2517,51.2715,51.1664,51.1664,49839.655289698
2020-03-06,51.1952,51.1991,51.0365,51.0415,116615.59556219
2020-03-09,50.7034,50.7896,50.281,50.4912,117580.7610912
2020-03-10,50.5011,50.5497,49.8001,49.9151,94315.935152818
2020-03-11,50.2126,50.2126,48.756,49.3757,125333.34982833
2020-03-12,49.0574,50.2423,47.2508,48.7709,206483.9027287
2020-03-13,48.867,49.6454,48.8076,49.3658,61236.071671858
2020-03-16,48.5388,49.3955,48.1918,48.4427,136121.6211593
2020-03-17,48.5091,49.2676,48.1155,48.1155,128363.98976005
2020-03-18,48.0689,48.5537,47.6841,47.7119,106335.62457252
2020-03-19,47.5959,48.7025,47.5959,48.4139,113852.21672262
2020-03-20,47.9528,49.2805,47.9528,49.2805,169343.68771194
2020-03-23,49.2904,49.925,48.4833,49.453,127685.24743924
2020-03-24,49.2904,49.9151,49.1169,49.5006,86840.692832059
2020-03-25,49.6077,50.0291,49.5106,49.9151,53724.522183864
2020-03-26,50.0291,50.4912,49.8863,50.039,63223.889077985
2020-03-27,50.2522,50.3831,49.6742,50.039,402952.0699626
2020-03-30,50.1372,50.2988,49.7902,49.8477,190167.86518617
2020-03-31,49.925,50.044,49.7218,49.7505,47918.401023502
2020-04-01,50.1253,50.1253,49.8477,49.8477,64919.232081384
2020-04-02,50.0787,50.4168,49.9845,50.3415,173288.05801907
2020-04-03,50.5814,50.6409,50.4535,50.514,132447.53754159
2020-04-06,50.745,50.745,50.5239,50.5328,30672.496586782
2020-04-07,50.5814,50.75,50.4842,50.5427,104825.85153498
2020-04-08,50.6211,50.7539,50.3791,50.5616,352944.99829065
2020-04-09,50.6974,50.8521,50.4267,50.8323,44468.211603734
2020-04-13,50.7351,50.8809,50.7351,50.7847,78642.332763866
2020-04-14,50.8045,50.9195,50.7847,50.8134,73079.267917495
2020-04-15,50.7649,50.862,50.7549,50.7549,32855.96928301
2020-04-16,50.7936,50.7936,50.4743,50.5715,93399.179180129
2020-04-17,50.5041,50.5814,50.4367,50.4882,34949.682593573
2020-04-20,50.3315,50.4466,50.2671,50.273,46959.286689038
2020-04-21,50.282,50.3891,50.282,50.2919,111566.88225165
2020-04-22,50.399,50.5616,50.3593,50.4654,45248.815699291
2020-04-23,50.512,50.6112,50.4466,50.4466,27225.332764284
2020-04-24,50.4704,50.6042,50.4555,50.5616,66873.767917546
2020-04-27,50.5527,50.6538,50.5041,50.5715,27578.319112404
2020-04-28,50.6796,50.7549,50.631,50.6707,33743.477815426
2020-04-29,50.7064,50.7847,50.6895,50.6895,38270.77986317
2020-04-30,50.7401,50.7629,50.6211,50.6211,24972.271330855
2020-05-01,50.4267,50.4842,50.3593,50.4267,96969.383958257
2020-05-04,50.4942,50.5616,50.4555,50.4803,32576.605801783
2020-05-05,50.4555,50.5913,50.4555,50.4942,43302.348122515
2020-05-06,50.5715,50.5913,50.4942,50.5427,17006.882252422
2020-05-07,50.631,50.7133,50.5527,50.6895,35969.308873428
2020-05-08,50.6766,50.7252,50.6607,50.7153,25128.593856451
2020-05-11,50.6796,50.7153,50.6112,50.631,17665.453924771
2020-05-12,50.6012,50.6796,50.5913,50.6607,27976.689419568
2020-05-13,50.6895,50.6895,50.4942,50.6508,32342.626279601
2020-05-14,50.627,50.6796,50.6012,50.631,18048.696245587
2020-05-15,50.6974,50.7153,50.631,50.6607,26864.278156778
2020-05-18,50.7252,50.8134,50.7153,50.7847,36268.843003118
2020-05-19,50.745,50.8521,50.745,50.8234,16226.278156865
2020-05-20,50.7748,50.8898,50.7748,50.8422,178115.90272893
2020-05-21,50.8809,50.9047,50.8134,50.8472,60776.180886878
2020-05-22,50.8134,50.9394,50.7252,50.8719,25404.931740408
2020-05-26,50.9195,50.9195,50.8323,50.8323,45843.849828979
2020-05-27,50.7847,50.9096,50.7847,50.8422,38744.790102074
2020-05-28,50.8422,50.9513,50.8422,50.9195,53451.209897177
2020-05-29,50.9969,51.0375,50.9195,50.9532,62817.450511435
2020-06-01,50.9592,51.0415,50.9592,50.9671,33155.5034127
2020-06-02,50.977,51.0544,50.9592,50.9592,30094.607508288
2020-06-03,51.0068,51.0068,50.9096,51.0068,62742.819112118
2020-06-04,51.0058,51.0058,50.9294,50.977,37385.288395601
2020-06-05,51.0355,51.0355,50.9671,51.0167,21804.470989584
2020-06-08,51.1119,51.1416,51.0544,51.1416,34398.015358082
2020-06-09,51.1416,51.2378,51.1416,51.1902,136938.5324221
2020-06-10,51.2101,51.3637,51.2001,51.3152,21073.284982764
2020-06-11,51.2467,51.3152,51.1803,51.2011,35626.40784954
2020-06-12,51.1902,51.2418,51.1615,51.1644,35938.044368309
2020-06-15,51.1516,51.2279,51.1516,51.1902,27511.755972473
2020-06-16,51.2567,51.2963,51.2101,51.2864,53767.889078062
2020-06-17,51.2388,51.2567,51.1803,51.2279,49571.385665126
2020-06-18,51.22,51.2765,51.1902,51.2666,26176.459044156
2020-06-19,51.3152,51.3429,51.2864,51.3112,18627.593856504
2020-06-22,51.335,51.3717,51.3082,51.335,21243.726962285
2020-06-23,51.4213,51.4312,51.3737,51.3984,33426.798634541
2020-06-24,51.3449,51.3647,51.2963,51.335,24518.431740415
2020-06-25,51.2666,51.335,51.2666,51.3152,98318.800340498
2020-06-26,51.3251,51.334,51.2864,51.2864,10984.935153494
2020-06-29,51.3449,51.4014,51.3251,51.4014,8751.0358361064
2020-06-30,51.4113,51.4213,51.3152,51.3449,149259.77303633
2020-07-01,51.3251,51.3826,51.3152,51.335,20186.784982771
2020-07-02,51.335,51.4312,51.335,51.4312,334137.88566282
2020-07-06,51.451,51.5164,51.4113,51.4807,13849.167235382
2020-07-07,51.5095,51.5095,51.4341,51.451,16499.590443552
2020-07-08,51.4213,51.4807,51.4213,51.4312,38458.366893886
2020-07-09,51.4708,51.4708,51.4014,51.4014,31481.339590188
2020-07-10,51.451,51.4609,51.4213,51.4609,15193.540955508
2020-07-13,51.4411,51.4897,51.4262,51.4708,19932.634812125
2020-07-14,51.4996,51.5472,51.4807,51.5095,335554.87371741
2020-07-15,51.4897,51.5472,51.4897,51.5273,59458.029009756
2020-07-16,51.5125,51.5561,51.4897,51.5561,19363.82252544
2020-07-17,51.5293,51.5948,51.5293,51.5749,24354.040955434
2020-07-20,51.6146,51.6533,51.5948,51.6146,12090.286689322
2020-07-21,51.6632,51.7118,51.6443,51.7068,165372.08702937
2020-07-22,51.7019,51.7395,51.6919,51.6919,30208.57167211
2020-07-23,51.6731,51.7118,51.6443,51.6443,38556.194538936
2020-07-24,51.6245,51.6632,51.6047,51.6295,61908.762798132
2020-07-27,51.6344,51.6533,51.5849,51.5849,15115.883958922
2020-07-28,51.5849,51.6632,51.5849,51.6632,17286.245733648
2020-07-29,51.6344,51.7207,51.6344,51.7098,71700.604094981
2020-07-30,51.7019,51.7306,51.6632,51.7207,212776.13651704
2020-07-31,51.7306,51.797,51.7118,51.7584,32881.18259359
2020-08-03,51.8317,51.8764,51.8317,51.8466,29132.467576555
2020-08-04,51.8962,51.9081,51.8665,51.8764,21597.721842828
2020-08-05,51.9914,52.0003,51.9567,51.9716,115499.15016971
2020-08-06,52.039,52.0578,52.0003,52.0003,22017.271330879
2020-08-07,52.0291,52.0291,51.9329,51.9616,28997.324231846
2020-08-10,51.9616,52.0102,51.9329,51.9369,104998.31057935
2020-08-11,51.9329,51.9418,51.8992,51.9329,16194.005119322
2020-08-12,52.039,52.041,51.9864,52.0201,123414.11262698
2020-08-13,52.0578,52.0866,52.0102,52.0102,87143.252559019
2020-08-14,52.0201,52.0241,51.9815,52.0003,13427.600682485
2020-08-17,52.0201,52.0489,52.0201,52.0201,29040.691126044
2020-08-18,52.0201,52.1064,52.0201,52.0965,25978.786689209
2020-08-19,52.1163,52.1352,52.0102,52.0102,20616.419795054
2020-08-20,52.0102,52.0291,51.9716,52.0102,16045.750853112
2020-08-21,52.0291,52.0777,52.0291,52.0777,31983.588736942
2020-08-24,52.0965,52.1649,52.0965,52.1352,15873.291808745
2020-08-25,52.1262,52.1937,52.1064,52.1748,17145.0511944
2020-08-26,52.1847,52.2611,52.1847,52.2611,28140.071672126
2020-08-27,52.2234,52.2611,52.1937,52.2333,59633.513651393
2020-08-28,52.3474,52.3721,52.3196,52.3474,79085.078497651
2020-08-31,52.3662,52.386,52.3474,52.3563,27097.249146538
2020-09-01,52.1847,52.1847,52.0965,52.1163,34474.663822246
2020-09-02,52.1163,52.1163,52.0489,52.0777,43192.418088386
2020-09-03,52.039,52.039,51.9517,51.9815,53703.343002977
2020-09-04,52.0102,52.0102,51.915,51.9616,26196.62969262
2020-09-08,51.915,51.9616,51.8962,51.9616,24361.100682396
2020-09-09,51.9616,52.0102,51.9438,51.9815,78722.006825299
2020-09-10,51.9914,51.9914,51.9517,51.9716,43740.051194184
2020-09-11,51.9616,52.0003,51.9616,51.9815,56923.587030254
2020-09-14,51.9815,51.9914,51.9428,51.9914,40847.580204446
2020-09-15,51.9815,52.038,51.9716,52.0003,19047.143344555
2020-09-16,52.0489,52.0777,52.0291,52.0677,44321.97440237
2020-09-17,52.0201,52.0866,52.0201,52.0578,37237.03412939
2020-09-18,52.1064,52.1163,52.0777,52.0866,29134.484641402
2020-09-21,52.039,52.0578,51.9616,51.9914,28099.730375198
2020-09-22,51.9815,51.9914,51.9517,51.9914,63202.709897098
2020-09-23,51.9329,51.9815,51.9329,51.9616,32937.660409289
2020-09-24,51.8962,51.9319,51.8962,51.9061,68141.493173508
2020-09-25,51.8962,51.9418,51.8962,51.9418,86914.315698953
2020-09-28,51.9616,52.0221,51.9616,52.0003,13482.061433338
2020-09-29,52.0102,52.0677,52.0102,52.0578,62573.385665021
2020-09-30,52.0677,52.0866,52.0201,52.0281,76674.686006203
2020-10-01,52.0003,52.0578,51.9815,52.039,9679.8941978736
2020-10-02,52.0201,52.0231,51.9616,52.0082,89191.581910538
2020-10-05,52.034,52.0489,52.0003,52.0102,23645.042661924
2020-10-06,52.0677,52.0677,52.0102,52.0201,23333.406143155
2020-10-07,52.039,52.0777,52.0172,52.0777,19755.133105642
2020-10-08,52.1262,52.1461,52.0895,52.1064,11929.930034033
2020-10-09,52.1362,52.153,52.1094,52.1461,69608.907849264
2020-10-12,52.0777,52.2244,52.0777,52.1282,16091.134812156
2020-10-13,52.0866,52.1223,52.0856,52.0866,21103.54095546
2020-10-14,52.0866,52.0965,52.0291,52.0856,31939.213310321
2020-10-15,52.0677,52.0866,52.0291,52.0866,19291.20819097
2020-10-16,52.0965,52.1163,52.0677,52.1163,98249.211603298
2020-10-19,52.0677,52.0965,52.0677,52.0717,13774.535836066
2020-10-20,52.0489,52.0965,52.0489,52.0965,26269.24402709
2020-10-21,52.1064,52.1064,52.0578,52.1014,49105.443685608
2020-10-22,52.0578,52.1163,52.0578,52.1064,44210.027303395
2020-10-23,52.0866,52.0965,52.0578,52.0777,146589.1791797
2020-10-26,52.0578,52.0677,52.035,52.039,33226.100682324
2020-10-27,52.0965,52.0965,52.0677,52.0777,29288.790102151
2020-10-28,52.0291,52.039,52.0102,52.0201,37492.19283246
2020-10-29,51.9914,51.9914,51.9339,51.9339,21111.609214846
2020-10-30,51.9418,51.9418,51.8645,51.923,23848.76621141
2020-11-02,51.7574,51.8159,51.7574,51.806,46408.627985971
2020-11-03,51.7961,51.8258,51.7574,51.8208,39748.279863158
2020-11-04,51.806,51.8308,51.7861,51.7961,22263.35324214
2020-11-05,51.8456,51.8456,51.7901,51.806,27891.972696019
2020-11-06,51.7673,51.7673,51.7098,51.7475,22946.129692646
2020-11-09,51.7772,51.806,51.7475,51.805,22927.976109029
2020-11-10,51.8337,51.8774,51.8258,51.8754,48673.791808478
2020-11-11,51.9616,52.0102,51.7495,51.8357,27312.066552679
2020-11-12,51.8952,51.9051,51.8605,51.8605,24753.419795021
2020-11-13,51.8853,51.8853,51.8357,51.8655,17507.114334329
2020-11-16,51.8555,51.9041,51.8357,51.8754,26697.87030695
2020-11-17,51.8754,51.8952,51.8456,51.8744,347033.98975827
2020-11-18,51.8853,51.8942,51.8555,51.8555,111004.12115951
2020-11-19,51.9051,51.9051,51.8555,51.8883,47662.233788009
2020-11-20,51.9002,51.914,51.8853,51.8952,27920.211603869
2020-11-23,51.9329,51.9408,51.9051,51.9051,17469.79863467
2020-11-24,51.9329,52.0102,51.9329,52.0003,26851.167235277
2020-11-25,52.0102,52.0489,52.0102,52.0291,59534.677473919
2020-11-27,52.0578,52.0578,52.039,52.0489,10531.095563054
2020-11-30,52.1064,52.1064,52.0578,52.0786,23690.426620968
2020-12-01,52.039,52.039,51.9616,52.0102,32591.733788131
2020-12-02,51.9815,52.0677,51.9616,52.0578,195493.92491309
2020-12-03,52.0866,52.1431,52.0777,52.1213,126826.98634709
2020-12-04,52.1461,52.1976,52.1362,52.1857,39034.238907533
2020-12-07,52.1857,52.27,52.1857,52.2541,102913.6740606
2020-12-08,52.2442,52.2819,52.2442,52.2541,21975.921501528
2020-12-09,52.2641,52.2789,52.2343,52.2621,24484.141638026
2020-12-10,52.272,52.3117,52.269,52.277,36726.716723251
2020-12-11,52.2621,52.2918,52.2621,52.2898,16139.54436847
2020-12-14,52.2918,52.3295,52.272,52.3295,75127.597269014
2020-12-15,52.3206,52.3781,52.3117,52.3781,29693.211603854
2020-12-16,52.4078,52.4515,52.3781,52.4366,94654.802047013
2020-12-17,52.4564,52.4753,52.4277,52.4564,31165.668941726
2020-12-18,52.4564,52.4743,52.4366,52.4653,33252.322525327
2020-12-21,52.4465,52.4564,52.4078,52.4564,45479.769624204
2020-12-22,52.4753,52.4852,52.4277,52.4703,26781.578498076
2020-12-23,52.4653,52.5,52.4386,52.4911,18221.155289954
2020-12-24,52.4753,52.505,52.4753,52.4881,7524.6604094952
2020-12-28,52.5238,52.5238,52.4653,52.4852,29897.943685764
2020-12-29,52.4852,52.505,52.4753,52.4901,29337.199658465
2020-12-30,52.4951,52.5238,52.4753,52.507,188141.72354796
2020-12-31,52.5139,52.6022,52.4653,52.5437,76701.91638163
2021-01-04,52.6111,52.6408,52.5734,52.6408,142304.93344594
2021-01-05,52.621,52.6914,52.621,52.6805,25152.798634608
2021-01-06,52.6894,52.6993,52.6309,52.6726,36263.800341002
2021-01-07,52.7182,52.7985,52.7182,52.7707,97475.667234703
2021-01-08,52.7569,52.7846,52.6993,52.7281,75400.909555702
2021-01-11,52.6993,52.6993,52.6508,52.6755,38787.148463849
2021-01-12,52.7083,52.7083,52.6587,52.6805,39167.365187395
2021-01-13,52.6805,52.6815,52.6408,52.6696,74265.302047178
2021-01-14,52.6894,52.7469,52.6607,52.7469,82069.3259379
2021-01-15,52.7668,52.8144,52.7281,52.8144,43604.907849475
2021-01-19,52.7945,52.854,52.7747,52.854,76509.286688798
2021-01-20,52.854,52.9016,52.8441,52.8927,159600.2559714
2021-01-21,52.9026,52.9611,52.8877,52.9611,162366.66040824
2021-01-22,52.9125,52.9324,52.8828,52.9026,41160.225255638
2021-01-25,52.8828,52.9224,52.8828,52.9125,34247.744027026
2021-01-26,52.9512,52.9512,52.8828,52.8927,48855.327644654
2021-01-27,52.9026,52.9125,52.8729,52.8927,91600.965869563
2021-01-28,52.9125,52.9125,52.8748,52.9026,90916.17235421
2021-01-29,52.9026,52.9274,52.854,52.9026,98990.48293435
2021-02-01,52.8828,52.8828,52.8639,52.8739,104114.83617663
2021-02-02,52.8828,52.9423,52.8639,52.8927,62779.126279354
2021-02-03,52.9324,52.9423,52.9026,52.9224,51888.99317364
2021-02-04,52.9125,52.9403,52.8838,52.9125,83664.824231402
2021-02-05,52.9125,52.9611,52.8986,52.9611,83270.488053931
2021-02-08,52.9611,52.9809,52.9224,52.9809,47906.298634423
2021-02-09,52.971,52.9899,52.9611,52.9809,117233.82593761
2021-02-10,52.9512,53.0008,52.9324,52.9909,47393.964163438
2021-02-11,53.0008,53.0186,52.971,53.0147,76273.29010177
2021-02-12,53.0474,53.0474,53.0107,53.0186,85232.083617055
2021-02-16,53.0285,53.0285,52.9423,52.9512,62589.522183792
2021-02-17,52.9224,52.9324,52.8828,52.9224,64458.332763982
2021-02-18,52.9224,52.9224,52.8342,52.8392,75494.703071059
2021-02-19,52.8342,52.8342,52.7083,52.8045,76529.457337262
2021-02-22,52.8441,52.9324,52.8144,52.9125,95593.745733012
2021-02-23,52.9809,52.9809,52.9423,52.9809,76872.35836115
2021-02-24,53.0008,53.0107,52.97,53.0008,95006.77986271
2021-02-25,52.8639,52.8639,52.6309,52.6309,95146.965869534
2021-02-26,52.6508,52.8828,52.621,52.8828,70424.810579633
2021-03-01,53.0186,53.0186,52.9423,52.9909,77139.619453298
2021-03-02,53.0186,53.1158,52.9909,53.096,41747.191125941
2021-03-03,53.096,53.096,53.0375,53.0771,173319.32252419
2021-03-04,53.096,53.1049,52.9512,52.9809,91328.662115299
2021-03-05,52.971,53.0375,52.9373,53.0008,68166.706484088
2021-03-08,52.9512,52.9611,52.8243,52.8243,79637.754265565
2021-03-09,52.9324,52.9324,52.858,52.9224,422049.63992831
2021-03-10,52.9423,53.0474,52.9423,53.0474,327967.68429768
2021-03-11,53.1445,53.2011,53.086,53.1832,139661.56996474
2021-03-12,53.1346,53.1346,53.0623,53.1059,197638.06484481
2021-03-15,53.1059,53.1832,53.0801,53.1733,66805.187712768
2021-03-16,53.2229,53.2824,53.203,53.2824,689022.29180328
2021-03-17,53.2427,53.3676,53.1733,53.2943,258933.63992964
2021-03-18,53.203,53.203,53.0573,53.0771,257348.22696037
2021-03-19,53.0474,53.0771,53.0137,53.0573,255827.36006618
2021-03-22,53.0573,53.1158,53.0523,53.1059,90643.868599946
2021-03-23,53.096,53.1247,53.0771,53.096,142412.84641523
2021-03-24,53.1346,53.2229,53.1247,53.2229,87244.105801339
2021-03-25,53.2992,53.2992,53.1733,53.2526,79595.39590379
2021-03-26,53.2992,53.3577,53.2824,53.2903,233003.26279674
2021-03-29,53.3091,53.3091,53.213,53.2328,84347.600681909
2021-03-30,53.1445,53.1733,53.1247,53.1634,128368.02388974
2021-03-31,53.1634,53.203,53.1445,53.1832,48618.322525202
2021-04-01,53.1832,53.2526,53.1634,53.2328,335541.76279591
2021-04-05,53.1247,53.1832,53.1049,53.1733,119641.19283179
2021-04-06,53.2229,53.2625,53.1931,53.1931,382803.60921191
2021-04-07,53.2526,53.2725,53.2407,53.2427,175448.33446956
2021-04-08,53.2903,53.329,53.2725,53.3091,73908.281569366
2021-04-09,53.2725,53.2992,53.2526,53.2903,341188.53583341
2021-04-12,53.2526,53.2834,53.2526,53.2625,114346.39760999
2021-04-13,53.3389,53.3676,53.329,53.3587,89523.389077771
2021-04-14,53.3587,53.3885,53.3488,53.3786,240260.66211409
2021-04-15,53.4182,53.447,53.3984,53.4371,96540.757678397
2021-04-16,53.4182,53.4371,53.4083,53.4083,152305.54095439
2021-04-19,53.4182,53.4182,53.3488,53.4083,227399.85665344
2021-04-20,53.3885,53.4033,53.3488,53.3984,192651.88054451
2021-04-21,53.3885,53.4271,53.3686,53.3786,267089.64163606
2021-04-22,53.4083,53.4172,53.3716,53.3984,140676.15358248
2021-04-23,53.4083,53.4182,53.3786,53.4133,74064.604094962
2021-04-26,53.3786,53.4371,53.3786,53.4182,102706.92491384
2021-04-27,53.4519,53.4846,53.4083,53.4747,253086.16893992
2021-04-28,53.5818,53.6502,53.562,53.6502,191858.16552745
2021-04-29,53.6502,53.6899,53.6314,53.6899,248315.81057819
2021-04-30,53.6701,53.6899,53.6601,53.6701,113144.22696154
2021-05-03,53.4747,53.6016,53.4747,53.6016,90711.440272301
2021-05-04,53.68,53.6899,53.6364,53.6502,377491.66893891
2021-05-05,53.7286,53.7881,53.7236,53.7881,226745.31911079
2021-05-06,53.798,53.8029,53.7186,53.7286,376954.12115735
2021-05-07,53.7583,53.8247,53.7583,53.7781,372709.2081881
2021-05-10,53.8535,53.8882,53.798,53.8158,600248.24231594
2021-05-11,53.7385,53.7682,53.7038,53.7385,140318.12457224
2021-05-12,53.8446,53.8594,53.7583,53.7682,574947.18941513
2021-05-13,53.7682,53.7781,53.7087,53.7186,357881.76450221
2021-05-14,53.7385,53.8396,53.7286,53.8347,85035.419794531
2021-05-17,53.8446,53.9328,53.8297,53.913,217591.87883782
2021-05-18,53.9328,53.9715,53.913,53.9328,145125.79863363
2021-05-19,53.8634,53.8932,53.68,53.6988,558812.68770877
2021-05-20,53.6899,53.7048,53.6601,53.68,420077.95904096
2021-05-21,53.7385,53.7682,53.7137,53.7682,196831.23890625
2021-05-24,53.8069,53.8634,53.7881,53.8634,217750.21842827
2021-05-25,53.8733,53.9031,53.8634,53.8932,144691.12115923
2021-05-26,53.8832,53.8832,53.798,53.8297,330188.47269356
2021-05-27,53.7881,53.8347,53.7781,53.8347,522067.8174019
2021-05-28,53.8347,53.8634,53.8218,53.8297,488621.85665132
2021-06-01,53.6215,53.6403,53.5818,53.6116,233843.37030527
2021-06-02,53.6701,53.6701,53.6016,53.6314,794385.69111983
2021-06-03,53.562,53.5719,53.5342,53.5441,629041.8429983
2021-06-04,53.6502,53.6601,53.6016,53.6364,189698.89760938
2021-06-07,53.6403,53.6403,53.562,53.5917,246755.6109195
2021-06-08,53.5917,53.5917,53.5243,53.5342,113569.82764413
2021-06-09,53.5531,53.5531,53.442,53.4569,123039.94709798
2021-06-10,53.5144,53.6116,53.4995,53.5917,144136.42832647
2021-06-11,53.6116,53.6116,53.4569,53.4946,287435.77474169
2021-06-14,53.5045,53.5045,53.4182,53.4569,93400.187712552
2021-06-15,53.5045,53.5511,53.4896,53.5441,65058.409555786
2021-06-16,53.5441,53.6106,53.2229,53.2427,188958.63481075
2021-06-17,53.2229,53.3389,53.1297,53.3389,272359.22354728
2021-06-18,53.2229,53.2625,53.1535,53.2625,184871.05289952
2021-06-21,53.2526,53.3191,53.2328,53.2824,87716.098975397
2021-06-22,53.3786,53.4668,53.3686,53.4569,102013.05460668
2021-06-23,53.4668,53.4946,53.4499,53.4747,88507.796927609
2021-06-24,53.4747,53.4846,53.4083,53.4271,167615.06313857
2021-06-25,53.4668,53.4747,53.4182,53.4747,343171.31057742
2021-06-28,53.4946,53.5045,53.4747,53.4747,75965.687712694
2021-06-29,53.4668,53.5243,53.4668,53.5144,164448.27132972
2021-06-30,53.5441,53.5719,53.5243,53.5531,109727.31911174
2021-07-01,53.6116,53.6116,53.5441,53.5719,117729.01535741
2021-07-02,53.6116,53.6909,53.5917,53.681,98928.962456534
2021-07-06,53.681,53.7395,53.681,53.7097,56219.631398861
2021-07-07,53.7097,53.7097,53.6314,53.6413,146072.81057902
2021-07-08,53.6413,53.6711,53.6215,53.6711,177250.58190982
2021-07-09,53.4846,53.7196,53.4846,53.7097,190166.85665375
2021-07-12,53.7296,53.789,53.7097,53.7791,94127.339589679
2021-07-13,53.8753,53.9249,53.8366,53.915,167990.2372
2021-07-14,53.9646,53.9794,53.8951,53.915,83114.165528335
2021-07-15,53.9646,53.9735,53.9298,53.9546,124670.74402629
2021-07-16,53.9447,53.9933,53.9447,53.9596,100384.27474321
2021-07-19,53.9646,53.9695,53.8277,53.8555,144118.27474286
2021-07-20,53.8852,53.914,53.8654,53.8951,77626.740613704
2021-07-21,53.8852,53.9348,53.8852,53.9051,56869.126279402
2021-07-22,53.9447,54.0131,53.915,53.9933,79980.655289453
2021-07-23,54.0528,54.15,54.0231,54.1401,108424.29522096
2021-07-26,54.1599,54.267,54.1599,54.2571,178906.59214872
2021-07-27,54.267,54.267,54.2045,54.2571,77643.885664898
2021-07-28,54.267,54.3453,54.1589,54.3453,152746.26962333
2021-07-29,54.3354,54.3552,54.2868,54.3165,65964.071671819
2021-07-30,54.3255,54.3731,54.3255,54.3354,237488.20648271
2021-08-02,54.033,54.0429,53.9685,53.9834,153687.23037418
2021-08-03,53.9348,54.0231,53.9249,54.0231,169970.99487917
2021-08-04,54.0032,54.0032,53.8951,53.91,232505.04777968
2021-08-05,53.8466,53.8466,53.7603,53.8079,156265.03924788
2021-08-06,53.7296,53.8079,53.7196,53.8079,179048.79522039
2021-08-09,53.7791,53.7791,53.7395,53.7494,33949.218429758
2021-08-10,53.7692,53.799,53.7553,53.7791,62716.597269115
2021-08-11,53.789,53.8654,53.7514,53.8555,108358.74061345
2021-08-12,53.8654,53.8852,53.8277,53.8366,54999.307166789
2021-08-13,53.8654,53.8753,53.8466,53.8654,46894.740613954
2021-08-16,53.8654,53.915,53.8466,53.8753,1515556.9709775
2021-08-17,53.9051,53.915,53.8277,53.8277,128014.0290092
2021-08-18,53.8366,53.8505,53.7524,53.789,264154.81228454
2021-08-19,53.7593,53.7692,53.7048,53.7494,103389.70136435
2021-08-20,53.7196,53.7276,53.6314,53.6314,210624.93685836
2021-08-23,53.7296,53.7593,53.7097,53.7494,1121290.3822435
2021-08-24,53.7791,53.8277,53.7692,53.8178,75968.713309963
2021-08-25,53.8366,53.8654,53.8079,53.8555,67977.102388526
2021-08-26,53.8753,53.8753,53.8366,53.8555,71544.281569385
2021-08-27,53.8852,54.0706,53.8654,54.0429,60899.221842509
2021-08-30,54.1103,54.1103,54.033,54.0617,141378.09214902
2021-08-31,54.0429,54.0429,53.9953,54.0231,70430.861774172
2021-09-01,53.6215,53.6998,53.6195,53.6909,110937.55801958
2021-09-02,53.7296,53.7583,53.7196,53.7296,119049.18429937
2021-09-03,53.7791,53.7791,53.7395,53.7593,96854.411262012
2021-09-07,53.7296,53.7494,53.7097,53.7246,158091.49146629
2021-09-08,53.7791,53.8277,53.7692,53.8178,142462.26450396
2021-09-09,53.8466,53.9051,53.8317,53.9051,72269.416381666
2021-09-10,53.9249,53.9249,53.8366,53.8366,233472.23037353
2021-09-13,53.9051,53.9051,53.8079,53.8366,98162.477814902
2021-09-14,53.8079,53.8079,53.7791,53.789,80769.327644395
2021-09-15,53.8555,53.8555,53.8178,53.8466,57251.360067794
2021-09-16,53.8079,53.8178,53.789,53.8079,33298.715016794
2021-09-17,53.799,53.799,53.7196,53.7395,249382.83788193
2021-09-20,53.7196,53.7395,53.681,53.6998,82105.633105135
2021-09-21,53.7097,53.7097,53.6711,53.6711,79088.104094921
2021-09-22,53.6909,53.6909,53.5669,53.5818,132956.8464153
2021-09-23,53.5531,53.6215,53.5144,53.5818,81887.790101724
2021-09-24,53.5342,53.5818,53.5194,53.5818,134683.45392382
2021-09-27,53.6016,53.6215,53.5818,53.6116,252241.01876928
2021-09-28,53.6611,53.6611,53.5987,53.6215,90241.46416309
2021-09-29,53.6116,53.6502,53.6116,53.6215,99854.795221032
2021-09-30,53.6215,53.6611,53.5917,53.6611,365665.61774447
2021-10-01,53.7097,53.7593,53.6909,53.7296,154578.77303629
2021-10-04,53.7296,53.7692,53.7246,53.7593,129097.19283172
2021-10-05,53.8079,53.8614,53.8079,53.8565,118880.7593847
2021-10-06,53.8178,53.8178,53.7791,53.7791,387893.6723518
2021-10-07,53.7791,53.8366,53.7494,53.8366,210020.82593686
2021-10-08,53.8961,53.8961,53.8188,53.8366,422963.37030373
2021-10-11,53.8366,53.8466,53.8178,53.8178,81638.682593194
2021-10-12,53.8079,53.8366,53.7494,53.789,105539.89249061
2021-10-13,53.799,53.8565,53.789,53.8466,82274.05801981
2021-10-14,53.9358,53.9358,53.8763,53.8862,96778.771330272
2021-10-15,53.9259,53.9259,53.8466,53.8664,100154.32935072
2021-10-18,53.8079,53.8079,53.7434,53.7593,101580.39419713
2021-10-19,53.789,53.8178,53.7643,53.799,179422.9607494
2021-10-20,53.8079,53.9507,53.8079,53.916,81803.073378175
2021-10-21,53.9061,54.0042,53.8961,53.9745,111305.67235404
2021-10-22,54.0042,54.0439,53.9308,54.0042,92125.402729627
2021-10-25,54.0538,54.141,54.034,54.1212,97514.999999208
2021-10-26,54.141,54.1807,54.1113,54.1807,103278.7627978
2021-10-27,54.1807,54.2105,54.1024,54.2005,277456.34641413
2021-10-28,54.0627,54.1282,53.9655,54.0141,303886.95562893
2021-10-29,53.8565,54.0429,53.8466,54.0042,101721.58873638
2021-11-01,54.0439,54.0439,53.8862,53.9358,82775.29863414
2021-11-02,54.0141,54.0141,53.9358,54.0042,78477.941978885
2021-11-03,53.916,54.024,53.8466,54.0141,84555.358361088
2021-11-04,54.1807,54.1906,54.1024,54.1212,188422.09556161
2021-11-05,54.151,54.2005,54.1262,54.1807,83601.286688741
2021-11-08,54.2303,54.2303,54.1658,54.1906,86774.129692128
2021-11-09,54.259,54.3086,54.2105,54.2987,142180.88395789
2021-11-10,54.4355,54.4405,54.259,54.2987,138372.66552789
2021-11-11,54.2789,54.3275,54.2789,54.2888,87957.138224542
2021-11-12,54.3473,54.495,54.3275,54.3473,222324.9214999
2021-11-15,54.3959,54.5337,54.3959,54.4851,115935.84470896
2021-11-16,54.5535,54.5823,54.5139,54.5436,103892.95904352
2021-11-17,54.5436,54.6219,54.5049,54.6219,148569.93685886
2021-11-18,54.612,54.6219,54.5436,54.5436,285435.85494649
2021-11-19,54.5337,54.5535,54.3086,54.3185,116906.05290007
2021-11-22,54.0677,54.1906,54.034,54.1311,250935.97781366
2021-11-23,54.0825,54.1757,54.0587,54.1609,127885.94539145
2021-11-24,54.1708,54.269,54.1163,54.2491,314397.88054352
2021-11-26,54.2491,54.269,54.1708,54.2392,79165.761091507
2021-11-29,54.3086,54.3185,54.2293,54.2303,74818.986347515
2021-11-30,54.2987,54.3473,54.024,54.024,167660.44709761
2021-12-01,54.034,54.034,53.8069,53.8961,130397.19112522
2021-12-02,53.8277,53.9061,53.8039,53.9061,118077.96757583
2021-12-03,53.9061,54.024,53.8922,53.9844,160999.09044238
2021-12-06,54.034,54.0627,53.9655,53.9745,198924.95221681
2021-12-07,54.0439,54.0726,54.024,54.0538,203830.45392326
2021-12-08,54.0825,54.1301,54.0587,54.1024,115653.45563046
2021-12-09,54.1212,54.1311,53.9358,53.9358,366275.77986051
2021-12-10,53.9061,54.0042,53.8813,53.9745,89133.087029993
2021-12-13,53.9655,54.024,53.9259,53.9358,149728.74061312
2021-12-14,53.8763,53.8763,53.7692,53.8079,195912.46586872
2021-12-15,53.7692,53.8763,53.6215,53.8763,122735.37030617
2021-12-16,53.9844,54.034,53.8961,53.9943,217986.21501529
2021-12-17,53.9655,53.9745,53.9061,53.916,603602.62115551
2021-12-20,53.9061,53.9457,53.8862,53.9259,186326.3651862
2021-12-21,53.9259,53.9259,53.8763,53.9259,195912.46586872
2021-12-22,53.8862,54.0389,53.8763,54.0141,463977.35835801
2021-12-23,54.024,54.024,53.9556,53.9844,146493.36859949
2021-12-27,53.9745,54.0538,53.9695,54.0439,154765.35153458
2021-12-28,54.1024,54.1113,54.0538,54.0726,206730.99317238
2021-12-29,54.0726,54.1906,54.0538,54.1906,155785.98634686
2021-12-30,54.2204,54.2442,54.1906,54.2392,188049.94709745
2021-12-31,54.2491,54.3185,54.2005,54.3185,1225558.5153484
2022-01-03,54.1807,54.2481,54.1311,54.2392,132765.22525489
2022-01-04,54.2491,54.2799,54.151,54.2005,167110.79692697
2022-01-05,54.2204,54.2204,53.9834,54.033,157837.34129565
2022-01-06,53.915,53.915,53.7593,53.8654,259181.73890574
2022-01-07,53.8852,53.9041,53.7772,53.8267,216593.43173886
2022-01-10,53.8069,53.8456,53.7524,53.8357,176787.66552757
2022-01-11,53.8267,54.0627,53.8168,54.0429,220204.98634633
2022-01-12,53.9933,54.033,53.9051,53.9189,244953.36347924
2022-01-13,53.8852,53.9497,53.8555,53.9249,300910.77644807
2022-01-14,53.8852,53.8852,53.8069,53.8357,868717.55630694
2022-01-18,53.8555,53.8555,53.6889,53.7177,146829.20989642
2022-01-19,53.7177,53.7177,53.6492,53.6592,140767.93003299
2022-01-20,53.7077,53.8069,53.674,53.6839,101728.64846334
2022-01-21,53.7573,53.7871,53.6939,53.7672,247255.8430014
2022-01-24,53.7474,53.8852,53.7375,53.8357,239798.75426426
2022-01-25,53.8654,53.9239,53.8267,53.8555,464061.06654913
2022-01-26,53.9051,53.9447,53.6205,53.679,222362.23719956
2022-01-27,53.6492,53.6691,53.5699,53.6393,327407.9488028
2022-01-28,53.6889,53.7672,53.6889,53.7276,162202.26962326
2022-01-31,53.7474,53.8069,53.7286,53.7871,123340.48976009
2022-02-01,53.6393,53.6393,53.5065,53.5511,317096.713308
2022-02-02,53.5412,53.5997,53.5213,53.565,226467.97269441
2022-02-03,53.4519,53.4817,53.3934,53.4222,583744.6177427
2022-02-04,53.3438,53.3438,53.2358,53.2943,321243.7986322
2022-02-07,53.2754,53.3091,53.1713,53.2655,199086.31740453
2022-02-08,53.1664,53.2358,53.1664,53.1664,280500.09726735
2022-02-09,53.1961,53.2655,53.1862,53.2159,152852.16552777
2022-02-10,53.1475,53.2635,53.0285,53.0484,151178.00170526
2022-02-11,53.2457,53.3736,53.1475,53.3587,183036.53242172
2022-02-14,53.2844,53.443,53.206,53.4222,156312.44027177
2022-02-15,53.324,53.3518,53.2457,53.2943,171083.40614196
2022-02-16,53.3339,53.4222,53.324,53.324,158022.91126152
2022-02-17,53.3438,53.5213,53.3438,53.4718,188592.53754113
2022-02-18,53.5213,53.5392,53.4817,53.5213,336846.80375153
2022-02-22,53.5699,53.6195,53.5263,53.5997,163183.57167103
2022-02-23,53.5511,53.7573,53.5412,53.7177,404892.48634483
2022-02-24,54.2005,54.3086,53.8555,53.9249,522069.83446675
2022-02-25,53.7871,53.8456,53.7375,53.8267,143352.79863365
2022-02-28,54.0925,54.2888,54.0627,54.259,941270.37029952
2022-03-01,54.377,54.6338,54.3582,54.5149,352455.8600654
2022-03-02,54.5059,54.5059,54.3086,54.3483,413709.07678845
2022-03-03,54.3284,54.3582,54.1609,54.1708,591606.12798154
2022-03-04,54.3185,54.5396,54.3185,54.3969,736774.28497695
2022-03-07,54.3869,54.5694,54.3592,54.5644,512583.57849413
2022-03-08,54.6824,54.7221,54.4762,54.6527,329178.93173794
2022-03-09,54.4266,54.4365,54.2303,54.3483,390142.69965553
2022-03-10,54.3284,54.5595,54.2303,54.5059,446712.29180525
2022-03-11,54.5743,54.7221,54.5496,54.7221,238525.98634619
2022-03-14,54.5545,54.5545,54.4068,54.4365,137428.67917977
2022-03-15,54.4266,54.4266,54.2541,54.2987,246932.10409356
2022-03-16,54.2105,54.2491,53.7801,54.0032,336358.6740587
2022-03-17,54.1906,54.4861,54.151,54.4861,331232.30375158
2022-03-18,54.3384,54.5297,54.2987,54.377,172334.99487915
2022-03-21,54.269,54.3869,54.1113,54.1906,292233.36347886
2022-03-22,54.2005,54.2005,54.0429,54.0627,177519.86006682
2022-03-23,54.2005,54.4068,54.1906,54.4068,256119.83446891
2022-03-24,54.3483,54.4266,54.2491,54.269,215890.48463988
2022-03-25,54.1311,54.1708,54.0231,54.1212,615012.14845917
2022-03-28,54.0429,54.0528,53.8951,53.9051,164260.68429901
2022-03-29,53.7077,53.797,53.6592,53.679,234431.34470799
2022-03-30,53.7871,53.8456,53.7424,53.8168,219804.59897432
2022-03-31,53.7474,53.8168,53.5897,53.6294,362382.84470695
2022-04-01,53.1079,53.1564,53.0186,53.0484,355045.77132817
2022-04-04,53.1277,53.1277,53.0385,53.0682,253905.09726756
2022-04-05,53.0781,53.1079,52.8957,52.9205,241235.91296732
2022-04-06,52.9403,52.9403,52.7241,52.8719,221914.44880366
2022-04-07,52.9105,52.98,52.852,52.9205,195032.01706326
2022-04-08,52.9105,53.0236,52.8719,53.0186,164458.35665395
2022-04-11,52.862,53.0781,52.862,53.0781,107026.46928241
2022-04-12,53.1376,53.2655,53.1326,53.1475,439947.05631042
2022-04-13,53.2259,53.2665,53.1079,53.1376,223478.68259204
2022-04-14,53.1079,53.203,53.0682,53.1376,172997.60068119
2022-04-18,53.2159,53.2159,53.1485,53.1763,241956.00511749
2022-04-19,53.1079,53.1178,52.9899,53.0186,289239.03071437
2022-04-20,53.0186,53.1564,53.0186,53.1178,396887.7645019
2022-04-21,53.1564,53.2943,53.0186,53.2844,661428.84470453
2022-04-22,53.2358,53.3438,53.206,53.2358,190857.70136364
2022-04-25,53.324,53.324,53.1713,53.2159,362441.3395875
2022-04-26,53.2259,53.324,53.2021,53.324,206603.91808706
2022-04-27,53.3538,53.3617,53.2556,53.3339,426807.89590097
2022-04-28,53.3438,53.4618,53.2943,53.4618,230494.03412782
2022-04-29,53.4033,53.4817,53.1763,53.2159,252745.28498088
2022-05-02,53.1366,53.1366,52.8639,52.9185,482749.17235103
2022-05-03,53.0077,53.097,52.8788,52.8788,429773.9897576
2022-05-04,52.8491,53.206,52.7499,53.1564,1080801.8395817
2022-05-05,53.0077,53.0335,52.7896,52.9383,454009.0238871
2022-05-06,52.8491,53.026,52.8193,52.9879,209586.14846246
2022-05-09,52.978,52.978,52.8193,52.8392,312579.49658449
2022-05-10,52.7202,52.8292,52.5913,52.5913,493827.90101988
2022-05-11,52.621,52.8878,52.5913,52.8491,542820.38907409
2022-05-12,52.9581,52.9879,52.774,52.8292,736391.04265614
2022-05-13,52.8788,53.0573,52.7846,53.0573,471592.78668559
2022-05-16,53.1366,53.1664,53.087,53.1465,246938.1552881
2022-05-17,53.1267,53.1267,52.9722,53.0176,251306.10921298
2022-05-18,53.1465,53.1843,53.0375,53.1267,457925.15528638
2022-05-19,53.1664,53.206,52.9978,53.1019,1029208.346408
2022-05-20,53.1267,53.1664,53.0573,53.1168,514771.08532005
2022-05-23,53.1168,53.1564,53.0573,53.0771,795239.91808228
2022-05-24,53.1168,53.2457,53.1069,53.2159,264607.64334256
2022-05-25,53.325,53.325,53.2011,53.2953,213133.15699486
2022-05-26,53.4638,53.5233,53.4044,53.4638,487578.02559331
2022-05-27,53.5431,53.563,53.4936,53.5332,245471.74914476
2022-05-31,53.5134,53.5233,53.3647,53.4043,572305.84299876
2022-06-01,52.8094,52.8094,52.6408,52.6706,257379.49146549
2022-06-02,52.7499,52.7777,52.7202,52.7499,178601.00682449
2022-06-03,52.7697,52.9086,52.7367,52.8986,470062.8429996
2022-06-06,52.8392,52.8392,52.7301,52.7797,301892.07849584
2022-06-07,52.7995,52.8292,52.7646,52.8292,295658.33958804
2022-06-08,52.7797,52.8522,52.7797,52.7896,107086.9812278
2022-06-09,52.8193,52.8574,52.7598,52.8491,166617.62457203
2022-06-10,52.8292,52.8391,52.7301,52.74,139141.16723436
2022-06-13,52.4475,52.492,52.2279,52.3335,305179.89419547
2022-06-14,52.2244,52.2244,51.6493,51.7385,1002232.1211523
2022-06-15,51.808,52.3037,51.7683,52.1748,345509.0887344
2022-06-16,51.8327,52.1251,51.7385,52.0955,262160.94368388
2022-06-17,51.9864,52.0658,51.8674,52.0261,181167.72184153
2022-06-21,51.9468,52.0539,51.9369,51.9369,413724.2047748
2022-06-22,51.917,52.0707,51.917,52.0459,245413.25426422
2022-06-23,52.1252,52.2617,52.0856,52.1649,723066.31228082
2022-06-24,52.2046,52.2707,52.1649,52.2244,168070.91979386
2022-06-27,52.1451,52.2046,52.0261,52.0261,142868.70307051
2022-06-28,51.9765,52.036,51.9171,51.9269,284414.21160179
2022-06-29,51.8873,52.0063,51.808,51.8972,237461.98463971
2022-06-30,52.0261,52.0261,51.8476,51.8476,642515.83617226
2022-07-01,52.036,52.1798,51.9369,52.1252,145995.15358243
2022-07-05,52.0856,52.1252,51.8774,51.9071,342931.2798607
2022-07-06,51.8774,51.9071,51.5997,51.5997,294062.84129454
2022-07-07,51.7485,51.7485,51.58,51.6096,66622.643344169
2022-07-08,51.5898,51.6691,51.5579,51.6096,265130.06313778
2022-07-11,51.6592,51.7485,51.6493,51.7187,133940.16552792
2022-07-12,51.5601,51.6295,51.5105,51.5105,157325.00682466
2022-07-13,51.4411,51.689,51.4411,51.5303,111599.1552892
2022-07-14,51.4014,51.5501,51.3518,51.3915,263208.80887158
2022-07-15,51.4907,51.7187,51.4907,51.6096,308700.68088486
2022-07-18,51.7584,51.8377,51.6295,51.808,461838.2610884
2022-07-19,51.7584,51.8575,51.7584,51.7782,169288.21842866
2022-07-20,51.798,51.8575,51.7286,51.7286,232710.78839401
2022-07-21,51.7683,51.9071,51.7683,51.9071,135407.58020368
2022-07-22,52.0162,52.166,52.0162,52.1451,193029.07167079
2022-07-25,52.0757,52.1649,52.0659,52.1252,61946.07849779
2022-07-26,52.2641,52.2762,52.0658,52.0658,73461.501705888
2022-07-27,52.1649,52.3236,52.1352,52.3236,104856.10750768
2022-07-28,52.5417,52.6012,52.4626,52.502,119041.11603999
2022-07-29,52.6904,52.7598,52.6171,52.74,153970.6279851
2022-08-01,52.63,52.695,52.61,52.64,171175.0
2022-08-02,52.61,52.65,52.2714,52.31,231110.0
2022-08-03,52.37,52.39,52.22,52.37,229107.0
2022-08-04,52.41,52.43,52.3418,52.42,180260.0
2022-08-05,52.12,52.16,52.06,52.09,177418.0
2022-08-08,52.13,52.23,52.12,52.12,128270.0
2022-08-09,52.21,52.21,52.1301,52.16,336280.0
2022-08-10,52.13,52.25,52.1,52.1,236885.0
2022-08-11,52.25,52.3077,52.16,52.16,117923.0
2022-08-12,52.26,52.29,52.1901,52.27,185950.0
2022-08-15,52.28,52.3013,52.2566,52.27,195474.0
2022-08-16,52.29,52.29,52.17,52.17,287964.0
2022-08-17,52.17,52.224,52.115,52.15,577673.0
2022-08-18,52.22,52.35,52.195,52.3,247999.0
2022-08-19,52.26,52.31,52.24,52.28,141598.0
2022-08-22,52.26,52.26,52.2,52.25,268109.0
2022-08-23,52.25,52.4207,52.25,52.36,83263.0
2022-08-24,52.34,52.47,52.34,52.45,251739.0
2022-08-25,52.51,52.5599,52.46,52.48,79178.0
2022-08-26,52.51,52.51,52.3393,52.39,1106805.0
2022-08-29,52.31,52.31,52.23,52.23,102381.0
2022-08-30,52.19,52.22,52.08,52.13,462623.0
2022-08-31,52.1,52.1,51.83,51.87,100040.0
2022-09-01,51.12,51.15,51.04,51.06,124454.0
2022-09-02,51.33,51.33,51.1685,51.27,136119.0
2022-09-06,51.2,51.2,51.02,51.05,268355.0
2022-09-07,51.13,51.13,51.02,51.12,177304.0
2022-09-08,51.05,51.05,50.93,50.95,387927.0
2022-09-09,50.95,51.01,50.93,50.96,262188.0
2022-09-12,51.07,51.07,50.92,50.96,274037.0
2022-09-13,50.83,50.87,50.77,50.845,212685.0
2022-09-14,50.83,50.9386,50.83,50.87,244171.0
2022-09-15,50.87,50.87,50.68,50.68,116249.0
2022-09-16,50.69,50.72,50.6,50.6,274828.0
2022-09-19,50.5,50.53,50.41,50.47,1203975.0
2022-09-20,50.38,50.44,50.36,50.41,258941.0
2022-09-21,50.43,50.499,50.21,50.41,139458.0
2022-09-22,50.37,50.37,50.09,50.11,345952.0
2022-09-23,50.0,50.0,49.84,49.89,204625.0
2022-09-26,49.84,49.86,49.46,49.46,532979.0
2022-09-27,49.61,49.63,49.41,49.45,265275.0
2022-09-28,49.7,49.98,49.6101,49.98,383503.0
2022-09-29,49.82,49.82,49.54,49.55,209885.0
2022-09-30,49.49,49.57,49.34,49.41,831385.0
2022-10-03,49.57,49.85,49.57,49.755,132273.0
2022-10-04,49.96,50.0225,49.9,49.95,164200.0
2022-10-05,49.84,49.8813,49.71,49.77,144850.0
2022-10-06,49.81,49.8295,49.7401,49.78,129137.0
2022-10-07,49.715,49.85,49.71,49.76,166723.0
2022-10-10,49.84,49.84,49.61,49.6316,117902.0
2022-10-11,49.74,49.86,49.74,49.75,128764.0
2022-10-12,49.79,49.82,49.7,49.72,164874.0
2022-10-13,49.55,49.79,49.5201,49.76,941686.0
2022-10-14,49.77,49.78,49.6101,49.68,127970.0
2022-10-17,49.83,49.889,49.78,49.78,155613.0
2022-10-18,49.86,49.89,49.7099,49.75,383222.0
2022-10-19,49.6,49.6589,49.59,49.64,107082.0
2022-10-20,49.61,49.72,49.5601,49.58,482757.0
2022-10-21,49.66,49.93,49.66,49.85,327295.0
2022-10-24,49.86,49.9511,49.85,49.88,283626.0
2022-10-25,49.93,50.02,49.8905,49.91,357740.0
2022-10-26,49.95,50.03,49.8594,49.88,483056.0
2022-10-27,50.03,50.13,49.9981,50.06,110733.0
2022-10-28,50.04,50.09,49.93,49.96,121338.0
2022-10-31,49.96,49.968,49.87,49.96,218768.0
2022-11-01,50.1,50.1,49.86,49.87,234061.0
2022-11-02,49.95,50.129,49.8091,49.84,71524.0
2022-11-03,49.56,49.67,49.5,49.5,250850.0
2022-11-04,49.62,49.7399,49.61,49.68,166777.0
2022-11-07,49.77,49.7799,49.7201,49.75,144013.0
2022-11-08,49.74,49.82,49.7206,49.74,109863.0
2022-11-09,49.74,49.79,49.6599,49.7,157218.0
2022-11-10,49.87,50.0485,49.87,49.97,239569.0
2022-11-11,49.88,50.05,49.88,50.0,117894.0
2022-11-14,49.95,49.9757,49.82,49.82,157569.0
2022-11-15,49.89,50.0,49.89,49.92,109288.0
2022-11-16,49.95,49.98,49.911,49.94,135309.0
2022-11-17,49.84,49.8599,49.72,49.74,167364.0
2022-11-18,49.69,49.7194,49.58,49.61,646734.0
2022-11-21,49.65,49.76,49.6,49.71,160156.0
2022-11-22,49.82,49.84,49.76,49.78,472912.0
2022-11-23,49.73,49.9,49.73,49.87,170410.0
2022-11-25,49.89,49.91,49.85,49.9,78801.0
2022-11-28,49.89,49.89,49.79,49.84,112093.0
2022-11-29,49.77,49.8392,49.7574,49.76,164123.0
2022-11-30,49.78,50.21,49.75,50.17,106712.0
2022-12-01,50.22,50.38,50.22,50.35,142813.0
2022-12-02,50.21,50.48,50.195,50.47,423337.0
2022-12-05,50.4,50.4,50.1517,50.22,169989.0
2022-12-06,50.18,50.195,50.0801,50.13,943489.0
2022-12-07,50.12,50.23,50.12,50.23,131965.0
2022-12-08,50.22,50.24,50.15,50.17,162548.0
2022-12-09,50.14,50.16,50.04,50.04,295696.0
2022-12-12,50.06,50.12,50.0,50.06,316905.0
2022-12-13,50.25,50.3,50.185,50.19,294876.0
2022-12-14,50.17,50.2585,50.04,50.19,294995.0
2022-12-15,50.17,50.195,50.05,50.14,184461.0
2022-12-16,50.0,50.11,49.99,50.1,153045.0
2022-12-19,50.07,50.08,49.99,50.03,168201.0
2022-12-20,49.97,50.06,49.97,50.04,157586.0
2022-12-21,50.2,50.23,50.13,50.19,1081783.0
2022-12-22,50.18,50.22,50.05,50.08,339648.0
2022-12-23,50.05,50.1001,50.0187,50.08,148664.0
2022-12-27,50.04,50.09,49.97,49.97,201426.0
2022-12-28,50.02,50.06,49.95,49.97,401653.0
2022-12-29,49.96,49.96,49.9,49.96,226510.0
2022-12-30,49.83,49.96,49.8042,49.87,248161.0
2023-01-03,49.93,49.9631,49.84,49.865,145349.0
2023-01-04,49.93,49.93,49.81,49.81,164785.0
2023-01-05,49.73,49.82,49.69,49.78,133657.0
2023-01-06,49.91,50.04,49.84,50.03,146279.0
2023-01-09,50.06,50.12,50.0,50.01,121747.0
2023-01-10,50.03,50.03,49.96,50.0,123050.0
2023-01-11,50.02,50.04,49.97,50.035,199659.0
2023-01-12,50.2,50.27,50.1379,50.25,622510.0
2023-01-13,50.23,50.2771,50.1,50.11,446972.0
2023-01-17,50.08,50.14,50.07,50.07,261983.0
2023-01-18,50.23,50.2725,50.2,50.2,96118.0
2023-01-19,50.21,50.37,50.17,50.35,176125.0
2023-01-20,50.3,50.3,50.245,50.26,104195.0
2023-01-23,50.22,50.3,50.22,50.23,188694.0
2023-01-24,50.25,50.33,50.22,50.31,118441.0
2023-01-25,50.34,50.37,50.3,50.36,117755.0
2023-01-26,50.37,50.42,50.3318,50.37,152459.0
2023-01-27,50.32,50.36,50.3001,50.33,198101.0
2023-01-30,50.31,50.31,50.2,50.21,381270.0
2023-01-31,50.24,50.27,50.1775,50.25,137857.0
2023-02-01,50.33,50.485,50.195,50.45,122400.0
2023-02-02,50.52,50.55,50.44,50.46,159922.0
2023-02-03,50.35,50.35,50.1401,50.17,65519.0
2023-02-06,50.05,50.0843,50.0101,50.02,94963.0
2023-02-07,50.05,50.2869,50.05,50.16,116180.0
2023-02-08,50.26,50.3,50.21,50.28,106071.0
2023-02-09,50.34,50.34,50.18,50.18,152790.0
2023-02-10,50.21,50.2383,50.13,50.13,162043.0
2023-02-13,50.13,50.1499,50.1,50.14,96127.0
2023-02-14,50.08,50.15,50.0,50.04,207246.0
2023-02-15,50.05,50.14,50.05,50.09,511685.0
2023-02-16,50.15,50.17,50.06,50.08,114473.0
2023-02-17,50.01,50.1,50.0,50.08,86155.0
2023-02-21,50.01,50.055,49.98,50.01,155427.0
2023-02-22,50.09,50.13,49.95,49.95,195794.0
2023-02-23,50.04,50.06,49.9708,50.03,62228.0
2023-02-24,49.83,49.865,49.8029,49.84,102056.0
2023-02-27,49.93,49.93,49.861,49.89,114155.0
2023-02-28,49.91,50.0506,49.8901,49.98,113658.0
2023-03-01,49.93,49.97,49.8802,49.96,119319.0
2023-03-02,49.92,50.05,49.92,50.0,228452.0
2023-03-03,50.02,50.23,50.02,50.2,190983.0
2023-03-06,50.24,50.25,50.13,50.13,149752.0
2023-03-07,50.09,50.1,49.85,49.85,268143.0
2023-03-08,49.86,49.889,49.71,49.72,174242.0
2023-03-09,49.84,49.9,49.82,49.84,141355.0
2023-03-10,50.0,50.12,49.9725,50.1,349147.0
2023-03-13,50.36,50.64,50.36,50.51,107676.0
2023-03-14,50.47,50.5431,50.38,50.435,144151.0
2023-03-15,50.61,50.865,50.61,50.79,161511.0
2023-03-16,50.84,50.88,50.4214,50.45,84436.0
2023-03-17,50.54,50.7,50.54,50.58,118332.0
2023-03-20,50.65,50.65,50.5218,50.62,213688.0
2023-03-21,50.49,50.66,50.49,50.53,142332.0
2023-03-22,50.55,50.97,50.54,50.91,233542.0
2023-03-23,50.98,51.07,50.945,51.01,145430.0
2023-03-24,51.1,51.16,50.95,50.97,297429.0
2023-03-27,50.82,50.87,50.77,50.79,103222.0
2023-03-28,50.8,50.882,50.79,50.85,53678.0
2023-03-29,50.8,50.9128,50.8,50.86,186310.0
2023-03-30,50.92,50.95,50.895,50.9,120068.0
2023-03-31,50.95,51.12,50.94,51.04,117419.0
2023-04-03,51.08,51.1844,51.03,51.03,70656.0
2023-04-04,50.89,51.2,50.8624,51.1,197485.0
2023-04-05,51.06,51.32,50.8775,51.2,176822.0
2023-04-06,51.25,51.2829,51.21,51.24,50279.0
2023-04-10,51.06,51.0699,51.02,51.05,93700.0
2023-04-11,51.05,51.055,51.0,51.02,67186.0
2023-04-12,51.01,51.0933,50.9801,51.02,82633.0
2023-04-13,51.07,51.1295,50.93,50.93,41944.0
2023-04-14,50.9,50.92,50.835,50.87,153694.0
2023-04-17,50.85,50.8769,50.78,50.78,51477.0
2023-04-18,50.4,50.83,50.4,50.82,103004.0
2023-04-19,50.76,50.8121,50.75,50.75,62617.0
2023-04-20,50.84,50.91,50.84,50.86,100341.0
2023-04-21,50.93,50.9606,50.867,50.89,79464.0
2023-04-24,50.93,51.01,50.93,51.0,48810.0
2023-04-25,51.09,51.18,51.08,51.16,63699.0
2023-04-26,51.13,51.16,51.0583,51.085,74073.0
2023-04-27,51.06,51.0729,50.94,50.94,535114.0
2023-04-28,51.02,51.06,50.95,51.06,194192.0
2023-05-01,50.83,50.87,50.737,50.77,104422.0
2023-05-02,50.78,50.965,50.78,50.93,84108.0
2023-05-03,51.0,51.08,50.96,51.07,108939.0
2023-05-04,51.05,51.27,51.05,51.12,159470.0
2023-05-05,51.08,51.09,51.01,51.05,57988.0
2023-05-08,50.99,51.03,50.98,50.99,90384.0
2023-05-09,50.97,50.9887,50.92,50.98,103499.0
2023-05-10,51.0,51.06,50.98,51.0,86069.0
2023-05-11,51.05,51.1,51.0,51.02,125983.0
2023-05-12,50.99,51.0299,50.86,50.88,90263.0
2023-05-15,50.86,50.9,50.86,50.9,46770.0
2023-05-16,50.85,50.86,50.76,50.83,60768.0
2023-05-17,50.81,50.83,50.76,50.78,208743.0
2023-05-18,50.74,50.74,50.6539,50.68,81931.0
2023-05-19,50.63,50.76,50.5901,50.62,66827.0
2023-05-22,50.64,50.66,50.56,50.59,90213.0
2023-05-23,50.6,50.68,50.6,50.67,57500.0
2023-05-24,50.71,50.712,50.54,50.54,88357.0
2023-05-25,50.46,50.5099,50.34,50.34,60999.0
2023-05-26,50.34,50.4083,50.31,50.33,81288.0
2023-05-30,50.39,50.48,50.39,50.47,51910.0
2023-05-31,50.52,50.55,50.465,50.53,132338.0
2023-06-01,50.48,50.56,50.48,50.53,38006.0
2023-06-02,50.54,50.56,50.4101,50.45,174073.0
2023-06-05,50.41,50.54,50.41,50.51,144644.0
2023-06-06,50.47,50.48,50.42,50.45,110756.0
2023-06-07,50.47,50.5,50.36,50.38,55377.0
2023-06-08,50.46,50.5138,50.46,50.5,50692.0
2023-06-09,50.43,50.46,50.36,50.36,56307.0
2023-06-12,50.39,50.43,50.35,50.41,48778.0
2023-06-13,50.45,50.452,50.2601,50.27,169215.0
2023-06-14,50.37,50.43,50.23,50.29,150833.0
2023-06-15,50.47,50.52,50.4584,50.49,346741.0
2023-06-16,50.38,50.42,50.335,50.405,162413.0
2023-06-20,50.41,50.45,50.4,50.4,97047.0
2023-06-21,50.35,50.47,50.35,50.4,138886.0
2023-06-22,50.37,50.44,50.34,50.34,164218.0
2023-06-23,50.43,50.45,50.38,50.391,86021.0
2023-06-26,50.42,50.45,50.381,50.39,52246.0
2023-06-27,50.43,50.45,50.3,50.3,62664.0
2023-06-28,50.38,50.42,50.335,50.37,45455.0
2023-06-29,50.21,50.25,50.2008,50.22,134114.0
2023-06-30,50.23,50.3025,50.205,50.3,64472.0
2023-07-03,50.19,50.25,50.14,50.14,293301.0
2023-07-05,50.15,50.1744,50.0701,50.08,702143.0
2023-07-06,49.93,49.99,49.84,49.95,65183.0
2023-07-07,49.98,50.0902,49.97,49.97,86624.0
2023-07-10,50.04,50.11,50.04,50.07,46671.0
2023-07-11,50.08,50.1,50.03,50.03,59772.0
2023-07-12,50.18,50.3,50.18,50.28,244917.0
2023-07-13,50.43,50.46,50.4055,50.44,74386.0
2023-07-14,50.35,50.4,50.26,50.26,89977.0
2023-07-17,50.31,50.34,50.29,50.3,110431.0
2023-07-18,50.35,50.4,50.28,50.28,178375.0
2023-07-19,50.34,50.37,50.3,50.34,91459.0
2023-07-20,50.29,50.34,50.2383,50.31,72824.0
2023-07-21,50.36,50.39,50.33,50.33,84624.0
2023-07-24,50.35,50.39,50.35,50.365,68671.0
2023-07-25,50.36,50.39,50.26,50.33,57446.0
2023-07-26,50.3,50.41,50.29,50.39,62298.0
2023-07-27,50.37,50.3802,50.221,50.24,100622.0
2023-07-28,50.3,50.3555,50.29,50.34,47186.0
2023-07-31,50.35,50.42,50.35,50.4,51392.0
2023-08-01,50.28,50.3,50.22,50.22,113562.0
2023-08-02,50.23,50.26,50.16,50.22,73390.0
2023-08-03,50.18,50.2,50.146,50.15,67653.0
2023-08-04,50.28,50.4099,50.28,50.39,311872.0
2023-08-07,50.41,50.4762,50.3983,50.47,34472.0
2023-08-08,50.45,50.4865,50.4207,50.43,82521.0
2023-08-09,50.43,50.4694,50.39,50.4,129013.0
2023-08-10,50.45,50.49,50.33,50.34,71435.0
2023-08-11,50.3,50.335,50.27,50.28,85628.0
2023-08-14,50.24,50.2659,50.2,50.2,77570.0
2023-08-15,50.22,50.2863,50.13,50.14,44877.0
2023-08-16,50.16,50.1919,50.06,50.07,72390.0
2023-08-17,50.14,50.1699,50.08,50.11,31358.0
2023-08-18,50.17,50.2173,50.16,50.16,42173.0
2023-08-21,50.12,50.13,50.07,50.1,76439.0
2023-08-22,50.12,50.13,50.09,50.11,49656.0
2023-08-23,50.2,50.31,50.1763,50.31,66669.0
2023-08-24,50.25,50.29,50.17,50.2,32166.0
2023-08-25,50.18,50.2142,50.11,50.18,169573.0
2023-08-28,50.2,50.22,50.17,50.2,62475.0
2023-08-29,50.14,50.35,50.14,50.33,67204.0
2023-08-30,50.38,50.4,50.31,50.31,140187.0
2023-08-31,50.35,50.4,50.33,50.4,77466.0
2023-09-01,50.33,50.33,50.2315,50.24,59329.0
2023-09-05,50.24,50.26,50.2,50.23,45977.0
2023-09-06,50.25,50.2564,50.14,50.14,36463.0
2023-09-07,50.22,50.28,50.2101,50.27,57392.0
2023-09-08,50.34,50.365,50.28,50.29,62544.0
2023-09-11,50.29,50.34,50.285,50.33,46736.0
2023-09-12,50.32,50.35,50.29,50.33,76081.0
2023-09-13,50.34,50.405,50.34,50.375,186123.0
2023-09-14,50.43,50.4362,50.351,50.37,90649.0
2023-09-15,50.32,50.35,50.3,50.31,79954.0
2023-09-18,50.22,50.35,50.22,50.33,46235.0
2023-09-19,50.31,50.35,50.28,50.28,230544.0
2023-09-20,50.32,50.36,50.18,50.19,471052.0
2023-09-21,50.14,50.19,50.14,50.14,77093.0
2023-09-22,50.17,50.24,50.17,50.21,40718.0
2023-09-25,50.15,50.18,50.09,50.09,99973.0
2023-09-26,50.11,50.12,50.02,50.035,65708.0
2023-09-27,50.1,50.1,49.9803,50.025,85621.0
2023-09-28,50.03,50.165,50.0281,50.15,52781.0
2023-09-29,50.23,50.255,49.05,50.09,111444.0
2023-10-02,49.99,50.02,49.93,49.96,56835.0
2023-10-03,49.92,49.96,49.78,49.78,130543.0
2023-10-04,49.82,49.88,49.81,49.88,152883.0
2023-10-05,49.93,49.945,49.89,49.93,81568.0
2023-10-06,49.75,49.87,49.75,49.855,59977.0
2023-10-09,49.95,50.1,49.95,50.1,33787.0
2023-10-10,50.04,50.14,50.04,50.1,49265.0
2023-10-11,50.12,50.14,49.98,50.1394,32719.0
2023-10-12,50.12,50.1405,50.05,50.095,63009.0
2023-10-13,50.26,50.28,50.23,50.25,72156.0
2023-10-16,50.22,50.25,50.2133,50.25,66405.0
2023-10-17,50.13,50.15,50.07,50.07,47657.0
2023-10-18,50.11,50.1494,50.05,50.05,43244.0
2023-10-19,50.02,50.195,50.02,50.17,80323.0
2023-10-20,50.25,50.2621,50.22,50.26,45166.0
2023-10-23,50.15,50.21,50.13,50.21,39509.0
2023-10-24,50.16,50.188,50.115,50.18,51179.0
2023-10-25,50.13,50.155,50.101,50.15,73029.0
2023-10-26,50.16,50.27,50.16,50.27,66090.0
2023-10-27,50.27,50.34,50.25,50.32,129302.0
2023-10-30,50.24,50.31,50.24,50.31,76696.0
2023-10-31,50.3,50.3,50.23,50.25,47394.0
2023-11-01,50.0601,50.265,50.0601,50.26,62127.0
2023-11-02,50.34,50.34,50.2414,50.2533,43648.0
2023-11-03,50.46,50.48,50.3927,50.45,36308.0
2023-11-06,50.4,50.4,50.33,50.37,98126.0
2023-11-07,50.33,50.39,50.282,50.39,78842.0
2023-11-08,50.32,50.35,50.32,50.35,138722.0
2023-11-09,50.32,50.34,50.175,50.2,104475.0
2023-11-10,50.24,50.25,50.1634,50.18,65407.0
2023-11-13,50.12,50.22,50.12,50.22,39731.0
2023-11-14,50.4,50.45,50.4,50.45,33526.0
2023-11-15,50.31,50.33,50.27,50.33,51259.0
2023-11-16,50.37,50.4176,50.37,50.4,59028.0
2023-11-17,50.42,50.43,50.38,50.43,62751.0
2023-11-20,50.41,50.485,50.41,50.4846,45737.0
2023-11-21,50.48,50.51,50.43,50.47,103187.0
2023-11-22,50.44,50.49,50.3844,50.49,125040.0
2023-11-24,50.43,50.43,50.3901,50.3945,15737.0
2023-11-27,50.41,50.46,50.4002,50.46,48165.0
2023-11-28,50.43,50.6254,50.43,50.62,83655.0
2023-11-29,50.72,50.74,50.68,50.7,16069.0
2023-11-30,50.71,50.71,50.63,50.63,45117.0
2023-12-01,50.55,50.75,50.55,50.74,41180.0
2023-12-04,50.63,50.67,50.6,50.65,45012.0
2023-12-05,50.65,50.74,50.65,50.68,82227.0
2023-12-06,50.67,50.67,50.6015,50.66,59320.0
2023-12-07,50.66,50.685,50.63,50.66,122572.0
2023-12-08,50.54,50.59,50.51,50.59,191956.0
2023-12-11,50.52,50.56,50.48,50.55,75327.0
2023-12-12,50.53,50.555,50.49,50.54,122300.0
2023-12-13,50.57,50.94,50.55,50.93,157119.0
2023-12-14,51.13,51.24,51.13,51.2,294086.0
2023-12-15,51.09,51.14,51.09,51.14,80290.0
2023-12-18,51.12,51.14,51.0899,51.1,44924.0
2023-12-19,51.14,51.15,51.071,51.11,116226.0
2023-12-20,51.16,51.2,51.11,51.18,101866.0
2023-12-21,51.22,51.25,51.1635,51.2,86073.0
2023-12-22,51.26,51.26,51.0887,51.15,48273.0
2023-12-26,51.14,51.19,51.14,51.165,29556.0
2023-12-27,51.19,51.27,51.19,51.24,83107.0
2023-12-28,51.21,51.2438,51.1501,51.165,178041.0
2023-12-29,51.12,51.215,51.11,51.15,111239.0
2024-01-02,51.1,51.1468,51.1,51.14,66794.0
2024-01-03,51.08,51.19,51.08,51.19,66053.0
2024-01-04,51.1009,51.13,51.08,51.11,79485.0
2024-01-05,51.05,51.1636,51.0406,51.059,24517.0
2024-01-08,51.03,51.15,51.03,51.11,113924.0
2024-01-09,51.08,51.1179,51.08,51.08,35936.0
2024-01-10,51.14,51.14,51.0542,51.075,202590.0
2024-01-11,51.17,51.27,51.17,51.27,42738.0
2024-01-12,51.36,51.43,51.36,51.4,28871.0
2024-01-16,51.32,51.38,51.26,51.29,50158.0
2024-01-17,51.15,51.2,51.1426,51.1889,73305.0
2024-01-18,51.2,51.24,51.14,51.22,42961.0
2024-01-19,51.2,51.2,51.16,51.19,33321.0
2024-01-22,51.2,51.24,51.2,51.21,57565.0
2024-01-23,51.14,51.18,51.13,51.18,31959.0
2024-01-24,51.18,51.1899,51.12,51.12,37880.0
2024-01-25,51.22,51.26,51.1644,51.25,77834.0
2024-01-26,51.235,51.24,51.21,51.22,23682.0
2024-01-29,51.29,51.32,51.271,51.32,26643.0
2024-01-30,51.315,51.3357,51.2401,51.27,40510.0
2024-01-31,51.35,51.425,51.3116,51.42,58246.0
2024-02-01,51.46,51.5262,51.385,51.39,26183.0
2024-02-02,51.18,51.19,51.085,51.12,70200.0
2024-02-05,51.07,51.08,51.01,51.04,42556.0
2024-02-06,51.08,51.175,51.08,51.16,57351.0
2024-02-07,51.13,51.19,51.12,51.12,26036.0
2024-02-08,51.11,51.13,51.105,51.13,13895.0
2024-02-09,51.09,51.12,51.08,51.09,25560.0
2024-02-12,51.11,51.1196,51.08,51.1,23988.0
2024-02-13,51.01,51.03,50.945,50.95,55636.0
2024-02-14,51.04,51.11,51.04,51.06,40855.0
2024-02-15,51.16,51.1612,51.13,51.13,37753.0
2024-02-16,51.04,51.09,51.0301,51.09,24199.0
2024-02-20,51.13,51.15,51.12,51.13,56473.0
2024-02-21,51.16,51.16,51.045,51.09,48772.0
2024-02-22,51.05,51.0925,51.0089,51.03,173287.0
2024-02-23,51.02,51.08,51.02,51.06,31340.0
2024-02-26,50.97,51.08,50.97,51.08,24723.0
2024-02-27,51.07,51.095,51.0514,51.07,109534.0
2024-02-28,51.11,51.16,51.11,51.155,34522.0
2024-02-29,51.18,51.245,51.18,51.24,38610.0
2024-03-01,51.24,51.375,51.205,51.36,198995.0
2024-03-04,51.33,51.355,51.3001,51.33,54555.0
2024-03-05,51.36,51.41,51.36,51.39,59513.0
2024-03-06,51.43,51.5,51.39,51.39,83869.0
2024-03-07,51.43,51.45,51.405,51.44,102195.0
2024-03-08,51.52,51.53,51.46,51.46,127718.0
2024-03-11,51.45,51.46,51.4,51.41,31296.0
2024-03-12,51.4,51.415,51.36,51.37,83145.0
2024-03-13,51.39,51.41,51.34,51.35,255383.0
2024-03-14,51.31,51.32,51.2428,51.26,69625.0
2024-03-15,51.22,51.2651,51.21,51.21,107892.0
2024-03-18,51.22,51.24,51.2,51.22,54011.0
2024-03-19,51.26,51.31,51.26,51.28,44760.0
2024-03-20,51.3,51.42,51.29,51.42,63417.0
2024-03-21,51.49,51.5039,51.445,51.45,39601.0
2024-03-22,51.56,51.56,51.51,51.52,113635.0
2024-03-25,51.53,51.53,51.46,51.48,17283.0
2024-03-26,51.46,51.4775,51.4457,51.45,49570.0
2024-03-27,51.49,51.5306,51.49,51.525,45437.0
2024-03-28,51.47,51.53,51.47,51.5,27996.0
2024-04-01,51.36,51.38,51.26,51.26,132049.0
2024-04-02,51.27,51.33,51.25,51.33,40244.0
2024-04-03,51.28,51.36,51.26,51.36,57025.0
2024-04-04,51.4,51.47,51.35,51.47,120927.0
2024-04-05,51.4,51.44,51.39,51.395,82843.0
2024-04-08,51.35,51.3803,51.3315,51.34,46482.0
2024-04-09,51.4,51.44,51.4,51.4,66039.0
2024-04-10,51.27,51.29,51.18,51.19,136184.0
2024-04-11,51.23,51.25,51.17,51.195,155570.0
2024-04-12,51.31,51.365,51.29,51.29,78903.0
2024-04-15,51.2,51.28,51.18,51.28,222088.0
2024-04-16,51.23,51.2603,51.21,51.22,22447.0
2024-04-17,51.23,51.295,51.23,51.26,63393.0
2024-04-18,51.28,51.28,51.21,51.25,146409.0
2024-04-19,51.26,51.31,51.26,51.28,62640.0
2024-04-22,51.2699,51.299,51.26,51.285,24255.0
2024-04-23,51.27,51.355,51.26,51.31,48395.0
2024-04-24,51.31,51.31,51.2701,51.3,56878.0
2024-04-25,51.21,51.251,51.21,51.25,29752.0
2024-04-26,51.28,51.325,51.28,51.3,84552.0
2024-04-29,51.31,51.36,51.31,51.32,93988.0
2024-04-30,51.28,51.285,51.225,51.24,151679.0
2024-05-01,51.12,51.2,51.04,51.14,113318.0
2024-05-02,51.18,51.27,51.171,51.265,23434.0
2024-05-03,51.42,51.42,51.35,51.365,24024.0
2024-05-06,51.38,51.38,51.35,51.35,28908.0
2024-05-07,51.37,51.385,51.32,51.33,56770.0
2024-05-08,51.29,51.34,51.29,51.33,140737.0
2024-05-09,51.37,51.44,51.37,51.44,199970.0
2024-05-10,51.43,51.44,51.37,51.3899,106870.0
2024-05-13,51.42,51.44,51.38,51.39,33312.0
2024-05-14,51.4,51.44,51.4,51.44,31251.0
2024-05-15,51.51,51.5563,51.4899,51.55,31415.0
2024-05-16,51.55,51.55,51.5121,51.52,59872.0
2024-05-17,51.54,51.55,51.5126,51.52,75000.0
2024-05-20,51.49,51.525,51.49,51.52,79501.0
2024-05-21,51.56,51.585,51.56,51.58,215082.0
2024-05-22,51.54,51.57,51.52,51.54,106943.0
2024-05-23,51.56,51.57,51.46,51.47,78191.0
2024-05-24,51.45,51.5072,51.45,51.5,22766.0
2024-05-28,51.55,51.565,51.47,51.49,33444.0
2024-05-29,51.48,51.48,51.4124,51.445,36662.0
2024-05-30,51.51,51.5402,51.51,51.54,23205.0
2024-05-31,51.59,51.64,51.58,51.64,245494.0
2024-06-03,51.34,51.405,51.34,51.4,23945.0
2024-06-04,51.44,51.45,51.41,51.45,16909.0
2024-06-05,51.47,51.52,51.41,51.52,18995.0
2024-06-06,51.47,51.52,51.47,51.51,30603.0
2024-06-07,51.35,51.45,51.31,51.45,14679.0
2024-06-10,51.3,51.32,51.3,51.305,13521.0
2024-06-11,51.32,51.375,51.3136,51.35,13817.0
2024-06-12,51.48,51.49,51.345,51.36,45357.0
2024-06-13,51.44,51.5,51.43,51.455,36069.0
2024-06-14,51.48,51.48,51.43,51.45,49436.0
2024-06-17,51.43,51.45,51.42,51.45,23127.0
2024-06-18,51.51,51.571,51.51,51.57,53339.0
2024-06-20,51.5,51.59,51.5,51.58,40527.0
2024-06-21,51.65,51.66,51.57,51.575,17740.0
2024-06-24,51.59,51.59,51.55,51.575,20672.0
2024-06-25,51.59,51.59,51.56,51.59,24790.0
2024-06-26,51.53,51.57,51.5201,51.56,22452.0
2024-06-27,51.61,51.64,51.61,51.64,57771.0
2024-06-28,51.72,51.72,51.64,51.64,413547.0
2024-07-01,51.41,51.45,51.41,51.45,49103.0
2024-07-02,51.52,51.52,51.47,51.47,17296.0
2024-07-03,51.49,51.58,51.49,51.54,18331.0
2024-07-05,51.65,51.6986,51.62,51.66,27030.0
2024-07-08,51.64,51.675,51.64,51.64,25815.0
2024-07-09,51.65,51.67,51.61,51.635,26738.0
2024-07-10,51.65,51.67,51.635,51.65,24928.0
2024-07-11,51.72,51.75,51.7,51.72,34242.0
2024-07-12,51.74,51.75,51.71,51.74,18921.0
2024-07-15,51.78,51.81,51.77,51.8,32295.0
2024-07-16,51.8,51.83,51.7763,51.82,23647.0
2024-07-17,51.8,51.85,51.7943,51.83,21113.0
2024-07-18,51.8,51.84,51.8,51.81,30662.0
2024-07-19,51.76,51.77,51.72,51.74,14061.0
2024-07-22,51.69,51.7,51.65,51.7,30441.0
2024-07-23,51.71,51.75,51.7,51.7,22113.0
2024-07-24,51.76,51.8,51.715,51.78,90474.0
2024-07-25,51.74,51.76,51.711,51.72,28804.0
2024-07-26,51.82,51.83,51.79,51.79,45650.0
2024-07-29,51.84,51.84,51.79,51.83,17842.0
2024-07-30,51.85,51.86,51.81,51.82,44071.0
2024-07-31,51.92,52.01,51.8501,52.0,40364.0
2024-08-01,51.98,52.0399,51.965,52.01,86469.0
2024-08-02,52.1,52.16,52.04,52.12,115273.0
2024-08-05,52.15,52.19,52.05,52.18,43556.0
2024-08-06,52.065,52.09,52.03,52.04,37804.0
2024-08-07,52.03,52.05,51.995,52.01,24297.0
2024-08-08,51.935,51.98,51.92,51.97,70272.0
2024-08-09,52.04,52.04,51.99,52.02,32073.0
2024-08-12,52.0,52.12,52.0,52.12,23779.0
2024-08-13,52.16,52.18,52.14,52.17,29492.0
2024-08-14,52.14,52.21,52.14,52.145,108815.0
2024-08-15,51.95,52.0901,51.95,52.05,32100.0
2024-08-16,52.1,52.104,52.045,52.055,68507.0
2024-08-19,52.065,52.09,52.0315,52.045,19964.0
2024-08-20,52.11,52.15,52.1,52.15,30773.0
2024-08-21,52.176,52.23,52.14,52.205,25974.0
2024-08-22,52.15,52.15,52.08,52.12,12538.0
2024-08-23,52.17,52.34,51.97,52.325,54633.0
2024-08-26,52.3812,52.4068,52.345,52.345,29657.0
2024-08-27,52.33,52.369,52.315,52.35,164071.0
2024-08-28,52.36,52.37,52.345,52.355,46042.0
2024-08-29,52.3374,52.35,52.32,52.335,18833.0
2024-08-30,52.31,52.325,52.26,52.26,21110.0
2024-09-03,52.3,52.325,52.265,52.275,51007.0
2024-09-04,52.27,52.35,52.25,52.34,34408.0
2024-09-05,52.39,52.39,52.325,52.335,48207.0
2024-09-06,52.45,52.49,52.385,52.42,26939.0
2024-09-09,52.44,52.4752,52.42,52.455,15464.0
2024-09-10,52.45,52.525,52.45,52.52,25997.0
2024-09-11,52.53,52.615,52.53,52.565,34049.0
2024-09-12,52.56,52.61,52.55,52.59,60279.0
2024-09-13,52.74,52.74,52.705,52.73,71876.0
2024-09-16,52.76,52.795,52.7525,52.785,17739.0
2024-09-17,52.75,52.79,52.75,52.779,18603.0
2024-09-18,52.73,52.85,52.71,52.7177,24808.0
2024-09-19,52.74,52.84,52.74,52.84,24076.0
2024-09-20,52.82,52.87,52.77,52.859,20185.0
2024-09-23,52.81,52.87,52.79,52.85,15047.0
2024-09-24,52.89,52.97,52.86,52.96,30257.0
2024-09-25,52.92,52.92,52.875,52.879,15129.0
2024-09-26,52.85,52.85,52.7898,52.7898,15433.0
2024-09-27,52.83,52.895,52.83,52.88,33862.0
2024-09-30,52.87,52.88,52.79,52.8249,25018.0
2024-10-01,52.81,52.9199,52.81,52.8651,24120.0
2024-10-02,52.83,52.8838,52.83,52.875,42464.0
2024-10-03,52.81,52.8547,52.79,52.8,13143.0
2024-10-04,52.64,52.66,52.55,52.55,25299.0
2024-10-07,52.5,52.57,52.5,52.555,78760.0
2024-10-08,52.54,52.58,52.51,52.57,52817.0
2024-10-09,52.51,52.535,52.49,52.535,22877.0
2024-10-10,52.6,52.67,52.58,52.65,52481.0
2024-10-11,52.67,52.745,52.67,52.71,13464.0
2024-10-14,52.57,52.89,52.56,52.66,90732.0
2024-10-15,52.65,52.69,52.6401,52.645,89987.0
2024-10-16,52.67,52.675,52.65,52.66,100061.0
2024-10-17,52.6,52.615,52.59,52.61,149184.0
2024-10-18,52.67,52.68,52.65,52.65,29300.0
2024-10-21,52.61,52.6249,52.52,52.522,12825.0
2024-10-22,52.56,52.5613,52.53,52.55,19458.0
2024-10-23,52.48,52.5,52.45,52.46,21158.0
2024-10-24,52.49,52.54,52.47,52.47,27675.0
2024-10-25,52.5,52.51,52.43,52.435,15591.0
2024-10-28,52.39,52.395,52.32,52.36,35539.0
2024-10-29,52.32,52.4153,52.31,52.4153,12691.0
2024-10-30,52.45,52.4549,52.39,52.42,36995.0
2024-10-31,52.42,52.44,52.3403,52.42,117252.0
2024-11-01,52.45,52.48,52.28,52.295,37146.0
2024-11-04,52.39,52.3901,52.28,52.32,16118.0
2024-11-05,52.28,52.315,52.23,52.29,14678.0
2024-11-06,52.27,52.442,52.27,52.405,20442.0
2024-11-07,52.45,52.52,52.43,52.5,18225.0
2024-11-08,52.51,52.53,52.48,52.49,17636.0
2024-11-11,52.44,52.44,52.37,52.4047,49680.0
2024-11-12,52.375,52.395,52.3,52.33,141963.0
2024-11-13,52.38,52.4,52.32,52.344068,16798.0
2024-11-14,52.355,52.4254,52.28,52.4,570040.0
2024-11-15,52.26,52.38,52.26,52.35,37704.0
2024-11-18,52.37,52.43,52.37,52.4,41885.0
2024-11-19,52.47,52.49,52.45,52.46,28316.0
2024-11-20,52.47,52.53,52.45,52.465,88737.0
2024-11-21,52.505,52.505,52.4203,52.43,51565.0
2024-11-22,52.42,52.47,52.42,52.42,24034.0
2024-11-25,52.5132,52.52,52.4723,52.5,38123.0
2024-11-26,52.5,52.53,52.461,52.475,45272.0
2024-11-27,52.56,52.58,52.54,52.545,32225.0
2024-11-29,52.61,52.68,52.58,52.61,22424.0
2024-12-02,52.4712,52.5299,52.47,52.49,82256.0
2024-12-03,52.5618,52.58,52.5271,52.55,19977.0
2024-12-04,52.54,52.6314,52.54,52.615,55133.0
2024-12-05,52.57,52.59,52.55,52.575,20622.0
2024-12-06,52.67,52.67,52.6001,52.614,15501.0
2024-12-09,52.6,52.6,52.58,52.58,48354.0
2024-12-10,52.56,52.59,52.5409,52.575,23801.0
2024-12-11,52.61,52.63,52.5712,52.585,28457.0
2024-12-12,52.6,52.6,52.5419,52.545,93771.0
2024-12-13,52.55,52.55,52.4715,52.485,28696.0
2024-12-16,52.495,52.5,52.445,52.445,18138.0
2024-12-17,52.4399,52.4417,52.41,52.415,27621.0
2024-12-18,52.47,52.49,52.225,52.225,26747.0
2024-12-19,52.275,52.295,52.1248,52.19,28600.0
2024-12-20,52.28,52.295,52.244,52.2501,43039.0
2024-12-23,52.24,52.24,52.21,52.225,66161.0
2024-12-24,52.225,52.2688,52.215,52.265,24768.0
2024-12-26,52.235,52.295,52.22,52.275,27960.0
2024-12-27,52.29,52.2982,52.24,52.24,41276.0
2024-12-30,52.35,52.375,52.32,52.3499,55567.0
2024-12-31,52.335,52.35,52.28,52.2992,36318.0
2025-01-02,52.3601,52.38,52.325,52.345,166482.0
2025-01-03,52.38,52.4539,52.29,52.29,32593.0
2025-01-06,52.29,52.33,52.28,52.31,81512.0
2025-01-07,52.33,52.335,52.29,52.31,22337.0
2025-01-08,52.36,52.4,52.35,52.395,24981.0
2025-01-10,52.37,52.3856,52.29,52.305,123998.0
2025-01-13,52.3345,52.36,52.31,52.339,112907.0
2025-01-14,52.3803,52.4,52.36,52.395,266259.0
2025-01-15,52.55,52.58,52.535,52.58,27225.0
2025-01-16,52.575,52.67,52.56,52.635,21477.0
2025-01-17,52.64,52.65,52.615,52.63,29745.0
2025-01-21,52.59,52.61,52.555,52.57,36030.0
2025-01-22,52.58,52.6,52.49,52.545,319916.0
2025-01-23,52.515,52.61,52.5,52.61,28119.0
2025-01-24,52.595,52.65,52.58,52.635,28012.0
2025-01-27,52.7305,52.75,52.695,52.725,11304.0
2025-01-28,52.7301,52.77,52.705,52.76,14925.0
2025-01-29,52.77,52.78,52.665,52.735,27574.0
2025-01-30,52.7803,52.79,52.74,52.765,27116.0
2025-01-31,52.8,52.83,52.765,52.83,17953.0
2025-02-03,52.83,53.025,52.21,52.895,56884.0
2025-02-04,52.81,52.95,52.8,52.95,129219.0
2025-02-05,52.98,53.025,52.97,52.99,25820.0
2025-02-06,52.98,52.985,52.92,52.92,243440.0
2025-02-07,52.89,52.9189,52.85,52.875,20646.0
2025-02-10,52.955,52.96,52.915,52.93,86332.0
2025-02-11,52.96,52.96,52.92,52.94,58003.0
2025-02-12,52.91,52.91,52.83,52.83,41731.0
2025-02-13,52.915,52.955,52.915,52.935,61167.0
2025-02-14,53.025,53.04,53.0005,53.005,18939.0
2025-02-18,52.97,52.99,52.955,52.955,23974.0
2025-02-19,53.0,53.04,52.9965,53.035,16509.0
2025-02-20,53.075,53.1,53.07,53.09,31343.0
2025-02-21,53.1,53.155,53.08,53.13,16269.0
2025-02-24,53.12,53.185,53.12,53.185,30080.0
2025-02-25,53.29,53.3,53.265,53.27,27252.0
2025-02-26,53.27,53.31,53.255,53.295,25924.0
2025-02-27,53.29,53.36,53.29,53.36,52241.0
2025-02-28,53.43,53.54,53.43,53.54,70678.0
2025-03-03,53.435,53.59,53.435,53.59,38327.0
2025-03-04,53.66,53.685,53.525,53.559,50910.0
2025-03-05,53.53,53.54,53.39,53.3906,27669.0
2025-03-06,53.38,53.44,53.2944,53.36,24642.0
2025-03-07,53.46,53.49,53.345,53.38,145504.0
2025-03-10,53.485,53.54,53.46,53.512,44633.0
2025-03-11,53.535,53.592,53.47,53.495,94968.0
2025-03-12,53.45,53.515,53.44,53.47,71690.0
2025-03-13,53.44,53.5637,53.43,53.49,99688.0
2025-03-14,53.48,53.48,53.4034,53.41,18155.0
2025-03-17,53.4,53.45,53.3801,53.385,26551.0
2025-03-18,53.41,53.445,53.4,53.425,119969.0
2025-03-19,53.39,53.57,53.3749,53.565,76929.0
2025-03-20,53.64,53.64,53.59,53.63,161673.0
2025-03-21,53.705,53.71,53.64,53.64,221974.0
2025-03-24,53.64,53.65,53.5881,53.605,50523.0
2025-03-25,53.63,53.6785,53.61,53.675,12591.0
2025-03-26,53.665,53.7,53.655,53.68,57758.0
2025-03-27,53.75,53.81,53.75,53.81,59089.0
2025-03-28,53.89,53.97,53.87,53.96,84749.0
2025-03-31,54.05,54.0808,54.0,54.02,416138.0
2025-04-01,53.69,53.75,53.66,53.68,46024.0
2025-04-02,53.7499,53.76,53.59,53.63,117652.0
2025-04-03,53.99,54.1033,53.96,53.98,122090.0
2025-04-04,54.045,54.0699,53.78,53.85,87916.0
2025-04-07,53.78,53.81,53.53,53.54,97323.0
2025-04-08,53.63,53.8,53.61,53.8,283831.0
2025-04-09,53.48,53.7594,53.42,53.55,127709.0
2025-04-10,53.62,53.64,53.38,53.39,155671.0
2025-04-11,53.13,53.38,52.98,53.38,181712.0
2025-04-14,53.51,53.54,53.43,53.48,107527.0
2025-04-15,53.51,53.55,53.453,53.4546,34605.0
2025-04-16,53.52,53.5483,53.5,53.54,112122.0
2025-04-17,53.65,53.7,53.6499,53.66,57639.0
2025-04-21,53.73,53.78,53.6009,53.62,48309.0
2025-04-22,53.669,53.72,53.66,53.695,47037.0
2025-04-23,53.8034,53.81,53.6563,53.7095,23521.0
2025-04-24,53.81,53.88,53.785,53.88,13583.0
2025-04-25,53.9,53.925,53.89,53.92,18121.0
2025-04-28,53.99,54.06,53.96,54.05,16700.0
2025-04-29,54.0501,54.1,54.02,54.07,43422.0
2025-04-30,54.12,54.27,54.09,54.27,34843.0
2025-05-01,53.93,53.94,53.76,53.82,40597.0
2025-05-02,53.72,53.73,53.5608,53.58,113915.0
2025-05-05,53.57,53.6445,53.51,53.58,69554.0
2025-05-06,53.64,53.68,53.62,53.67,37628.0
2025-05-07,53.68,53.73,53.67,53.67,38660.0
2025-05-08,53.69,53.71,53.59,53.62,40681.0
2025-05-09,53.68,53.7299,53.62,53.66,153880.0
2025-05-12,53.3986,53.42,53.28,53.28,34335.0
2025-05-13,53.34,53.36,53.295,53.33,31603.0
2025-05-14,53.38,53.38,53.33,53.38,19707.0
2025-05-15,53.4,53.4666,53.4,53.46,24490.0
2025-05-16,53.5,53.52,53.48,53.49,24114.0
2025-05-19,53.45,53.53,53.45,53.52,29111.0
2025-05-20,53.505,53.5499,53.4999,53.545,20922.0
2025-05-21,53.5152,53.52,53.451,53.48,124502.0
2025-05-22,53.48,53.535,53.45,53.525,29954.0
2025-05-23,53.573,53.6,53.5,53.59,52768.0
2025-05-27,53.56,53.6,53.56,53.597,15123.0
2025-05-28,53.56,53.57,53.5206,53.53,40248.0
2025-05-29,53.51,53.59,53.51,53.58,183511.0
2025-05-30,53.6299,53.69,53.6,53.65,139815.0
2025-06-02,53.5,53.51,53.44,53.465,39149.0
2025-06-03,53.4802,53.49,53.4,53.415,52435.0
2025-06-04,53.45,53.5,53.45,53.46,199189.0
2025-06-05,53.4954,53.5,53.3754,53.4,38896.0
2025-06-06,53.31,53.32,53.2515,53.27,30157.0
2025-06-09,53.3095,53.34,53.28,53.305,15566.0
2025-06-10,53.3352,53.3352,53.28,53.289,16081.0
2025-06-11,53.305,53.3305,53.255,53.32,49674.0
2025-06-12,53.39,53.39,53.3601,53.365,21029.0
2025-06-13,53.37,53.41,53.33,53.38,38087.0
2025-06-16,53.36,53.42,53.36,53.38,31645.0
2025-06-17,53.39,53.4865,53.3705,53.48,15858.0
2025-06-18,53.53,53.54,53.495,53.53,22866.0
2025-06-20,53.535,53.615,53.51,53.61,27086.0
2025-06-23,53.66,53.76,53.64,53.655,26219.0
2025-06-24,53.595,53.66,53.58,53.64,11594.0
2025-06-25,53.6435,53.6895,53.63,53.68,11884.0
2025-06-26,53.7446,53.79,53.72,53.79,24289.0
2025-06-27,53.7435,53.79,53.7435,53.75,13395.0
2025-06-30,53.81,53.84,53.79,53.81,18890.0
2025-07-01,53.62,53.639,53.57,53.5851,19555.0
2025-07-02,53.6001,53.6254,53.57,53.57,122474.0
2025-07-03,53.5608,53.6136,53.5433,53.57,28595.0
2025-07-07,53.5604,53.61,53.55,53.61,102289.0
2025-07-08,53.5849,53.6082,53.57,53.57,14016.0
2025-07-09,53.61,53.66,53.6033,53.655,24281.0
2025-07-10,53.6301,53.67,53.63,53.655,20946.0
2025-07-11,53.67,53.6906,53.65,53.6906,25367.0
2025-07-14,53.725,53.74,53.695,53.72,132149.0
2025-07-15,53.73,53.76,53.65,53.67,147052.0
2025-07-16,53.69,53.82,53.67,53.805,73128.0
2025-07-17,53.85,53.85,53.815,53.83,14717.0
2025-07-18,53.93,53.94,53.8795,53.88,13686.0
2025-07-21,53.93,53.9639,53.93,53.95,21262.0
2025-07-22,53.9401,53.9799,53.93,53.958,32054.0
2025-07-23,53.885,53.89,53.8,53.805,20334.0
2025-07-24,53.78,53.82,53.77,53.82,16501.0
2025-07-25,53.8306,53.8306,53.81,53.83,18536.0
2025-07-28,53.8165,53.8301,53.8,53.82,17670.0
2025-07-29,53.8725,53.95,53.86,53.9491,46278.0
2025-07-30,53.91,53.98,53.8508,53.8597,19963.0
2025-07-31,53.855,53.8845,53.78,53.81,9559.0
2025-08-01,53.87,53.92,53.821,53.919,14718.0
2025-08-04,53.9237,54.01,53.9237,53.98,23562.0
2025-08-05,53.965,54.0467,53.94,53.945,35945.0
2025-08-06,53.941,53.98,53.92,53.941,38016.0
2025-08-07,53.95,53.97,53.9301,53.9693,12603.0
2025-08-08,53.95,53.985,53.915,53.9701,14987.0
2025-08-11,53.98,54.01,53.96,53.99,24361.0
2025-08-12,53.92,53.9899,53.92,53.965,13712.0
2025-08-13,54.0555,54.09,54.05,54.06,17468.0
2025-08-14,54.03,54.035,54.0,54.01,13179.0
2025-08-15,54.025,54.0288,53.95,53.97,21792.0
2025-08-18,53.9673,53.97,53.93,53.955,133871.0
2025-08-19,53.993,54.0,53.96,53.985,31414.0
2025-08-20,53.99,54.045,53.99,54.03,14860.0
2025-08-21,54.01,54.04,53.9806,54.04,41078.0
2025-08-22,54.0423,54.265,54.04,54.25,209779.0
2025-08-25,54.23,54.248,54.215,54.23,25145.0
2025-08-26,54.27,54.3448,54.26,54.3448,11710.0
2025-08-27,54.3843,54.47,54.37,54.4548,8847.0
2025-08-28,54.45,54.45,54.42,54.447,15090.0
2025-08-29,54.47,54.48,54.46,54.4799,8291.0
2025-09-02,54.195,54.205,54.19,54.1951,82073.0
2025-09-03,54.18,54.2559,54.18,54.21,56210.0
2025-09-04,54.22,54.25,54.22,54.24,76046.0
2025-09-05,54.32,54.34,54.3,54.33,51959.0
2025-09-08,54.3691,54.37,54.3201,54.3475,61255.0
2025-09-09,54.3612,54.3612,54.3,54.3,32132.0
2025-09-10,54.32,54.44,54.3,54.44,247442.0
2025-09-11,54.3336,54.3488,54.28,54.29,17238.0
2025-09-12,54.27,54.33,54.26,54.33,44109.0
2025-09-15,54.3,54.318,54.27,54.29,28907.0
2025-09-16,54.34,54.35,54.32,54.32,65851.0
2025-09-17,54.33,54.42,54.2801,54.31,42199.0
2025-09-18,54.27,54.31,54.21,54.21,38781.0
2025-09-19,54.26,54.27,54.2294,54.257,21343.0
2025-09-22,54.235,54.2361,54.17,54.17,27172.0
2025-09-23,54.205,54.2569,54.205,54.2537,26488.0
2025-09-24,54.24,54.24,54.19,54.19,23682.0
2025-09-25,54.155,54.155,54.11,54.13,9326.0
2025-09-26,54.14,54.18,54.14,54.18,91638.0
2025-09-29,54.16,54.18,54.15,54.16,47877.0
2025-09-30,54.1797,54.2,54.17,54.1781,12649.0
2025-10-01,54.14,54.15,54.1,54.125,17215.0
2025-10-02,54.0953,54.115,54.0901,54.1,13856.0
2025-10-03,54.1,54.1199,54.049,54.05,95934.0
2025-10-06,54.07,54.07,54.05,54.07,16812.0
2025-10-07,54.0701,54.13,54.05,54.13,24908.0
2025-10-08,54.14,54.15,54.1105,54.115,12163.0
2025-10-09,54.12,54.1284,54.087,54.11,30988.0
2025-10-10,54.13,54.19,54.115,54.1649,42763.0
2025-10-13,54.1872,54.245,54.17,54.17,4133.0
2025-10-14,54.2,54.24,54.1841,54.2197,11001.0
2025-10-15,54.23,54.2437,54.17,54.1874,28566.0
2025-10-16,54.19,54.27,54.19,54.27,30859.0
2025-10-17,54.26,54.26,54.21,54.2149,36945.0
2025-10-20,54.2026,54.23,54.2,54.2175,67630.0
2025-10-21,54.28,54.29,54.2672,54.28,14500.0
2025-10-22,54.2796,54.3258,54.27,54.3249,27906.0
2025-10-23,54.32,54.33,54.268,54.28,23960.0
2025-10-24,54.22,54.27,54.22,54.25,117638.0
2025-10-27,54.21,54.23,54.195,54.195,28385.0
2025-10-28,54.1693,54.1956,54.16,54.16,10768.0
2025-10-29,54.15,54.18,53.98,53.98,198716.0
2025-10-30,53.965,54.0096,53.965,53.998,28957.0
2025-10-31,54.04,54.07,54.0364,54.07,12896.0
2025-11-03,53.8703,53.9,53.86,53.885,17018.0
2025-11-04,53.9,53.92,53.88,53.915,22557.0
2025-11-05,53.8799,53.89,53.79,53.808,17439.0
2025-11-06,53.865,53.88,53.85,53.88,18251.0
2025-11-07,53.8438,53.9,53.84,53.895,14048.0
2025-11-10,53.89,53.89,53.86,53.875,61453.0
2025-11-11,53.8611,53.9999,53.8611,53.955,16173.0
2025-11-12,53.935,53.94,53.8,53.8,98525.0
2025-11-13,53.88,53.901,53.86,53.86,80245.0
2025-11-14,53.94,53.94,53.86,53.8747,31694.0
2025-11-17,53.88,53.89,53.855,53.86,29881.0
2025-11-18,53.91,53.9183,53.8535,53.91,116204.0
2025-11-19,53.905,53.91,53.85,53.865,28638.0
2025-11-20,53.9065,53.93,53.88,53.895,12469.0
2025-11-21,53.96,53.965,53.92,53.93,26573.0
2025-11-24,53.95,53.98,53.935,53.98,19056.0
2025-11-25,53.92,54.0,53.92,54.0,38276.0
2025-11-26,53.99,54.03,53.96,54.03,45626.0
2025-11-28,54.0267,54.03,54.01,54.01,9902.0
2025-12-01,53.7931,53.81,53.7645,53.777,35877.0
2025-12-02,53.7805,53.8154,53.76,53.78,16205.0
2025-12-03,53.82,53.85,53.8,53.84,40768.0
2025-12-04,53.8052,53.83,53.8,53.83,8367.0
2025-12-05,53.84,53.84,53.7926,53.797,80216.0
2025-12-08,53.755,53.79,53.72,53.74,17367.0
2025-12-09,53.73,53.735,53.66,53.67,21362.0
2025-12-10,53.64,53.79,53.64,53.79,28741.0
2025-12-11,53.8045,53.81,53.77,53.78,22771.0
2025-12-12,53.73,53.7668,53.73,53.74,12850.0
2025-12-15,53.8,53.8,53.73,53.73,18928.0
2025-12-16,53.73,53.75,53.715,53.72,31351.0
2025-12-17,53.72,53.77,53.7102,53.77,17638.0
2025-12-18,53.76,53.8,53.71,53.7999,16574.0
2025-12-19,53.78,53.79,53.75,53.77,45828.0
2025-12-22,53.76,53.76,53.7201,53.75,18545.0
2025-12-23,53.67,53.73,53.67,53.72,21582.0
2025-12-24,53.74,53.76,53.7399,53.76,7982.0
2025-12-26,53.79,53.8098,53.78,53.79,17943.0
2025-12-29,53.81,53.84,53.79,53.84,76498.0
2025-12-30,53.82,53.86,53.82,53.85,56005.0
2025-12-31,53.625,53.7,53.595,53.66,22800.0
2026-01-02,53.65,53.65,53.61,53.615,23101.0
2026-01-05,53.665,53.7,53.655,53.695,29791.0
2026-01-06,53.71,53.73,53.685,53.73,33279.0
2026-01-07,53.75,53.75,53.71,53.735,91807.0
2026-01-08,53.712,53.7238,53.695,53.695,11097.0
2026-01-09,53.7,53.72,53.6801,53.687,20938.0
2026-01-12,53.7,53.73,53.7,53.72,25753.0
2026-01-13,53.73,53.75,53.72,53.74,39917.0
2026-01-14,53.77,53.8,53.75,53.75,44807.0
2026-01-15,53.72,53.73,53.675,53.675,45068.0
2026-01-16,53.7,53.701,53.6305,53.6401,30117.0
2026-01-20,53.62,53.6435,53.6,53.62,22390.0
2026-01-21,53.65,53.71,53.64,53.67,39010.0
2026-01-22,53.66,53.68,53.64,53.66,10304.0
2026-01-23,53.65,53.72,53.65,53.705,54044.0
2026-01-26,53.71,53.75,53.71,53.75,33388.0
2026-01-27,53.76,53.805,53.76,53.79,26398.0
2026-01-28,53.81,53.86,53.78,53.8348,32509
2026-01-29,53.905,53.96,53.88,53.89,67657
2026-01-30,53.92,53.96,53.9,53.96,40911
2026-02-02,53.89,53.89,53.82,53.845,8762
2026-02-03,53.85,53.8875,53.85,53.875,21331
2026-02-04,53.83,53.869,53.8226,53.85,14348
2026-02-05,53.9,53.91,53.8604,53.91,74334
2026-02-06,53.9,53.91,53.8805,53.905,10353
2026-02-09,53.925,53.9592,53.91,53.945,14418
2026-02-10,53.99,53.99,53.95,53.955,20547
