date,open,high,low,close,volume
2008-03-28,36.8273,36.8273,35.369,35.3817,160218.77095068
2008-03-31,34.2153,34.6783,34.0012,34.4906,150947.84357632
2008-04-01,36.551,37.3341,36.2543,37.2515,104707.3072632
2008-04-02,37.6445,38.0891,37.125,37.5705,57393.608938891
2008-04-03,37.0345,37.3925,36.446,36.9402,62905.385475236
2008-04-04,37.3779,38.1815,37.3779,37.8079,85756.335196043
2008-04-07,38.8858,39.1096,38.342,38.5443,91674.145251945
2008-04-08,38.5249,38.7457,38.306,38.6115,44896.000000268
2008-04-09,39.0755,39.1689,38.5317,38.7603,55646.122905361
2008-04-10,38.5443,38.6183,37.8682,38.2904,85622.703911126
2008-04-11,37.8157,37.9801,37.3993,37.4363,19622.21229062
2008-04-14,37.5997,37.6698,37.3118,37.4431,80784.22346417
2008-04-15,37.5851,37.6902,37.0491,37.2359,70573.76536355
2008-04-16,37.1746,37.6318,36.9528,37.4898,67346.055866324
2008-04-17,36.7008,36.9226,36.5277,36.8487,217673.02793426
2008-04-18,37.839,38.3819,37.839,38.269,126102.70391137
2008-04-21,38.1435,38.5443,38.1435,38.5249,10465.385474923
2008-04-22,38.3731,38.4334,38.0891,38.3819,97253.76536371
2008-04-23,38.6397,38.8479,38.3819,38.6562,22454.1675979
2008-04-24,39.2224,39.8781,38.9471,39.3926,53287.016760095
2008-04-25,39.5035,39.846,39.1913,39.7195,92694.882682118
2008-04-28,39.9014,40.0785,39.6524,39.7419,45758.435754464
2008-04-29,39.1455,39.3849,38.7321,38.8216,117444.42458171
2008-04-30,38.9529,41.2897,38.9237,39.6825,79611.351955783
2008-05-01,39.1835,39.6757,39.0308,39.6757,24391.821229196
2008-05-02,40.7896,40.7896,40.2935,40.5328,89202.994413941
2008-05-05,40.7974,40.7974,40.2264,40.5036,76031.061452969
2008-05-06,40.1748,40.8276,39.8781,40.7264,96457.117319012
2008-05-07,40.6962,40.7838,39.9822,40.0026,105585.1620118
2008-05-08,39.5502,39.5648,39.1689,39.3489,101926.74860396
2008-05-09,39.0882,39.1689,38.5006,38.9393,38333.675977883
2008-05-12,39.2302,39.6174,38.6844,39.5035,46414.256983518
2008-05-13,39.4763,39.7565,39.2224,39.6757,28282.547486203
2008-05-14,39.8178,40.4122,39.8178,40.062,29225.162011348
2008-05-15,40.4287,41.1107,40.0999,40.9929,110494.56983306
2008-05-16,41.1428,41.1428,40.3596,40.7108,53290.100558978
2008-05-19,40.8509,41.3723,40.7264,40.9929,69843.932961311
2008-05-20,39.9491,39.9491,39.2302,39.5571,151578.99441431
2008-05-21,39.022,39.1096,37.9509,38.0151,67360.446927777
2008-05-22,38.2768,38.7,38.1815,38.4043,87884.156425106
2008-05-23,37.9869,37.9869,37.3118,37.4674,70112.223464106
2008-05-27,37.9587,38.2836,37.7408,38.2836,55107.486033849
2008-05-28,38.269,38.269,37.7495,38.2253,49661.497207001
2008-05-29,37.4674,38.3673,37.4674,38.1951,84204.156425084
2008-05-30,38.6844,38.9841,38.5083,38.8634,67461.184357945
2008-06-02,38.628,38.7068,38.2904,38.4636,97035.843575999
2008-06-03,38.9529,38.9704,38.0297,38.3731,68888.983240635
2008-06-04,38.1435,38.1727,37.198,37.6737,285832.17877266
2008-06-05,38.5531,38.9101,38.0608,38.5531,142914.54748689
2008-06-06,37.6834,38.0151,36.9022,36.9022,86880.893855268
2008-06-09,37.9927,37.9927,37.2281,37.5851,59529.653631641
2008-06-10,36.446,36.4615,35.8447,36.3127,23418.368715224
2008-06-11,35.8739,35.8739,35.2037,35.2037,16429.452514065
2008-06-12,35.8447,36.2767,35.621,35.621,19633.51955319
2008-06-13,36.0889,36.3963,35.7776,36.016,45839.642458375
2008-06-16,35.8,36.625,35.6648,36.2913,12791.59776544
2008-06-17,37.1328,37.2359,36.6639,36.909,76131.798883137
2008-06-18,36.7154,36.7748,35.8827,36.6921,40898.368715328
2008-06-19,36.5948,37.0715,36.2913,36.4975,42558.480447182
2008-06-20,36.1561,36.3205,35.8944,35.8944,44141.497206968
2008-06-23,35.7105,35.7922,35.3904,35.6959,9525.8547486603
2008-06-24,35.2348,35.8895,35.011,35.4945,28791.374301848
2008-06-25,35.5325,36.5432,35.5325,36.3798,49205.094972361
2008-06-26,34.224,35.3175,28.355,34.6696,12057.653631357
2008-06-27,33.1743,34.1705,33.1743,34.1394,109068.82681629
2008-06-30,33.8582,34.0898,32.7337,33.7318,70322.949721091
2008-07-01,31.3571,31.6791,30.8736,31.47,22793.385474997
2008-07-02,31.3065,31.9924,30.8152,30.9213,334634.32402435
2008-07-03,32.0809,32.2667,31.611,31.9165,30885.273743201
2008-07-07,33.4127,33.4195,32.4437,32.9224,254428.82681716
2008-07-08,33.0333,33.688,32.9409,33.3679,167884.06704011
2008-07-09,34.1705,34.224,33.3378,33.3378,88324.111732372
2008-07-10,33.9701,34.3709,33.7191,34.0898,28617.653631456
2008-07-11,33.2026,33.3679,32.8163,33.1306,92457.430168151
2008-07-14,34.4993,34.4993,33.5975,33.9944,457657.34078486
2008-07-15,33.7551,34.5441,33.4642,34.4001,58846.078212642
2008-07-16,34.653,35.8,34.653,35.8,113424.17877163
2008-07-17,37.0491,37.0491,36.1998,36.5209,119126.12290574
2008-07-18,37.3118,37.3118,36.804,37.2515,26226.681564403
2008-07-21,37.8527,38.0891,37.3692,37.3692,51726.614525449
2008-07-22,36.9528,37.4285,36.4537,37.4285,27661.675977819
2008-07-23,37.8838,37.8838,37.303,37.6153,31735.374301866
2008-07-24,37.9441,37.9441,36.4537,36.4537,20840.312849287
2008-07-25,36.2689,36.6551,34.2328,36.3399,30050.592178951
2008-07-28,36.5899,37.9441,36.1123,36.1123,23052.424581143
2008-07-29,37.9071,38.6562,37.6737,38.5006,33315.307262769
2008-07-30,39.9491,42.6886,38.5735,42.0037,175542.16759881
2008-07-31,41.6535,42.9415,41.5348,42.2421,113655.46368783
2008-08-01,43.0252,43.2635,42.6886,42.8005,75238.525140115
2008-08-04,43.9815,43.9815,42.5923,43.2859,124414.83798957
2008-08-05,42.8005,43.1653,42.4045,42.9045,45293.810056137
2008-08-06,41.7517,42.675,41.708,42.675,133829.67597845
2008-08-07,41.4025,41.708,40.8353,40.919,194987.57542016
2008-08-08,40.4122,40.8733,38.1863,40.8217,110442.14525206
2008-08-11,40.8655,41.5873,40.7264,40.7896,220833.92178903
2008-08-12,40.6739,40.9404,40.3674,40.4122,34833.564246018
2008-08-13,40.2332,40.9852,40.203,40.7974,46354.636871786
2008-08-14,40.9706,41.7284,40.919,41.3402,34199.329609143
2008-08-15,41.529,41.6914,41.1788,41.3198,12147.083798955
2008-08-18,41.4103,41.6914,40.5085,40.8431,62997.899441717
2008-08-19,39.5571,40.062,39.1689,39.5415,60114.547486393
2008-08-20,38.9393,39.0444,38.6183,38.7603,39496.268156661
2008-08-21,38.1727,39.2817,38.1727,39.2302,129672.71508457
2008-08-22,40.0483,40.3596,39.8256,40.1884,1785955.3966587
2008-08-25,39.9287,39.9287,39.1319,39.1387,46130.547486309
2008-08-26,39.0667,39.416,38.6776,39.0376,22990.748603489
2008-08-27,38.6183,39.1387,37.4752,38.7691,24589.184357689
2008-08-28,39.3051,39.4598,39.1319,39.3576,16049.117318532
2008-08-29,39.0308,39.0444,38.4111,38.7691,13876.067039189
2008-09-02,39.6825,39.8178,38.5648,38.7846,104734.03352018
2008-09-03,38.4636,38.7233,38.0005,38.2836,45916.737430442
2008-09-04,37.4509,37.5034,35.9858,36.3574,180938.81564354
2008-09-05,36.5053,36.6726,35.7776,36.4761,52674.368715399
2008-09-08,38.3673,38.3965,37.2651,38.0764,42704.44692763
2008-09-09,39.4958,40.1602,36.0306,36.4187,39939.307262809
2008-09-10,36.8361,36.8361,36.0442,36.1045,144519.15083885
2008-09-11,34.3943,35.1073,33.8806,35.0188,197683.8435766
2008-09-12,33.9614,35.405,33.9614,35.2416,49788.960894152
2008-09-15,31.753,32.7337,31.3571,31.3571,60437.318436116
2008-09-16,29.8697,32.0284,29.8697,32.0284,92538.636872062
2008-09-17,30.1459,30.1459,28.0485,29.5875,62821.094972443
2008-09-18,28.4707,30.2335,27.6146,29.7432,29014.435754363
2008-09-19,33.4555,34.477,33.2415,34.2016,107834.27933025
2008-09-22,34.4906,34.4906,33.0255,33.2249,78562.860335665
2008-09-23,33.1306,33.2619,31.9087,32.2005,112900.96089453
2008-09-24,32.8163,32.9409,32.4749,32.6091,24120.446927519
2008-09-25,33.507,34.4594,33.507,34.1394,25611.977653784
2008-09-26,33.5664,34.5879,33.4428,34.5879,10479.776536376
2008-09-29,33.114,33.114,27.5271,31.4476,41516.156424829
2008-09-30,31.9924,33.1821,31.7297,33.1821,34143.821229254
2008-10-01,32.1247,32.6743,31.3386,32.3183,50383.106145553
2008-10-02,31.4087,31.4087,29.7568,29.7568,137520.98324105
2008-10-03,29.6527,31.0079,28.9338,28.9863,48038.39106174
2008-10-06,26.4774,26.8267,24.4004,26.7031,114019.35195599
2008-10-07,29.5788,29.5788,24.4997,25.059,71661.318436183
2008-10-08,24.7215,25.6301,23.3089,24.2827,52714.458100874
2008-10-09,25.7993,26.0377,22.3195,23.0258,62901.273743393
2008-10-10,21.8954,23.6154,21.2251,23.4723,96203.21787767
2008-10-13,24.1718,25.7643,23.3702,25.5484,38167.150838217
2008-10-14,25.7993,29.7568,24.9219,25.2799,105476.20111795
2008-10-15,24.9219,24.9219,21.5024,21.5024,48011.664804756
2008-10-16,21.5072,21.6629,18.9263,21.5899,83858.770950222
2008-10-17,19.7532,21.3603,19.2911,20.2805,51698.860335505
2008-10-20,20.7192,21.7825,20.3253,21.5374,66262.614525536
2008-10-21,20.6395,20.6395,19.5061,19.5207,20665.564245934
2008-10-22,18.6744,18.6744,16.4262,16.933,43707.709497468
2008-10-23,17.0605,17.8475,15.9738,17.1714,116963.35195601
2008-10-24,15.5487,16.6869,15.5341,16.1295,119291.62011245
2008-10-27,16.5614,17.6334,16.3522,16.5157,50133.318436054
2008-10-28,18.7191,19.9176,17.9885,19.9176,81403.039106632
2008-10-29,20.8311,21.3516,20.049,21.0033,18853.318435867
2008-10-30,20.2649,20.5276,19.8126,20.3642,42778.458100814
2008-10-31,20.7951,21.3808,19.9468,21.3808,13303.508379968
2008-11-03,20.9936,21.159,20.4955,21.085,11135.59776543
2008-11-04,22.1707,23.6591,22.1707,22.9811,8664.4469274261
2008-11-05,22.1201,22.1201,20.585,20.585,18656.983240335
2008-11-06,20.4955,21.0909,19.1365,19.1365,115207.64245879
2008-11-07,19.6628,20.4216,19.6414,19.9089,3425.0726257188
2008-11-10,20.6395,20.6395,19.187,19.3359,9593.6983240797
2008-11-11,18.9701,19.1219,18.3679,18.6812,16417.117318534
2008-11-12,17.542,17.8407,17.0069,17.0069,16465.430167696
2008-11-13,17.6996,19.1141,17.4019,18.9545,146596.60335283
2008-11-14,17.8767,18.4195,17.3572,17.9146,15849.698324117
2008-11-17,17.1091,17.4982,16.8484,17.1714,7050.5921788131
2008-11-18,16.5682,16.8649,15.8454,16.2335,13680.759776618
2008-11-19,15.4893,15.6216,14.1789,14.285,38218.547486262
2008-11-20,14.2762,14.7442,13.4279,13.4435,106088.84916265
2008-11-21,15.1109,16.1655,14.3297,15.7938,52486.256983554
2008-11-24,17.3124,18.4487,17.3124,17.9058,94848.402235204
2008-11-25,17.721,18.1306,17.3484,18.1306,66489.787709895
2008-11-26,17.6694,18.7853,17.2891,18.5391,78237.00558706
2008-11-28,18.6948,19.2834,18.6948,18.9312,54977.966480776
2008-12-01,17.542,17.6101,16.6499,16.6499,12243.70949728
2008-12-02,17.469,18.2882,17.469,17.9749,26607.016759936
2008-12-03,17.3863,18.4847,17.3192,18.4798,16247.508379985
2008-12-04,18.2959,18.5537,17.6607,17.7142,10622.659217941
2008-12-05,17.5809,18.5323,17.2249,18.4944,50265.92178801
2008-12-08,19.2522,19.4264,18.7853,19.2026,68064.581005994
2008-12-09,19.1579,19.1948,18.4263,18.4263,53398.033519872
2008-12-10,18.5635,19.833,18.5635,19.619,60286.212290863
2008-12-11,19.5596,20.1171,18.9263,18.9263,43145.430167856
2008-12-12,18.259,18.8952,18.2347,18.6286,86304.223464203
2008-12-15,18.9847,19.0616,18.3747,18.5995,21266.90502806
2008-12-16,19.3427,20.7883,19.3427,20.764,77014.79329655
2008-12-17,20.0354,20.7416,20.0354,20.2066,15709.899441435
2008-12-18,20.5344,20.5568,19.7669,19.939,5395.6201117641
2008-12-19,19.796,20.2426,19.5869,19.7095,12882.055865999
2008-12-22,19.7163,19.724,19.1044,19.3797,8628.4692737946
2008-12-23,19.5596,20.1171,19.224,19.6024,72192.759776968
2008-12-24,19.6024,19.6793,19.3057,19.6715,15139.396648135
2008-12-26,19.8126,20.1385,19.6929,19.9984,25208.000000151
2008-12-29,20.1764,21.0967,19.1647,19.8787,42230.569832655
2008-12-30,19.6628,19.8787,19.6024,19.7095,24763.932961042
2008-12-31,19.5655,20.2961,19.5655,20.1764,21371.754190072
2009-01-02,20.2523,21.0033,19.977,20.6395,34280.536313054
2009-01-05,20.9936,21.4654,20.7805,21.2777,41830.703910865
2009-01-06,21.874,21.9995,21.4109,21.8361,17518.033519658
2009-01-07,21.0617,21.0617,20.2066,20.4955,51001.921788014
2009-01-08,19.7766,19.7766,19.2299,19.5285,18743.329609051
2009-01-09,19.9838,19.9906,19.3729,19.6715,42289.162011426
2009-01-12,18.6374,18.7395,18.1169,18.4127,27066.502793458
2009-01-13,18.6744,18.7921,18.4195,18.7853,23405.005586732
2009-01-14,17.9292,17.9292,17.2589,17.4895,5917.8100559013
2009-01-15,17.7589,18.2347,16.7102,18.2298,67626.68156465
2009-01-16,18.4487,18.615,17.7453,18.2298,100325.22905088
2009-01-20,17.5809,17.5809,16.5089,16.5157,32198.972067232
2009-01-21,17.2968,18.0702,17.0896,18.0109,570218.05586933
2009-01-22,17.2171,17.4982,16.9622,17.2968,24703.284916349
2009-01-23,17.185,17.6694,17.0371,17.6101,16546.636871607
2009-01-26,18.2298,18.7473,17.9,18.0586,21929.921787841
2009-01-27,18.1452,18.4428,18.0994,18.1918,16166.301676074
2009-01-28,19.4264,19.4468,18.3456,19.261,18869.765363241
2009-01-29,18.8602,18.8602,18.0498,18.0848,39742.972067277
2009-01-30,18.4798,18.4798,17.6539,17.721,12121.385474933
2009-02-02,17.4535,17.8241,17.2968,17.4311,32321.296089579
2009-02-03,17.7453,18.2424,17.7074,18.1675,20833.11731856
2009-02-04,18.1452,18.4263,17.7074,18.0197,15496.089385568
2009-02-05,18.2045,18.8767,18.0342,18.761,17544.759776641
2009-02-06,18.9117,19.368,18.7785,19.2999,14193.698324107
2009-02-09,19.3359,19.5207,19.083,19.0985,14106.324022431
2009-02-10,18.8602,18.8602,17.1947,17.4243,34801.69832423
2009-02-11,17.8241,17.9749,17.4982,17.8407,19064.044692851
2009-02-12,17.4243,17.6996,17.2521,17.6918,14744.67039115
2009-02-13,17.4243,17.6607,17.2589,17.5809,27364.603352119
2009-02-17,17.1091,17.1091,15.9884,16.0925,35140.916201327
2009-02-18,16.0098,16.434,15.8327,16.0857,22744.044692873
2009-02-19,16.5828,16.6869,16.1081,16.1081,30180.111732024
2009-02-20,15.7938,16.2481,15.645,15.9281,18177.966480556
2009-02-23,16.1966,16.2112,15.5711,15.5856,14757.00558668
2009-02-24,16.218,16.9622,16.0468,16.7774,27361.519553236
2009-02-25,16.398,16.6499,16.0176,16.3902,58926.256983593
2009-02-26,16.6207,16.6441,16.0098,16.0098,33825.162011375
2009-02-27,16.0565,16.755,16.0565,16.755,19312.804469389
2009-03-02,15.7345,15.8755,15.1022,15.1022,43490.815642718
2009-03-03,15.4076,15.8162,14.1721,15.3784,86052.379888783
2009-03-04,15.8016,16.3075,15.6683,16.1878,17988.82681575
2009-03-05,15.0885,15.2607,14.5681,14.9095,148542.48044782
2009-03-06,14.9981,15.0428,14.3813,14.642,59868.871508738
2009-03-09,14.4776,14.7597,14.285,14.3521,23055.508380026
2009-03-10,14.7393,15.5185,14.7393,15.3113,41907.798882932
2009-03-11,15.4679,15.5107,14.9397,15.1566,9560.8044693309
2009-03-12,14.9912,16.1295,14.8356,16.0925,40368.983240465
2009-03-13,15.9203,15.9427,15.4592,15.7121,14947.173184447
2009-03-16,15.9359,16.2481,15.608,15.608,16389.36312859
2009-03-17,15.6897,16.2695,15.682,16.2695,23906.636871651
2009-03-18,15.6216,16.5089,15.5107,16.2851,25755.88826831
2009-03-19,16.2783,17.1636,15.6392,15.9135,68248.581005995
2009-03-20,16.3902,16.6645,16.1966,16.3688,132665.02793375
2009-03-23,15.5925,17.7833,15.5925,17.7833,34338.100558865
2009-03-24,16.8134,17.7074,14.4776,17.1091,29004.156424754
2009-03-25,17.4603,17.8475,17.0964,17.2968,24040.268156568
2009-03-26,17.7833,17.9973,17.5264,17.9,234735.68715224
2009-03-27,17.6772,17.8037,17.506,17.6694,51139.664804775
2009-03-30,16.9992,17.1334,16.8134,17.0741,51210.592179077
2009-03-31,17.542,18.2347,17.542,17.9603,24571.709497354
2009-04-01,18.1597,19.1725,18.1597,19.0654,65680.804469666
2009-04-02,19.3729,20.0412,19.1501,19.6861,112882.45810123
2009-04-03,19.4176,19.8787,19.2299,19.8174,33799.463687353
2009-04-06,19.8787,19.9001,19.4264,19.8544,53087.597765681
2009-04-07,19.368,19.4896,19.1297,19.2376,26884.558659379
2009-04-08,19.5937,20.5276,19.5937,20.5276,59037.27374337
2009-04-09,20.9206,21.4654,20.9206,21.4489,119071.64245881
2009-04-13,21.2553,21.515,20.9576,21.4343,17542.703910719
2009-04-14,20.9576,20.9663,20.4449,20.4585,27168.268156587
2009-04-15,20.333,20.943,20.2805,20.9138,34280.536313054
2009-04-16,21.4265,21.8429,21.2922,21.7981,67219.620112134
2009-04-17,21.553,21.553,21.0315,21.2777,94130.905028496
2009-04-20,20.6687,20.6687,19.724,19.7386,62453.09497244
2009-04-21,19.9001,20.8311,19.9001,20.8311,51903.418994724
2009-04-22,20.6443,21.0617,20.5422,20.6307,30434.011173366
2009-04-23,20.7124,21.0179,20.5344,20.8107,113877.49720738
2009-04-24,21.2251,21.729,21.1055,21.4654,67238.12290543
2009-04-27,21.1259,21.4712,20.8467,21.2251,14203.977653716
2009-04-28,20.9041,21.4411,20.6015,21.0033,39000.804469507
2009-04-29,21.7456,22.8984,21.7456,22.6756,64981.810056254
2009-04-30,23.0852,23.1289,22.6231,22.6231,70935.597765787
2009-05-01,22.8235,23.2262,22.8021,23.1289,27295.731843739
2009-05-04,23.6154,24.5493,23.5181,24.5493,41284.871508627
2009-05-05,24.8051,25.0045,24.1864,24.8333,390417.16201351
2009-05-06,25.4054,25.9569,24.9082,25.7264,57359.687151181
2009-05-07,26.1739,26.2099,24.0463,24.0463,191450.4581017
2009-05-08,24.4763,25.0795,24.1417,24.4928,370595.53072847
2009-05-11,23.8975,24.2963,23.5998,23.7243,58488.357542249
2009-05-12,24.2594,25.0726,24.2594,24.8255,92063.731844126
2009-05-13,24.4763,24.4763,23.9831,24.0667,19866.860335314
2009-05-14,24.0804,24.916,24.0804,24.523,22666.949720806
2009-05-15,24.7672,25.2205,24.4851,24.6689,21315.217877222
2009-05-18,24.952,26.1895,24.952,26.1895,51684.469274052
2009-05-19,26.2926,26.6194,25.9501,26.1895,181590.52514075
2009-05-20,26.7099,27.4755,26.3976,26.3976,48214.167598054
2009-05-21,26.3801,27.1555,26.0241,26.4113,99314.770950314
2009-05-22,26.419,27.1243,26.419,26.6729,51643.351955616
2009-05-26,26.1282,27.1555,25.9424,26.7838,79277.273743491
2009-05-27,26.7838,26.8626,25.8451,26.0377,43013.854748861
2009-05-28,26.7838,26.7838,26.1214,26.5679,18803.977653744
2009-05-29,27.0504,27.2352,26.7381,27.1847,50573.273743319
2009-06-01,27.7654,28.4055,27.7654,28.2703,92642.458101113
2009-06-02,27.6905,28.784,27.1847,27.5631,185130.72625809
2009-06-03,26.6866,27.138,26.0912,26.3723,289026.99441514
2009-06-04,26.4696,26.8432,26.1895,26.6194,239055.06145394
2009-06-05,27.1321,27.1321,26.5611,26.7167,90665.743017302
2009-06-08,25.8966,26.0027,25.4735,25.8538,164909.22905127
2009-06-09,25.7264,25.9638,25.4949,25.7925,70735.150838412
2009-06-10,26.4113,26.4113,25.6165,25.921,60590.48044729
2009-06-11,26.2313,27.2002,25.2945,26.8189,55858.905028267
2009-06-12,26.7537,27.3637,26.6428,27.2615,123788.82681638
2009-06-15,27.0504,27.0504,26.3286,26.4113,89556.603352491
2009-06-16,26.6262,26.8782,26.0756,26.0844,33791.240223666
2009-06-17,26.313,26.7469,26.1515,26.4268,27321.430167761
2009-06-18,26.6126,27.602,26.6126,27.5543,38585.519553303
2009-06-19,27.6993,27.7353,27.1097,27.1097,48958.391061745
2009-06-22,26.813,26.813,26.2235,26.4842,53048.536313166
2009-06-23,26.0241,26.7167,24.8547,26.0241,67247.374302078
2009-06-24,26.5367,27.1759,26.4044,26.6194,128020.82681641
2009-06-25,27.2352,27.8481,27.2304,27.8394,23440.983240364
2009-06-26,27.8608,28.2275,27.6993,27.9269,54425.966480772
2009-06-29,28.1653,28.1954,27.8219,28.1273,54922.458100887
2009-06-30,28.5077,28.5379,27.4677,28.0018,84461.139665309
2009-07-01,28.3336,28.7402,28.3336,28.3462,103448.08938609
2009-07-02,28.4415,28.4415,27.9347,28.0485,97603.262570416
2009-07-06,27.3637,28.0485,27.3637,28.0184,61006.793296454
2009-07-07,28.1516,28.3092,27.6691,27.8394,225359.91061587
2009-07-08,27.8316,28.0923,27.1097,27.7732,64965.36312888
2009-07-09,27.9717,28.21,27.639,28.0699,73520.849162451
2009-07-10,27.602,27.7353,27.3111,27.6526,37935.865922015
2009-07-13,27.9269,28.6361,27.6215,28.4707,40298.055866163
2009-07-14,28.1361,28.1361,27.6458,27.9065,375263.37430392
2009-07-15,28.5914,29.7052,28.3987,29.5574,109052.37988892
2009-07-16,29.0642,29.7568,29.0642,29.6829,103509.76536375
2009-07-17,29.1498,29.3044,28.9338,29.1877,76058.815642913
2009-07-20,29.4027,30.1002,29.4027,29.8259,235308.24581146
2009-07-21,29.8619,30.1002,29.0894,29.714,263199.15083956
2009-07-22,29.6994,30.3609,29.6994,30.1459,113903.19553141
2009-07-23,30.3677,31.3727,30.3609,31.2092,233688.22346508
2009-07-24,31.2015,31.6178,30.8824,31.5079,457395.21787983
2009-07-27,31.8416,31.8416,31.3571,31.7978,412649.29609185
2009-07-28,31.5672,31.9924,31.254,31.7599,135815.64245891
2009-07-29,31.6558,31.8338,31.2841,31.5157,69029.810056279
2009-07-30,32.7337,33.7483,32.7337,33.3738,269899.21787871
2009-07-31,33.4497,33.8641,33.3076,33.4847,238606.88268299
2009-08-03,35.8827,35.8827,34.69,35.5325,281687.55307431
2009-08-04,35.2192,35.6872,35.0033,35.3009,187999.68715196
2009-08-05,34.9896,35.2037,34.0372,34.224,682868.2011214
2009-08-06,34.1102,34.3709,33.5975,33.8125,1800431.7765471
2009-08-07,34.6414,35.8078,34.6112,35.0577,195134.56983357
2009-08-10,34.9663,35.0188,34.3622,34.7824,119930.99441412
2009-08-11,33.9779,33.9779,33.1306,33.3378,262808.53631442
2009-08-12,33.4059,34.1024,33.3378,33.8047,83944.089385977
2009-08-13,34.834,35.1385,34.4449,34.9819,113377.92178839
2009-08-14,34.9235,34.9235,34.4079,34.617,74623.821229496
2009-08-17,33.5975,34.0732,30.5837,33.9108,363867.70949938
2009-08-18,34.0129,34.5733,33.8436,34.4993,78090.011173651
2009-08-19,34.5285,35.6959,34.5285,35.6064,321563.12849354
2009-08-20,35.6726,36.4907,35.6434,36.3399,229431.553074
2009-08-21,36.8935,37.198,36.6172,37.1007,206237.27374425
2009-08-24,37.3254,37.6075,36.7962,36.9528,398658.10056104
2009-08-25,37.3779,37.6902,37.1746,37.303,255034.27933113
2009-08-26,36.5432,36.5432,36.0442,36.2397,197954.18994532
2009-08-27,36.4537,38.1435,36.1483,37.0277,1120443.8435821
2009-08-28,37.339,37.339,36.4907,36.625,910899.70950265
2009-08-31,36.3963,36.3963,35.621,36.016,497231.73184655
2009-09-01,35.6726,36.1434,34.7289,34.8457,532387.03910933
2009-09-02,34.5645,35.0996,34.262,34.9235,274390.25698488
2009-09-03,35.2416,35.6794,35.0256,35.4867,328285.81005783
2009-09-04,35.0996,35.5607,34.5947,35.3457,260497.74301832
2009-09-08,35.4488,35.4488,34.7523,35.0947,322837.76536506
2009-09-09,34.7591,34.87,34.4517,34.69,579988.55866269
2009-09-10,34.653,35.2037,34.298,35.2037,488428.5139694
2009-09-11,35.7397,36.1356,35.7397,36.0753,260377.47486189
2009-09-14,35.7105,36.3574,35.6064,36.3574,589553.47486386
2009-09-15,35.9479,36.3574,35.5461,36.1356,870897.69832923
2009-09-16,36.6473,36.9606,36.0666,36.9402,249098.9944149
2009-09-17,36.6862,36.9898,36.3496,36.6172,158419.8882691
2009-09-18,36.7748,36.9022,36.5053,36.8361,354327.46368927
2009-09-21,36.3496,36.551,35.9109,36.4109,218350.4357555
2009-09-22,36.8117,37.1328,36.804,37.0413,100149.45251457
2009-09-23,36.8487,37.4285,36.4907,36.7446,234442.72625838
2009-09-24,37.0559,37.5705,36.551,36.8935,373731.75419218
2009-09-25,37.0277,37.1746,36.6172,36.8866,96023.329609513
2009-09-28,36.9684,37.4285,36.8117,37.303,132457.38547565
2009-09-29,37.2952,37.6445,37.198,37.3254,156205.72067132
2009-09-30,38.0608,38.2603,36.982,37.4081,289456.67039279
2009-10-01,37.125,37.125,36.1191,36.2251,493011.03910909
2009-10-02,35.7397,36.6036,35.6492,36.3039,694588.69274158
2009-10-05,37.0053,37.7709,36.9226,37.5472,131121.07262648
2009-10-06,38.6484,39.2059,38.5609,38.9841,433613.98882941
2009-10-07,38.5249,38.7389,38.1727,38.7068,289830.83799056
2009-10-08,39.2817,39.8333,39.1689,39.6466,239488.84916344
2009-10-09,39.5804,39.8333,39.2584,39.6106,658043.62011567
2009-10-12,40.026,40.4735,40.0026,40.1826,252888.98324174
2009-10-13,39.9958,40.1077,39.5415,39.9151,522502.43575731
2009-10-14,40.6593,41.3568,40.6204,41.1953,322186.05586785
2009-10-15,40.8276,41.1719,40.5902,41.0883,476959.86592464
2009-10-16,39.7341,39.8333,39.3995,39.7341,130654.39106223
2009-10-19,39.9822,40.599,39.8022,40.5542,235358.61452655
2009-10-20,40.7021,40.813,40.026,40.4063,212358.61452641
2009-10-21,40.0483,40.9034,39.988,39.988,274710.97206868
2009-10-22,40.131,40.7838,39.8333,40.7264,196932.42458218
2009-10-23,40.6816,40.9034,39.846,40.0396,268097.25139825
2009-10-26,40.0921,40.4355,38.8936,39.1164,354802.3687172
2009-10-27,39.1767,39.2672,38.3216,38.6698,325586.45810251
2009-10-28,38.0667,38.0667,36.3963,36.4839,736131.5754234
2009-10-29,37.2135,38.342,37.2048,38.3362,450269.58659487
2009-10-30,37.6523,38.0531,35.1531,35.6648,723108.69274175
2009-11-02,35.6794,36.7008,35.5403,35.9401,496389.85475157
2009-11-03,35.3175,35.8671,35.19,35.7183,456139.08380161
2009-11-04,36.2689,36.9684,36.1434,36.2086,293974.43575595
2009-11-05,36.6921,37.0413,36.4246,36.9304,224777.07262704
2009-11-06,36.9304,36.9761,36.4537,36.8195,209077.45251522
2009-11-09,37.5102,38.0891,37.339,38.0891,652596.60335586
2009-11-10,37.7855,38.2982,37.517,37.9509,341999.4636892
2009-11-11,38.5881,38.9101,38.233,38.4938,247754.45810204
2009-11-12,38.4247,38.5959,37.5919,37.7709,216421.00558789
2009-11-13,37.8838,38.3293,37.6075,38.2982,187052.96089497
2009-11-16,38.2554,38.5735,37.9869,38.4179,287253.81005758
2009-11-17,37.198,37.3118,36.6726,37.303,346211.93296296
2009-11-18,36.4246,36.7748,36.0821,36.2913,604874.81564607
2009-11-19,35.9109,36.1356,35.5033,35.9479,765352.6257029
2009-11-20,35.011,35.19,34.5947,35.19,393704.49162247
2009-11-23,35.3009,35.5694,35.1151,35.228,319967.77653823
2009-11-24,35.2552,35.3613,34.8398,35.3243,229992.80447065
2009-11-25,35.3009,35.5918,34.9896,35.4566,190185.07262684
2009-11-27,33.5839,34.2746,32.8484,33.9244,832423.1955357
2009-11-30,33.9944,34.2454,33.7104,34.2065,333780.11173384
2009-12-01,35.049,35.6794,34.8622,35.3904,184278.5698335
2009-12-02,36.4537,37.0121,36.2465,36.6785,219629.18435885
2009-12-03,38.4558,38.879,37.8682,37.8682,314568.04469462
2009-12-04,38.7165,39.2,37.9509,38.448,193660.51396764
2009-12-07,38.5006,38.8352,38.3507,38.3965,138287.82122988
2009-12-08,37.9587,38.0453,37.5705,37.8614,178394.68156531
2009-12-09,37.7778,37.9801,37.3468,37.8916,418663.73184608
2009-12-10,38.2253,38.342,37.8079,38.2253,209189.49720795
2009-12-11,37.3468,38.0978,37.3468,37.875,95395.262570403
2009-12-14,38.4402,38.7545,38.2982,38.5881,117390.97206774
2009-12-15,38.3128,38.6698,38.1863,38.5249,103860.29050341
2009-12-16,38.8274,39.0755,38.6027,38.6844,141672.80447012
2009-12-17,38.2184,38.2184,37.7194,37.9509,467672.49162291
2009-12-18,38.0365,38.2603,37.556,38.1503,143150.97206789
2009-12-21,38.4111,39.0074,38.4111,38.6844,99103.016760369
2009-12-22,38.7768,38.8547,38.5609,38.7233,113708.9162018
2009-12-23,38.8712,38.9471,38.5317,38.9101,148254.65921876
2009-12-24,39.1767,39.1913,38.8936,39.1835,54214.212290827
2009-12-28,39.4763,39.5648,39.1096,39.3197,132057.51955386
2009-12-29,39.7565,39.7944,39.3635,39.4209,116533.67597835
2009-12-30,39.3275,39.453,39.1835,39.4209,210424.044694
2009-12-31,40.8062,40.9103,40.0999,40.0999,235194.1452528
2010-01-04,41.1865,41.8471,40.9852,41.7381,277120.44692903
2010-01-05,42.2576,42.4045,41.8695,42.2576,266560.49162171
2010-01-06,42.5096,42.9795,42.3325,42.7119,453905.38547757
2010-01-07,43.068,43.5135,42.7625,43.4844,352320.93854959
2010-01-08,43.3968,43.604,43.1497,43.5233,392999.32961129
2010-01-11,43.6176,43.6176,42.7197,43.1283,337717.09497409
2010-01-12,42.7479,42.8228,42.279,42.6302,668259.21788109
2010-01-13,43.4775,43.8501,43.3375,43.7003,266508.0670407
2010-01-14,43.3375,43.5077,43.03,43.4552,382613.09497435
2010-01-15,43.0621,43.2927,42.5553,42.8676,160627.88826912
2010-01-19,43.425,44.0282,43.0553,44.0204,252817.02793447
2010-01-20,43.997,43.997,43.247,43.8132,646922.41341169
2010-01-21,43.4921,43.5466,42.4279,42.4502,254080.35754342
2010-01-22,41.6399,42.0514,41.0212,41.1428,339975.46368918
2010-01-25,41.8996,42.1915,41.6837,42.0202,144451.30726343
2010-01-26,41.7216,42.4434,41.1719,41.9891,340096.75977857
2010-01-27,41.9813,42.0115,41.3344,41.7576,207631.15083923
2010-01-28,42.4279,42.5553,41.6914,42.0115,509812.603355
2010-01-29,42.2284,42.3627,41.1428,41.4161,288059.70949893
2010-02-01,42.7333,43.5301,42.6886,43.5233,225917.05028068
2010-02-02,43.0378,43.4094,42.5923,43.21,357832.71508594
2010-02-03,42.9882,43.0913,42.495,42.7197,209953.2513979
2010-02-04,41.8617,41.8617,40.1077,40.1884,357720.6703932
2010-02-05,39.1319,39.3635,36.9304,38.4179,1872691.3519665
2010-02-08,38.0297,38.0297,37.1396,37.2359,799290.86033997
2010-02-09,38.3819,39.2672,38.0667,38.7165,1008897.6983301
2010-02-10,38.6183,38.8352,38.2029,38.6027,396794.45810293
2010-02-11,38.4558,39.594,38.4558,39.4841,302414.7932979
2010-02-12,38.5609,39.1232,38.306,38.8936,119903.24022418
2010-02-16,39.5502,40.0561,39.2886,39.9656,259174.79329764
2010-02-17,40.5698,40.739,40.3752,40.739,253001.02793447
2010-02-18,39.6825,40.3305,39.5415,40.1077,462709.63128768
2010-02-19,39.9433,40.8217,39.9433,40.6135,207431.73184482
2010-02-22,40.31,40.4793,39.489,39.6981,226262.43575554
2010-02-23,38.9918,39.1096,37.5997,37.8527,805859.35196012
2010-02-24,36.1784,37.1454,35.7475,36.9402,548310.74860663
2010-02-25,35.7698,36.6921,35.4264,36.6921,533051.08380207
2010-02-26,36.4537,37.1902,36.2086,37.0559,239142.43575562
2010-03-01,37.2651,38.1815,37.2651,38.0365,320581.45251588
2010-03-02,38.3673,38.664,38.2029,38.2768,198666.54748722
2010-03-03,38.5161,38.7768,38.1863,38.3585,404168.84916443
2010-03-04,38.2253,38.269,37.7778,37.9801,177281.43016866
2010-03-05,38.5161,39.3411,38.5161,39.2059,193570.05586708
2010-03-08,39.772,39.9656,39.5191,39.9209,259834.72625854
2010-03-09,39.2059,39.8849,39.0667,39.7273,203584.17877217
2010-03-10,39.1689,39.5035,39.0376,39.2886,174453.58659322
2010-03-11,39.1319,39.236,38.8138,39.2059,430127.24022604
2010-03-12,39.1767,39.2954,38.8352,38.9393,111481.38547553
2010-03-15,38.9704,39.273,38.6932,39.2302,100995.44134139
2010-03-16,39.4296,40.2108,39.3343,40.1884,139761.87709581
2010-03-17,40.919,41.2673,40.6515,41.0299,283548.11173354
2010-03-18,40.4433,40.4793,39.8557,40.0026,302453.85475041
2010-03-19,39.9656,40.0114,39.5191,39.8849,137508.64804551
2010-03-22,39.3576,40.1378,39.1319,39.9491,108113.87709562
2010-03-23,40.062,40.5085,40.062,40.5085,192074.41340897
2010-03-24,40.4949,40.8947,40.4122,40.5163,125662.7486041
2010-03-25,41.2605,42.4746,41.2605,41.7761,344520.98324228
2010-03-26,42.3102,42.3102,41.6321,41.9366,115799.73184427
2010-03-29,42.1457,42.4279,41.9959,42.4279,254369.20670543
2010-03-30,42.4794,42.5407,42.0874,42.3909,119638.03352027
2010-03-31,42.8831,43.0009,42.4133,42.639,120166.39106217
2010-04-01,43.1721,43.6322,43.1721,43.5612,153506.368716
2010-04-05,44.6021,45.2345,44.4367,45.1586,753372.06704361
2010-04-06,44.6994,44.9134,44.3784,44.5029,974514.36872091
2010-04-07,45.0487,45.4047,44.7558,45.0311,568382.16760116
2010-04-08,44.8171,45.5526,44.4513,45.3677,332606.21229249
2010-04-09,45.9038,46.2598,45.8075,46.1937,297061.31843753
2010-04-12,46.0079,46.0312,45.7471,45.8415,447552.75977921
2010-04-13,45.4203,45.7471,44.9952,45.5973,241325.76536457
2010-04-14,46.2083,47.0712,45.7617,47.041,324501.98882876
2010-04-15,46.5439,46.7589,46.253,46.5507,159162.05586687
2010-04-16,46.1343,46.3425,44.6751,45.1887,216380.91620241
2010-04-19,44.6751,45.5234,44.6751,45.5234,278769.25139831
2010-04-20,46.0079,46.4456,45.7773,46.3921,506938.50279633
2010-04-21,45.9485,46.0361,45.3823,45.718,521827.083802
2010-04-22,45.6431,46.0983,45.181,46.0983,321408.93854941
2010-04-23,46.1042,46.6528,45.8289,46.611,134432.04469354
2010-04-26,46.7219,46.825,46.4456,46.469,198824.8491632
2010-04-27,45.5156,45.7384,44.0787,44.1031,260618.01117474
2010-04-28,44.6907,45.2705,44.5175,45.0613,166296.93854848
2010-04-29,45.4942,46.3289,45.4942,46.074,128518.34636948
2010-04-30,46.11,46.3707,45.3911,45.6654,124451.84357616
2010-05-03,45.9184,46.1343,45.3006,45.7005,215592.4916214
2010-05-04,44.0505,44.357,43.2266,43.7227,327316.4692757
2010-05-05,42.7032,43.3589,42.0426,42.675,581168.6257018
2010-05-06,42.0514,42.3705,33.0333,39.9014,790052.82682037
2010-05-07,39.5726,39.81,37.9743,38.9996,1520641.7877186
2010-05-10,42.9921,43.1497,42.3705,42.926,446121.87709764
2010-05-11,42.0708,43.2635,42.0708,42.5251,564946.81564584
2010-05-12,42.8968,44.214,42.89,44.176,438698.14525402
2010-05-13,43.8355,44.2276,43.3073,43.3073,371619.35195753
2010-05-14,42.601,42.8092,40.9628,41.2673,1041538.6815705
2010-05-17,41.7761,42.0942,40.8353,42.0115,169320.08938649
2010-05-18,42.4434,42.9133,40.9793,41.097,224559.15083933
2010-05-19,40.4657,40.9978,39.846,40.6281,529682.5474892
2010-05-20,39.988,40.3382,38.9237,39.38,408475.8882706
2010-05-21,38.7457,40.3227,38.6844,40.131,885206.52514496
2010-05-24,40.0863,40.3227,39.5502,39.5502,241446.033521
2010-05-25,37.6523,38.8936,37.2651,38.8634,340981.8100579
2010-05-26,39.3411,39.9491,38.5813,38.6183,475486.83799167
2010-05-27,40.1884,41.1272,39.9744,40.9248,598315.57542257
2010-05-28,40.7614,40.9307,40.1077,40.1748,141515.5307271
2010-06-01,39.6037,40.2799,38.9617,38.9617,99348.692738024
2010-06-02,40.1242,41.1788,39.988,41.0805,136694.52514048
2010-06-03,41.1865,41.2673,40.0785,40.6593,113842.54748671
2010-06-04,39.846,39.846,38.4636,38.6484,290142.30167771
2010-06-07,39.2672,39.4296,38.3216,38.3216,122476.15642531
2010-06-08,38.7165,39.4598,38.3731,39.4209,129712.80447005
2010-06-09,39.7127,39.9822,38.7768,39.0132,177869.40782229
2010-06-10,39.9433,40.8431,39.846,40.7108,222182.56983373
2010-06-11,40.31,41.0143,40.1446,40.9929,97410.011173767
2010-06-14,41.3947,41.6399,40.7614,40.7896,221985.20670524
2010-06-15,41.3286,42.5923,41.3286,42.5923,169425.96648146
2010-06-16,42.0202,42.5553,41.7459,42.3461,617717.81005956
2010-06-17,42.6973,42.9415,42.2226,42.8831,228904.22346506
2010-06-18,42.6146,42.926,42.353,42.817,124754.05586667
2010-06-21,43.1351,43.247,42.3384,42.5757,242521.2513981
2010-06-22,42.4366,42.8452,41.8928,42.0708,167917.98882782
2010-06-23,41.3286,41.5737,40.3519,41.0805,260126.65921943
2010-06-24,40.3752,41.097,40.2108,40.3441,222334.70391194
2010-06-25,40.5085,41.2527,40.4063,41.0669,57523.128491964
2010-06-28,41.2605,41.6613,40.919,41.1788,92525.27374357
2010-06-29,40.2478,40.3022,39.3926,39.7341,175811.48603457
2010-06-30,39.7954,40.4102,39.3343,39.381,124404.55865996
2010-07-01,39.3995,39.8022,39.0308,39.7127,350680.357544
2010-07-02,40.5328,40.9103,40.1826,40.524,155256.93854841
2010-07-06,41.8393,42.028,41.1107,41.5056,237608.75977796
2010-07-07,41.5805,42.5757,41.5805,42.5407,426285.85475115
2010-07-08,42.459,42.7411,42.0514,42.5553,421876.02234889
2010-07-09,42.0942,42.6584,41.8471,42.6467,123836.11173258
2010-07-12,42.4045,42.5553,42.0514,42.4668,177651.48603458
2010-07-13,43.3229,43.7383,43.0009,43.5748,151758.88268247
2010-07-14,43.4649,43.7227,43.1283,43.6254,140745.60893939
2010-07-15,43.6634,43.6848,42.8754,43.4921,214463.82123033
2010-07-16,43.6254,43.6254,42.5465,42.6516,120801.65363201
2010-07-19,43.3657,43.8355,43.1439,43.5534,95533.005587163
2010-07-20,43.2635,44.5642,43.1497,44.4805,283225.34078382
2010-07-21,44.6226,44.7646,43.8657,44.1177,244762.14525286
2010-07-22,45.1722,45.7248,44.9446,45.3911,179612.78212398
2010-07-23,44.8453,45.3006,44.357,45.2121,203566.70391183
2010-07-26,44.9504,45.6353,44.8093,45.5604,231481.25139803
2010-07-27,46.0983,46.3785,45.679,46.1402,434403.44134338
2010-07-28,45.9933,46.1548,45.5886,45.8152,277571.70949887
2010-07-29,46.4388,46.4982,45.5672,45.9485,215066.18994542
2010-07-30,45.7773,46.0818,45.0992,45.9699,229988.69273881
2010-08-02,46.5205,47.0274,46.3707,46.9437,203689.02793418
2010-08-03,46.4087,46.7268,46.0137,46.6606,1575647.5083893
2010-08-04,46.4826,46.5711,45.8512,46.469,1062190.8826879
2010-08-05,45.574,45.932,45.2422,45.932,595368.49162367
2010-08-06,45.7851,46.4155,45.6139,46.3503,529389.58659534
2010-08-09,46.7881,46.7881,46.291,46.3873,585222.79329959
2010-08-10,45.7549,46.0137,45.144,45.5156,936835.48603912
2010-08-11,43.9678,44.2422,43.6488,43.8929,593369.16201472
2010-08-12,43.7003,44.3949,43.7003,44.1342,835758.83799382
2010-08-13,44.4445,44.5846,44.1342,44.2889,164654.30167696
2010-08-16,44.4513,45.1294,44.4513,44.8239,251820.96089536
2010-08-17,45.502,46.1402,45.502,45.9407,312555.35195718
2010-08-18,45.9933,46.1042,45.4115,45.859,233860.91620252
2010-08-19,45.539,45.539,44.357,44.8239,175283.12849267
2010-08-20,44.4669,44.9134,44.4095,44.8833,137438.74860417
2010-08-23,44.6605,44.8376,44.0282,44.1177,256185.56424734
2010-08-24,43.5826,44.3949,43.2334,43.961,259903.59776692
2010-08-25,43.9523,44.429,43.1653,44.2509,153107.53072717
2010-08-26,44.5029,44.9504,44.1254,44.2344,544142.48045018
2010-08-27,44.6829,45.5322,44.5175,45.3677,136268.96089467
2010-08-30,45.2422,45.3298,44.5564,44.714,241627.97765508
2010-08-31,44.6693,45.5322,44.6449,44.9806,326623.64246005
2010-09-01,45.8221,46.3289,45.4427,46.1343,289610.86033693
2010-09-02,46.11,46.5624,46.0137,46.5351,220172.96089517
2010-09-03,46.8999,47.1159,46.5799,46.9515,375819.48603577
2010-09-07,46.4213,46.4213,46.0361,46.0448,205589.67597888
2010-09-08,46.0896,46.6606,46.0896,46.253,323981.85475054
2010-09-09,47.1013,47.3027,46.4982,46.6606,462343.6871536
2010-09-10,46.9301,47.2249,46.7803,46.9885,486997.63128783
2010-09-13,47.7317,48.0975,47.5702,48.0596,404962.41341024
2010-09-14,47.9866,48.5742,47.6587,48.186,603437.76536674
2010-09-15,48.4321,49.0791,48.009,49.0207,300949.98882861
2010-09-16,48.8047,49.2425,48.4176,49.1034,317821.45251587
2010-09-17,49.1122,49.1851,48.7357,49.0655,369486.39106366
2010-09-20,49.1034,50.0684,48.9156,49.8359,447455.10614793
2010-09-21,49.7941,49.9945,49.2571,49.7562,286294.74860506
2010-09-22,50.2241,50.4469,49.6083,49.9634,259975.55307418
2010-09-23,49.37,49.8661,49.1034,49.4663,446076.64804736
2010-09-24,49.9498,50.2474,49.4069,50.1881,215005.54190073
2010-09-27,50.3,50.8195,50.263,50.584,344680.31285122
2010-09-28,50.9994,52.0783,50.8739,51.9655,346926.34637079
2010-09-29,51.8263,52.2787,51.6104,52.1367,335336.40223664
2010-09-30,52.1581,52.5384,51.5569,52.1007,302469.27374483
2010-10-01,51.6541,52.0783,51.5948,51.9898,525142.1676009
2010-10-04,51.8701,52.0841,51.3574,51.6765,528966.07821545
2010-10-05,52.517,53.9014,52.4275,53.7973,820579.35196021
2010-10-06,53.9471,54.6378,53.9228,54.4812,678649.56424987
2010-10-07,54.5862,54.6524,53.3595,53.7516,439498.90503056
2010-10-08,54.3917,55.4997,54.1242,55.3879,333226.05586791
2010-10-11,55.6262,56.4307,55.6262,56.1379,559919.19553407
2010-10-12,56.2887,57.1681,56.1379,57.0203,638511.8659256
2010-10-13,57.2849,57.7236,57.1068,57.5242,555714.94972399
2010-10-14,57.1068,57.1136,56.2216,56.6146,413516.87151085
2010-10-15,57.3228,57.7606,56.8169,57.314,405363.30726499
2010-10-18,57.3676,57.7606,57.0932,57.5689,429073.60894111
2010-10-19,56.3714,56.3714,55.06,55.3207,994461.40782717
2010-10-20,55.4715,56.4589,55.4715,56.2517,413419.21787957
2010-10-21,56.4512,57.2849,55.9015,56.4512,279185.56424748
2010-10-22,56.7362,57.3676,56.7265,57.2926,275390.43575584
2010-10-25,58.0437,58.0437,57.0932,57.3384,397921.07262808
2010-10-26,57.1136,57.2498,56.8393,57.1681,289150.34637044
2010-10-27,55.277,55.3723,54.2205,55.1495,886779.26257513
2010-10-28,55.6875,55.7001,54.7477,55.1194,367441.83240443
2010-10-29,55.1174,55.2166,54.8781,55.0444,280958.74860503
2010-11-01,55.6875,55.777,55.0688,55.4472,767105.25140123
2010-11-02,56.0358,56.1544,55.4472,55.9317,291811.66480621
2010-11-03,55.7945,56.5815,55.4414,56.5737,339407.01676181
2010-11-04,58.0437,58.6021,57.6127,58.5933,553525.45251728
2010-11-05,58.5408,58.5563,58.0748,58.4328,351752.49162221
2010-11-08,57.9999,58.2742,57.5689,58.2305,250760.13407971
2010-11-09,58.388,58.7723,57.6506,57.853,270359.73184519
2010-11-10,57.8365,58.1585,56.8393,57.5086,667064.75978052
2010-11-11,56.5192,56.8092,56.0358,56.5436,908963.08380432
2010-11-12,55.8626,55.9103,54.9783,55.3295,1102182.6145317
2010-11-15,55.8801,56.2955,55.6476,55.7001,251164.11173335
2010-11-16,55.3295,55.3295,53.2758,53.4082,1273006.56984
2010-11-17,54.0288,54.4471,53.6981,53.7973,707696.89385898
2010-11-18,54.9423,55.5231,54.9423,55.2244,208451.44134203
2010-11-19,55.06,55.455,54.6903,55.2993,289527.59776709
2010-11-22,54.4471,54.6826,53.2019,53.8566,519469.0055897
2010-11-23,52.1221,52.1522,50.8739,51.0568,1669307.6201217
2010-11-24,52.1736,52.6503,51.982,52.3147,525100.02234951
2010-11-26,50.9401,51.1113,50.5451,50.657,272632.49162174
2010-11-29,49.0295,49.3612,48.2755,49.332,1204933.7653703
2010-11-30,48.6695,49.9206,48.5285,49.7999,708301.31843999
2010-12-01,50.8506,51.5569,50.5383,51.3487,1362669.0502875
2010-12-02,51.1707,52.3818,51.0082,52.338,581114.14525487
2010-12-03,52.1581,52.5822,52.0102,52.5657,283013.58659387
2010-12-06,52.4499,52.7029,52.0929,52.6805,435129.16201377
2010-12-07,53.1328,53.5132,52.2787,52.3915,495762.81564542
2010-12-08,52.5258,52.733,52.0841,52.5034,348487.7765384
2010-12-09,51.4537,51.4674,50.1074,50.4099,762168.08939003
2010-12-10,49.8447,50.0169,49.3982,49.8904,506932.33519856
2010-12-13,50.9839,51.088,50.5908,50.6414,380080.2681587
2010-12-14,50.5986,50.8428,50.4187,50.5753,324087.73184551
2010-12-15,49.7562,50.0393,49.1997,49.4128,248799.86592328
2010-12-16,49.3904,49.3904,48.6695,49.1627,311999.24022533
2010-12-17,47.7988,47.8523,47.3309,47.8358,625068.55866295
2010-12-20,47.3309,47.4506,46.7735,47.1393,585773.76536663
2010-12-21,47.6072,47.9117,47.4447,47.5916,682735.59776944
2010-12-22,48.2697,48.5829,48.0236,48.5372,572688.17877437
2010-12-23,48.4117,49.0207,48.4117,48.9974,308659.48603536
2010-12-27,48.3796,49.1394,48.2473,49.1316,364869.94413626
2010-12-28,48.8485,48.8485,48.4117,48.7454,193322.3240235
2010-12-29,48.7931,49.1958,48.5888,49.1413,179334.21229157
2010-12-30,49.2532,49.3894,49.1053,49.3602,217921.7877108
2010-12-31,49.3437,49.3437,48.8213,49.26,129955.39664882
2011-01-03,49.5412,49.727,49.1773,49.6132,448378.18994681
2011-01-04,50.5753,50.6268,49.9634,50.4566,898763.93296627
2011-01-05,50.4187,51.4674,50.2698,51.408,797311.06145728
2011-01-06,51.3779,51.408,50.584,50.8282,881990.1229103
2011-01-07,50.2844,50.5013,49.3612,49.69,810468.6033568
2011-01-10,49.2065,49.2065,48.5956,49.0791,871063.19553593
2011-01-11,49.2805,49.2873,48.5148,48.902,409071.06145496
2011-01-12,49.3845,49.9284,49.2425,49.9206,440208.17877358
2011-01-13,50.4245,50.7241,50.3739,50.4624,417024.17877344
2011-01-14,49.9118,50.1424,49.7941,49.9585,240258.77095116
2011-01-18,49.7795,49.9118,49.2425,49.4069,306511.10614708
2011-01-19,49.4663,49.5188,48.4321,48.6189,260814.34637027
2011-01-20,47.5313,47.5313,46.8776,47.3465,391007.19553306
2011-01-21,47.6889,47.9866,47.4146,47.6072,312740.37989014
2011-01-24,47.4369,47.72,47.1539,47.5478,528440.80447243
2011-01-25,47.5167,47.5167,46.8688,47.077,445246.07821495
2011-01-26,47.1967,47.615,47.0031,47.472,282248.80447096
2011-01-27,47.4652,47.4652,46.291,46.4213,492473.43017054
2011-01-28,44.8453,44.9504,43.0009,43.1653,1062706.9050343
2011-01-31,44.2188,44.6683,44.1799,44.6284,713196.33519979
2011-02-01,45.4942,46.6684,45.4845,46.469,664815.64246208
2011-02-02,46.4982,46.9515,46.3921,46.4826,481810.68156713
2011-02-03,45.9252,46.0604,44.751,44.9952,3125431.1955494
2011-02-04,45.7773,46.4301,45.7384,46.3192,1717512.5363231
2011-02-07,46.3785,46.7268,46.2987,46.3921,799400.84916679
2011-02-08,46.9068,47.0332,46.7881,46.9787,450574.88268426
2011-02-09,47.1013,47.1539,46.1645,46.3503,662567.55307659
2011-02-10,46.1246,46.1246,45.718,45.895,852681.69832912
2011-02-11,45.5672,46.611,45.5467,46.5565,612802.23464054
2011-02-14,46.1771,46.1771,45.6518,45.7092,445691.17318702
2011-02-15,46.1343,46.4009,45.859,45.932,285291.48603523
2011-02-16,46.4982,46.9437,46.4602,46.8562,314426.18994601
2011-02-18,47.4652,47.7395,47.3309,47.577,186456.75977765
2011-02-22,45.932,46.4009,45.36,45.4339,455712.49162284
2011-02-23,44.8376,45.144,44.0505,44.3862,707650.63687574
2011-02-24,43.5077,43.5826,42.7032,43.1283,1818003.2625807
2011-02-25,43.8579,44.0408,43.5301,43.7305,342620.33519758
2011-02-28,43.3306,43.7227,43.1478,43.7169,429248.35754447
2011-03-01,42.5631,42.6146,41.207,41.348,484550.12290792
2011-03-02,41.6837,41.9366,41.1574,41.3402,532565.89944452
2011-03-03,42.6088,43.388,42.5037,43.1059,519723.932964
2011-03-04,43.2635,43.4717,42.8005,43.3297,494437.81005882
2011-03-07,42.4133,42.8296,41.9531,42.1837,477602.3240252
2011-03-08,43.1497,44.1109,42.7791,43.9289,758087.19553526
2011-03-09,44.4669,44.8833,44.2276,44.8453,391416.3128515
2011-03-10,45.4115,45.4115,44.6021,44.6605,565196.60335533
2011-03-11,44.8453,45.9252,44.7792,45.7384,478567.55307549
2011-03-14,45.8814,46.5925,45.7929,46.4758,812491.57542385
2011-03-15,44.6391,46.6392,44.6391,46.3192,621929.25140037
2011-03-16,45.8892,46.3921,44.0661,44.5788,492138.32402529
2011-03-17,45.4786,45.6353,44.8093,44.8093,313506.18994601
2011-03-18,45.7005,45.9835,45.4582,45.4582,304363.75419176
2011-03-21,46.1849,46.2083,45.8512,45.9485,114353.43016828
2011-03-22,46.4155,46.9603,46.4155,46.7735,228990.56983377
2011-03-23,46.11,46.7803,45.9758,46.6742,431990.88268415
2011-03-24,46.6528,47.3144,46.4982,47.1451,196698.0558671
2011-03-25,46.6684,47.1013,46.5799,46.6976,281713.25139833
2011-03-28,46.8863,47.0935,46.4904,46.4904,152960.53631376
2011-03-29,46.291,47.0566,46.0818,47.0099,548404.29050607
2011-03-30,46.7949,47.577,46.7132,47.5031,369961.2960916
2011-03-31,47.3163,47.7054,47.1801,47.4914,363303.37430385
2011-04-01,48.3125,49.116,48.0975,48.9536,658011.75419388
2011-04-04,49.9352,50.6648,49.8534,50.6337,522249.56424893
2011-04-05,50.6648,50.9537,50.2776,50.7912,578917.45251743
2011-04-06,51.7067,51.8565,51.3934,51.3934,543873.16201442
2011-04-07,52.0783,52.6279,51.6853,51.9295,646691.12849549
2011-04-08,51.9586,52.0102,50.8866,51.0812,432042.27933219
2011-04-11,51.088,51.3049,50.6142,50.6706,573054.12290845
2011-04-12,51.1181,51.5189,50.3973,50.8798,822555.03911106
2011-04-13,51.5355,51.5569,50.7912,51.2135,488146.86033811
2011-04-14,51.0568,51.6318,50.7767,51.3185,670989.40782524
2011-04-15,51.4469,52.0326,51.2222,51.8847,318413.54190134
2011-04-18,50.0684,50.4245,49.1034,49.7425,684313.47486443
2011-04-19,50.3583,50.9469,50.3301,50.8798,358637.58659432
2011-04-20,51.5812,51.7271,51.2592,51.4246,360709.8994435
2011-04-21,51.7738,51.9655,51.4674,51.8166,326512.62570028
2011-04-25,51.7417,51.8565,51.5121,51.7368,190690.8156436
2011-04-26,51.5277,51.8419,51.3049,51.7008,525546.14525454
2011-04-27,51.1113,51.4965,50.6414,51.3779,584492.96089735
2011-04-28,51.2961,51.6541,51.2378,51.5569,317238.61452704
2011-04-29,51.7913,52.5637,51.7913,52.5637,472558.25698607
2011-05-02,52.4723,52.5657,52.0102,52.0326,235466.54748744
2011-05-03,51.9061,52.517,51.7125,52.1445,395812.78212527
2011-05-04,52.1221,52.1221,51.2135,51.2533,523017.43017072
2011-05-05,51.3866,51.586,50.7017,50.8428,267409.56424741
2011-05-06,51.266,51.3934,49.6219,49.7698,561752.00000336
2011-05-09,50.1356,50.4401,49.8534,50.263,408618.77095216
2011-05-10,49.2639,49.4595,48.7892,49.4458,579464.31285263
2011-05-11,48.0975,48.0975,46.8688,46.9885,623314.90503166
2011-05-12,47.5235,48.8485,47.5235,48.4545,564468.82681902
2011-05-13,47.1967,47.5313,45.8289,46.11,362914.81564463
2011-05-16,46.1849,47.3027,46.1548,46.7268,272344.67039269
2011-05-17,46.683,47.1821,46.3357,46.864,1008608.849168
2011-05-18,46.2452,46.8484,46.0312,46.7589,506449.20670694
2011-05-19,46.7647,46.7881,46.2987,46.4982,246282.45810203
2011-05-20,45.5672,45.9038,45.144,45.5973,269225.92178932
2011-05-23,44.966,45.321,44.787,45.0749,450585.16201387
2011-05-24,45.6187,46.0526,45.6051,45.7384,436942.4357568
2011-05-25,45.3911,45.7471,45.181,45.6187,190256.00000114
2011-05-26,45.7005,45.7773,45.1887,45.5973,350423.37430377
2011-05-27,44.6226,44.7062,44.1634,44.4757,323364.06704104
2011-05-31,45.4786,45.7433,45.3113,45.7433,476115.93296374
2011-06-01,45.7929,45.895,45.1158,45.2277,284599.68715254
2011-06-02,45.895,46.1402,45.36,46.0312,302241.07262751
2011-06-03,45.4582,46.2384,45.4115,45.9621,560015.8212324
2011-06-06,46.146,46.2598,45.5973,45.6576,127342.39106221
2011-06-07,46.7501,47.0896,46.5585,46.5585,229697.78771087
2011-06-08,46.6577,46.8027,46.3055,46.3581,305142.92737613
2011-06-09,46.5838,46.825,46.4554,46.7433,207318.65921912
2011-06-10,46.5653,46.72,46.0633,46.1421,340561.3854769
2011-06-13,46.8027,46.9155,45.9407,46.2384,272208.98324185
2011-06-14,45.6713,45.7471,45.0837,45.502,421877.05028185
2011-06-15,43.9377,44.2509,43.425,43.7081,495792.62570129
2011-06-16,43.1254,43.89,43.0719,43.5875,392437.05028168
2011-06-17,44.4484,44.6167,44.1692,44.4854,504109.63128793
2011-06-20,43.8657,44.1692,43.6254,44.1109,257243.30726411
2011-06-21,44.4124,44.7208,44.2675,44.6021,137939.35195613
2011-06-22,43.821,44.0564,43.6011,43.6916,116907.84357612
2011-06-23,43.5038,44.1167,43.3511,44.1011,344642.27933167
2011-06-24,44.2675,44.321,43.6536,43.8151,98706.234637462
2011-06-27,43.4201,43.821,43.2927,43.6916,108214.61452579
2011-06-28,44.0476,44.6313,44.0321,44.5836,308061.22905212
2011-06-29,44.3365,45.1751,44.2354,45.0847,170466.23463789
2011-06-30,45.038,45.4339,44.9261,45.0992,437757.5865948
2011-07-01,45.107,45.7578,45.0992,45.646,237262.34637013
2011-07-05,45.4942,45.753,45.2452,45.5331,348101.2737451
2011-07-06,45.001,45.0311,44.5642,44.7286,317297.20670581
2011-07-07,45.0487,45.9028,44.9942,45.7433,339502.61452717
2011-07-08,45.3055,45.5545,44.9436,45.358,125269.05028008
2011-07-11,44.1634,44.4932,44.0087,44.0476,279020.06704077
2011-07-12,43.783,44.14,43.5729,43.6235,181589.49720779
2011-07-13,44.0019,44.7451,43.8676,44.2286,383007.82123134
2011-07-14,44.4124,44.6089,43.4347,43.5583,234755.2178785
2011-07-15,43.9649,44.0642,43.746,44.0019,111594.45810123
2011-07-18,43.0583,43.2927,42.7625,43.1779,288529.47486206
2011-07-19,43.0952,43.2548,42.8005,43.0417,174272.6703921
2011-07-20,43.0125,43.0125,42.5271,42.747,218476.87150969
2011-07-21,41.7936,42.4045,41.5124,42.316,462074.36871785
2011-07-22,41.0747,41.0747,40.704,40.992,435836.37989087
2011-07-25,40.2195,41.2848,40.1738,41.0435,418054.16760026
2011-07-26,41.3937,41.6944,41.1204,41.6554,425438.83799137
2011-07-27,42.209,42.2926,41.1729,41.3451,442876.69274008
2011-07-28,42.316,43.0719,42.2703,42.5748,388420.91620344
2011-07-29,42.2187,42.9133,42.065,42.2469,796613.09497683
2011-08-01,42.8919,42.9211,41.5659,41.9823,421117.40782375
2011-08-02,41.7722,42.0047,40.6894,40.7215,282330.01117487
2011-08-03,41.6652,41.8101,40.9287,41.5815,407236.20111975
2011-08-04,39.8966,39.8966,37.9655,38.1912,908986.72626242
2011-08-05,37.8371,38.0307,35.6414,36.7076,753578.68156875
2011-08-08,34.4079,34.8768,32.7803,32.8193,1016865.20671
2011-08-09,34.045,35.7698,33.2959,35.7698,942333.89944697
2011-08-10,33.6909,33.8184,32.0079,32.3786,533126.12290822
2011-08-11,32.5401,34.8019,32.5401,34.2581,485572.91620402
2011-08-12,34.0528,34.1287,33.4419,34.083,209081.56424706
2011-08-15,34.618,35.2095,34.5305,35.0607,225556.2458114
2011-08-16,34.5752,35.5899,34.4604,35.0957,238673.69832545
2011-08-17,35.5646,35.9051,34.8398,35.1112,250936.93854899
2011-08-18,33.5985,33.7853,32.9311,33.2424,509743.73184662
2011-08-19,33.3154,34.438,33.0372,33.6141,359846.43575634
2011-08-22,34.7114,34.7114,33.6909,33.7347,148177.5642467
2011-08-23,33.6141,34.726,33.3339,34.726,154258.81564338
2011-08-24,34.3845,34.546,33.8991,34.546,155224.04469367
2011-08-25,35.0052,35.3243,34.4449,34.546,195908.60335313
2011-08-26,34.9595,35.8321,34.5217,35.8088,278507.12849329
2011-08-29,36.1629,36.5024,35.9216,36.3672,294383.55307439
2011-08-30,36.0578,36.625,35.655,36.3428,228181.58659354
2011-08-31,36.9878,37.4908,36.875,37.4071,186158.65921899
2011-09-01,37.0802,37.8371,36.7991,36.8458,270658.86033681
2011-09-02,36.2047,36.2436,35.621,35.8486,239653.31843719
2011-09-06,35.6113,36.5024,35.3914,36.443,193467.26257099
2011-09-07,36.193,36.6162,35.9352,36.5578,69788.424581423
2011-09-08,36.5267,37.2991,36.4654,36.5646,141587.48603437
2011-09-09,36.2553,36.3312,34.8447,35.1579,534980.51396968
2011-09-12,35.2611,36.2699,35.2611,36.1862,346812.24581213
2011-09-13,36.5802,37.2388,36.5491,37.1765,146756.96089473
2011-09-14,36.7592,37.2845,35.942,36.8672,376410.54748828
2011-09-15,37.0627,37.2164,36.5335,37.0627,285660.51396819
2011-09-16,37.1921,37.5647,37.0715,37.4742,116091.66480516
2011-09-19,36.4742,37.3303,36.3224,37.2301,255583.19553225
2011-09-20,38.8128,39.4481,38.4869,38.6611,455513.07262842
2011-09-21,38.4801,38.6679,37.1629,37.1688,334526.39106345
2011-09-22,36.2699,36.6162,34.9303,35.3836,522717.27374614
2011-09-23,35.1735,35.6774,34.9974,35.4371,511265.07262875
2011-09-26,35.1356,36.0636,34.8106,35.8846,298156.06704089
2011-09-27,36.3059,37.269,36.193,36.8828,983708.2011232
2011-09-28,37.1182,37.2913,35.8895,35.942,244532.91620258
2011-09-29,37.1688,37.4499,36.4294,36.9207,171597.98882784
2011-09-30,36.1308,37.2388,35.8486,36.0082,224797.63128626
2011-10-03,36.4508,36.7757,35.3321,35.3321,349131.26257192
2011-10-04,34.9838,35.6346,34.1666,35.5354,421371.30726509
2011-10-05,35.6113,36.0422,35.0957,35.8467,120552.89385547
2011-10-06,35.7465,36.0636,35.1657,36.0636,474833.07262854
2011-10-07,35.6171,35.8846,34.9673,35.2095,312084.55866108
2011-10-10,36.3224,36.8759,36.2397,36.84,308120.84916385
2011-10-11,36.0636,36.9363,36.0422,36.768,113707.88826884
2011-10-12,37.3069,37.8215,37.2164,37.5093,245275.08380035
2011-10-13,36.9207,37.2301,36.2553,37.018,222814.74860468
2011-10-14,36.9207,37.4139,36.9139,37.3585,318412.51396838
2011-10-17,36.2845,36.3837,35.4897,35.6035,299579.75419174
2011-10-18,36.4508,37.4577,36.1249,37.2991,320581.45251588
2011-10-19,35.8846,36.1862,34.7182,34.8933,933984.00000558
2011-10-20,34.8174,34.8855,33.8485,34.3991,336145.38547687
2011-10-21,35.2017,35.5422,35.0655,35.4371,132762.68156504
2011-10-24,35.1112,36.6785,34.9371,36.6785,648295.73184745
2011-10-25,35.9352,36.5802,35.6035,36.0121,208696.08938672
2011-10-26,36.7991,36.7991,35.7008,36.3837,135512.40223545
2011-10-27,37.2301,38.8206,37.1542,38.591,958562.90503366
2011-10-28,37.7145,38.1523,37.481,38.0618,345247.73184564
2011-10-31,37.0044,37.2388,36.1911,36.1911,227787.88826952
2011-11-01,34.7425,35.5072,34.7114,35.0354,289786.63687324
2011-11-02,35.9586,36.2397,35.4585,35.8846,296383.9106163
2011-11-03,36.7991,37.4052,36.3915,37.2388,161078.12290599
2011-11-04,36.8828,37.1396,36.3195,36.767,195491.262571
2011-11-07,36.7076,37.1104,36.443,36.9956,320545.47486225
2011-11-08,37.0335,37.6085,36.5724,37.5569,213454.39106273
2011-11-09,36.1337,36.1434,35.0908,35.2484,391152.13408055
2011-11-10,36.0345,36.1473,35.5733,35.8759,277808.13407987
2011-11-11,36.443,36.6639,36.3672,36.5802,127991.01676054
2011-11-14,36.1473,36.3428,35.6482,35.8088,155870.61452607
2011-11-15,35.694,36.05,35.4371,35.8759,104098.77095034
2011-11-16,35.655,35.8525,35.119,35.1356,292739.88826991
2011-11-17,34.9916,35.0354,33.7055,33.8933,137869.45251479
2011-11-18,34.4847,34.4847,34.0606,34.1121,177862.21229157
2011-11-21,33.2347,33.2959,32.1996,32.471,149307.26257073
2011-11-22,32.2443,32.3951,31.827,32.078,160797.49720767
2011-11-23,31.5925,31.5925,31.0555,31.1158,255196.69273896
2011-11-25,30.753,31.3522,30.7014,30.7598,97246.569832984
2011-11-28,32.1072,32.4399,32.078,32.4097,306619.03910798
2011-11-29,32.2969,32.4097,31.9418,31.9865,131955.75419073
2011-11-30,33.6705,34.4273,33.5537,34.4273,410428.96089631
2011-12-01,33.7347,33.9176,33.3028,33.4166,260821.541901
2011-12-02,34.4273,34.513,33.7658,33.7833,436757.40782384
2011-12-05,34.6812,34.7114,34.1588,34.4449,321307.17318628
2011-12-06,34.0869,34.2464,33.8125,34.0567,90182.614525679
2011-12-07,34.0567,34.7163,33.8962,34.5801,234284.42458241
2011-12-08,33.6929,33.8962,32.4155,32.5517,355465.38547699
2011-12-09,32.9545,33.5985,32.9,33.2804,542809.25139989
2011-12-12,32.327,32.3727,31.8425,32.0702,180180.2011184
2011-12-13,32.3484,32.4836,31.3017,31.5293,319867.03910806
2011-12-14,31.2394,31.4048,30.9047,30.9952,708855.37430591
2011-12-15,31.8562,31.9953,31.3133,31.3668,285628.6480464
2011-12-16,31.3902,31.6635,30.9796,31.254,242676.46927519
2011-12-19,30.9047,30.9261,30.1304,30.145,140914.18994498
2011-12-20,31.359,32.0974,31.3017,31.969,422254.3016785
2011-12-21,31.5954,31.8601,31.2841,31.8601,189831.46368829
2011-12-22,31.359,31.6431,31.2618,31.6431,208677.58659343
2011-12-23,31.4281,31.717,31.3678,31.6859,325652.245812
2011-12-27,31.6256,31.8999,31.6256,31.8532,111447.46368782
2011-12-28,31.6032,31.6032,30.6625,30.7452,395097.34078448
2011-12-29,30.8123,31.4661,30.8045,31.4203,484740.29050569
2011-12-30,31.7385,31.9476,31.111,31.2511,271447.28491782
2012-01-03,32.0517,32.6733,32.0517,32.577,221215.28491752
2012-01-04,31.9447,31.9515,31.3445,31.649,260984.98324178
2012-01-05,31.2695,31.611,30.9952,31.3445,440224.62570096
2012-01-06,31.2695,31.2695,30.5769,30.5769,178600.26815749
2012-01-09,30.5467,30.753,30.3347,30.6002,471075.97765645
2012-01-10,31.359,31.5293,31.004,31.2015,176986.41340888
2012-01-11,31.5954,31.9982,31.5731,31.9243,200227.97765483
2012-01-12,32.507,32.7025,32.1801,32.5994,206226.99441464
2012-01-13,32.0215,32.0293,31.4982,31.9924,210872.22346495
2012-01-17,33.0625,33.4273,32.9311,33.2424,326714.10056061
2012-01-18,33.5469,34.4575,33.4497,34.3505,349157.9888289
2012-01-19,34.1335,34.5509,33.9497,34.5441,339211.70949923
2012-01-20,34.3398,34.5645,34.1851,34.5645,184384.44692848
2012-01-23,34.8097,35.0217,34.6491,34.9974,295243.93296266
2012-01-24,34.3135,34.8165,34.1627,34.7951,112522.68156492
2012-01-25,34.6491,35.5597,34.4273,35.4829,308904.13408006
2012-01-26,36.516,36.6464,36.0841,36.1911,298665.9217895
2012-01-27,36.5627,37.3234,36.4207,37.1999,270693.81005748
2012-01-30,36.7582,37.4159,36.6152,37.2544,394726.2569856
2012-01-31,37.302,37.411,36.5899,36.7281,454470.74860607
2012-02-01,38.1503,38.7661,38.0959,38.6971,313987.26257171
2012-02-02,38.8702,39.2584,38.6591,38.9101,255337.5195546
2012-02-03,39.1825,39.343,38.9471,39.2292,195530.32402352
2012-02-06,38.7195,39.5084,38.4938,39.4802,217741.89944264
2012-02-07,39.593,39.844,39.273,39.7438,277515.17318602
2012-02-08,39.9131,39.988,39.5804,39.7672,224797.63128626
2012-02-09,39.4247,39.4247,39.0629,39.2963,498936.04469572
2012-02-10,38.3459,38.4938,38.1182,38.234,554071.28491951
2012-02-13,39.1358,39.3352,39.0249,39.1592,323768.04469467
2012-02-14,38.5891,38.6883,38.0579,38.3702,380647.68715311
2012-02-15,38.6883,38.7749,38.3089,38.3546,345098.68156631
2012-02-16,38.3945,39.2506,38.1435,39.1738,225260.20111867
2012-02-17,39.6466,39.8129,39.4948,39.7827,209947.08380014
2012-02-21,39.9481,40.1262,39.6835,39.8518,237725.9441355
2012-02-22,39.7973,39.9647,39.2672,39.4413,130261.72067117
2012-02-23,38.9393,39.056,38.6504,38.9247,238499.97765506
2012-02-24,38.4081,38.9627,38.1815,38.8547,639011.4413446
2012-02-27,37.8857,38.4227,37.6795,38.2418,475096.22346653
2012-02-28,38.8401,39.1524,38.7506,39.1524,669028.11173584
2012-02-29,39.6573,39.9832,39.2321,39.2769,1523893.1396739
2012-03-01,39.5327,39.8752,39.4247,39.7438,1354099.1731925
2012-03-02,39.6261,39.6466,39.167,39.3664,1744072.2681669
2012-03-05,38.736,38.7574,38.4013,38.5239,1215993.2960967
2012-03-06,37.6659,37.8245,37.5287,37.5735,613116.78212657
2012-03-07,38.0287,38.3634,37.8925,38.27,155618.77095065
2012-03-08,38.8197,38.8547,38.3021,38.7117,186164.82681676
2012-03-09,38.0871,38.1815,37.9003,38.1669,408234.32402479
2012-03-12,37.5949,37.8624,37.5044,37.839,252477.81005738
2012-03-13,38.1435,38.4169,37.8857,38.3459,298058.4134096
2012-03-14,38.7117,38.878,38.1863,38.3459,202304.40223585
2012-03-15,38.8469,39.3119,38.5657,39.1738,320067.48603543
2012-03-16,39.5395,39.7973,39.4413,39.6534,229335.95530863
2012-03-19,39.5172,39.9481,39.4559,39.6835,141798.21229135
2012-03-20,38.9325,39.0716,38.6202,38.9627,309994.77095157
2012-03-21,39.2817,39.3742,39.0016,39.2224,200456.17877215
2012-03-22,39.0629,39.343,38.8625,39.0473,347417.6983261
2012-03-23,39.2584,39.2584,38.8547,39.0405,196099.79888385
2012-03-26,39.8294,40.3762,39.7215,40.3295,285377.83240394
2012-03-27,40.2604,40.3217,39.9579,40.1631,760294.16760231
2012-03-28,39.8752,39.8917,39.4325,39.6397,230516.02234775
2012-03-29,39.45,39.7973,39.3207,39.7283,468880.31285197
2012-03-30,39.9754,40.3305,39.9277,40.2925,443849.11732109
2012-04-02,40.2536,41.0737,40.0717,40.9842,527153.83240539
2012-04-03,40.9842,41.0669,40.4219,40.6807,580187.9776571
2012-04-04,39.9734,40.2001,39.737,39.9423,239891.79888412
2012-04-05,39.7526,39.9579,39.5716,39.9131,181048.80447036
2012-04-09,38.9627,39.1738,38.6504,39.0473,176965.85474966
2012-04-10,38.6805,38.736,37.5501,37.6727,633316.69274122
2012-04-11,38.5657,38.8936,38.4938,38.5239,329228.42458297
2012-04-12,38.7195,39.7069,38.6805,39.6767,236276.55866063
2012-04-13,39.2963,39.4111,38.7973,38.8702,261210.10056022
2012-04-16,39.0249,39.1524,38.6426,38.7117,130013.98882759
2012-04-17,39.2292,39.5327,38.9014,39.4724,318339.53072816
2012-04-18,38.7749,38.9539,38.5823,38.6883,242932.42458246
2012-04-19,38.7885,39.0249,38.3702,38.5006,444334.30167863
2012-04-20,38.8051,38.9627,38.7282,38.7574,160559.01676074
2012-04-23,38.0871,38.234,37.7486,37.9966,311913.92178957
2012-04-24,38.6805,38.8342,38.5531,38.6504,294176.93854924
2012-04-25,39.0989,39.273,38.9714,39.1825,198485.6312861
2012-04-26,39.3508,40.0337,39.3508,39.9822,229304.08938685
2012-04-27,39.9199,39.9335,39.5561,39.8839,78180.46927421
2012-04-30,39.703,39.703,39.2701,39.3323,254981.85475013
2012-05-01,39.167,39.6913,39.0852,39.45,321187.93296281
2012-05-02,38.8858,38.9627,38.5443,38.9627,245836.335197
2012-05-03,39.0162,39.129,38.7574,38.8547,109621.85474926
2012-05-04,38.9539,39.0629,38.7506,38.8119,243114.36871654
2012-05-07,38.5239,38.9948,38.4626,38.6883,152285.18435845
2012-05-08,38.378,38.5006,37.9305,38.4013,254294.16759929
2012-05-09,37.5735,38.1348,37.4071,37.8079,135345.87709578
2012-05-10,38.27,38.3323,37.9898,38.1863,247126.39106293
2012-05-11,37.8011,38.4227,37.7923,38.0579,126404.91620187
2012-05-14,37.2174,37.2544,36.7456,36.7456,340469.89944338
2012-05-15,36.4333,36.7582,35.9615,36.0169,261527.73184514
2012-05-16,36.623,36.9586,36.4411,36.5393,412088.0446952
2012-05-17,36.3574,36.3808,35.8555,35.9537,259237.49720825
2012-05-18,36.0082,36.0899,35.4225,35.6142,158944.13407916
2012-05-21,35.8798,36.1911,35.7426,36.1385,250682.01117468
2012-05-22,36.0773,36.4927,35.4916,35.6735,177668.96089492
2012-05-23,35.2698,35.334,34.617,35.3262,332614.43575618
2012-05-24,35.0285,35.0285,34.0791,34.4137,293699.97765539
2012-05-25,34.4137,34.8534,34.3505,34.5645,347942.97206912
2012-05-29,35.3175,35.6735,35.1502,35.4605,206075.88826939
2012-05-30,34.9838,35.0354,34.6248,34.763,1438370.14526
2012-05-31,34.8992,35.1317,34.403,35.0996,729247.50838425
2012-06-01,34.6132,35.0519,34.5441,34.8612,237845.18435896
2012-06-04,35.2182,35.3924,34.9595,35.1735,157748.64804564
2012-06-05,35.2328,35.3175,34.8758,35.1939,86957.988827336
2012-06-06,35.4731,36.1706,35.4731,36.0549,328411.21787906
2012-06-07,36.4946,36.6502,36.0393,36.1327,351075.08380098
2012-06-08,36.124,37.0374,36.1152,37.0151,273143.37430331
2012-06-11,37.2242,37.2242,36.3399,36.3399,189180.78212404
2012-06-12,37.0102,37.5355,36.8516,37.5287,116420.60335265
2012-06-13,37.3594,37.6493,37.1104,37.2913,194539.39664921
2012-06-14,37.4976,37.839,37.4217,37.7855,96438.614525716
2012-06-15,37.4032,37.9704,37.4032,37.9606,116712.53631355
2012-06-18,37.6347,37.7554,37.3166,37.6026,153969.96648137
2012-06-19,38.1046,38.7428,38.0959,38.5823,112247.1955314
2012-06-20,39.056,39.056,38.378,38.8469,197552.26815761
2012-06-21,39.5006,39.5327,38.557,38.594,245437.49720817
2012-06-22,39.1835,39.3567,38.6961,38.9053,216352.13407951
2012-06-25,38.5414,38.5482,38.1844,38.3546,115597.22905097
2012-06-26,38.4801,39.2837,38.4801,39.1436,179516.15642565
2012-06-27,39.4238,39.6427,39.3926,39.5814,120163.30726329
2012-06-28,38.8732,39.2837,38.6494,39.2321,135017.96648125
2012-06-29,40.2526,40.6729,40.0454,40.5571,672503.55307665
2012-07-02,40.0454,40.5649,39.9977,40.5036,463557.67598042
2012-07-03,40.6894,41.2147,40.6894,41.0338,295602.68156601
2012-07-05,40.4336,40.6252,40.1699,40.3781,735284.55866361
2012-07-06,40.2147,40.5649,40.0298,40.5338,200427.39664924
2012-07-09,40.1991,40.4161,40.0367,40.3626,96845.675978233
2012-07-10,40.8957,40.99,40.3947,40.5951,503933.85475162
2012-07-11,40.8198,41.061,40.6252,40.8957,141325.36312934
2012-07-12,40.0765,40.6894,39.9598,40.3703,271941.72067202
2012-07-13,40.2147,40.633,40.1904,40.526,186206.97206815
2012-07-16,40.5649,40.7731,40.4248,40.6972,88789.765363659
2012-07-17,40.6583,41.0669,40.2302,40.9842,255542.07821382
2012-07-18,40.4637,40.742,40.3305,40.6972,140885.40782207
2012-07-19,40.5406,40.7653,40.4861,40.742,121283.75419067
2012-07-20,39.9666,40.1758,39.9433,39.9909,74522.055866367
2012-07-23,39.1134,39.3401,38.8498,39.1679,271628.20111894
2012-07-24,39.4481,39.4724,38.95,39.2837,232589.36312988
2012-07-25,39.6573,39.9433,39.4724,39.8294,135814.61452595
2012-07-26,40.5951,41.4862,40.5951,41.4229,193522.77095088
2012-07-27,41.5241,42.5154,41.4297,42.3928,472678.52514249
2012-07-30,42.2829,42.4541,42.135,42.3072,270583.82123067
2012-07-31,42.135,42.1992,41.7342,41.8111,280575.32961062
2012-08-01,41.9969,42.0669,41.3937,41.4229,93696.089386035
2012-08-02,41.0747,41.5319,40.8198,41.2381,330923.4860355
2012-08-03,42.6253,43.3238,42.6253,43.1147,155845.94413501
2012-08-06,43.4707,43.5252,43.1682,43.4454,413990.74860583
2012-08-07,42.9201,42.995,42.711,42.8335,753220.96089836
2012-08-08,42.4716,42.8121,42.4463,42.6497,283448.40223633
2012-08-09,42.3841,42.532,42.2693,42.4541,139682.72625782
2012-08-10,42.315,43.066,42.2615,43.066,126866.45810132
2012-08-13,42.926,42.9425,42.3306,42.6944,491915.26257277
2012-08-14,41.9424,42.0971,41.6856,41.743,198629.54190063
2012-08-15,42.1282,42.3306,42.029,42.245,229397.63128629
2012-08-16,42.3374,42.8189,42.2693,42.8034,136625.6536321
2012-08-17,42.889,42.9571,42.6497,42.8189,214072.17877223
2012-08-20,42.7956,42.8413,42.6341,42.7645,126109.89944209
2012-08-21,43.2227,43.3151,42.8656,43.0135,143451.12849248
2012-08-22,43.1225,43.5486,42.995,43.533,214450.45810184
2012-08-23,43.352,43.352,42.9571,43.0339,422804.24581258
2012-08-24,42.9123,43.1594,42.8034,43.0972,78203.08379935
2012-08-27,43.0047,43.0826,42.8189,42.9201,108555.88826881
2012-08-28,43.1507,43.2061,42.7265,42.8121,180998.43575527
2012-08-29,42.8121,42.9036,42.532,42.5718,119427.30726328
2012-08-30,42.3306,42.4006,42.0611,42.1214,53437.094972387
2012-08-31,43.2295,43.4775,43.0213,43.1818,425262.0335221
2012-09-04,43.245,43.5019,43.105,43.3005,215411.57542028
2012-09-05,43.5554,43.7188,43.4386,43.5797,324927.55307457
2012-09-06,43.5019,44.1673,43.4931,44.033,244223.50838135
2012-09-07,44.3541,44.7101,44.2344,44.7101,223818.01117452
2012-09-10,44.4445,44.5622,44.0107,44.0107,339256.93854951
2012-09-11,44.3064,44.5545,44.3064,44.4825,218333.98882812
2012-09-12,44.6323,44.6323,44.1906,44.4153,270324.78212452
2012-09-13,43.9805,44.8881,43.5923,44.6634,267770.36871668
2012-09-14,44.7549,44.9271,44.1216,44.4095,387590.34637103
2012-09-17,44.4212,44.5691,44.2218,44.322,187514.50279442
2012-09-18,44.0593,44.3443,43.6089,43.8424,954411.08380459
2012-09-19,43.7937,43.9426,43.5719,43.7023,254786.54748756
2012-09-20,43.4386,43.8881,43.2295,43.7859,190184.04469387
2012-09-21,44.322,44.5477,44.2422,44.2675,236784.35754332
2012-09-24,43.7548,43.9571,43.6167,43.9105,384763.53072856
2012-09-25,44.1527,44.5778,43.7548,43.8579,276641.43016925
2012-09-26,43.8667,44.0593,43.5252,43.6546,281502.52514135
2012-09-27,43.8248,44.0593,43.6857,43.9873,249385.78771099
2012-09-28,43.3929,43.4143,43.0437,43.3005,322160.35754383
2012-10-01,43.4707,43.9494,43.4707,43.6546,120655.68715156
2012-10-02,44.1819,44.2675,43.8929,44.0194,262266.81564403
2012-10-03,44.1974,44.322,43.3151,43.3238,254610.77095124
2012-10-04,43.2061,43.7412,43.2061,43.6546,185202.68156535
2012-10-05,44.0408,44.1293,43.3832,43.5554,243961.38547632
2012-10-08,43.5923,43.7723,43.4931,43.7723,555562.81564578
2012-10-09,43.7188,43.9805,43.5019,43.5554,184975.50838099
2012-10-10,44.105,44.3852,43.9873,44.0593,215077.49720799
2012-10-11,45.0876,45.3074,44.965,45.214,298984.58100737
2012-10-12,45.4465,45.4777,44.965,45.1897,76822.569832862
2012-10-15,45.2744,45.5837,45.1819,45.3921,555128.00000332
2012-10-16,45.5156,45.8318,45.4777,45.7384,242836.82681709
2012-10-17,45.9106,46.3085,45.8318,46.0341,257646.25698478
2012-10-18,45.9417,46.2277,45.8104,45.9874,179313.65363236
2012-10-19,45.9106,46.148,45.8104,45.9573,317089.56424771
2012-10-22,46.4758,46.6305,46.2832,46.5303,383140.4245833
2012-10-23,46.004,46.3211,45.7948,46.1577,521634.86033831
2012-10-24,46.0896,46.3454,46.004,46.0594,192253.27374417
2012-10-25,46.4602,46.5303,46.0672,46.2744,243177.07262715
2012-10-26,46.3085,46.3756,46.0341,46.1723,126599.19553148
2012-10-31,47.4457,47.5761,46.8484,46.933,487875.48603644
2012-11-01,47.6928,47.8475,47.4389,47.7774,328804.91620308
2012-11-02,47.0721,47.1801,46.755,46.9252,303397.49720852
2012-11-05,47.7774,48.1782,47.7298,48.0712,357335.19553286
2012-11-06,47.8475,48.0712,47.7093,48.0498,197413.49720788
2012-11-07,47.5605,47.6373,46.7239,47.112,331369.60894053
2012-11-08,47.6218,47.9,47.3601,47.507,307172.06704094
2012-11-09,47.3192,47.4895,47.0089,47.1266,283056.75977823
2012-11-12,46.825,46.8951,46.4135,46.5906,257538.32402389
2012-11-13,46.5536,46.9564,46.469,46.7239,827807.77654126
2012-11-14,46.7297,46.7297,45.9339,46.1042,282860.4245827
2012-11-15,46.4135,46.6918,46.3532,46.5079,194231.01676094
2012-11-16,46.5303,46.5303,45.7705,46.362,444082.45810321
2012-11-19,46.0594,46.3133,45.9417,46.2676,323380.51396841
2012-11-20,46.2141,46.3834,45.9495,46.362,694150.79330024
2012-11-21,46.1577,46.2676,45.6314,45.9184,193599.86592295
2012-11-23,45.9874,46.5478,45.9573,46.5478,117430.03352026
2012-11-26,46.7239,47.041,46.6227,47.0274,314525.89944322
2012-11-27,47.257,47.4895,46.8571,47.1188,575877.85475205
2012-11-28,46.8571,47.5916,46.7774,47.4506,220409.38547618
2012-11-29,47.8377,47.8776,47.4068,47.6996,296804.33519731
2012-11-30,47.794,48.0187,47.6685,47.8776,467431.95531006
2012-12-03,48.3971,48.8008,48.3971,48.5528,294751.55307439
2012-12-04,48.9565,49.583,48.8699,49.4449,468111.41899721
2012-12-05,49.3651,50.0558,49.2192,49.8301,268737.65363289
2012-12-06,49.7922,49.8544,49.3038,49.653,378658.63687377
2012-12-07,49.6209,50.0412,49.5217,49.9935,201929.20670512
2012-12-10,50.0558,50.3895,49.7377,50.335,437006.16760038
2012-12-11,50.8068,50.8545,50.3895,50.4498,505674.14525442
2012-12-12,50.7844,51.1872,50.6677,50.8992,258841.74301831
2012-12-13,50.8302,50.8302,50.2805,50.4187,744824.80447373
2012-12-14,50.512,50.512,50.0412,50.2105,546488.22346695
2012-12-17,50.3895,51.0549,50.2338,51.0549,466272.44693016
2012-12-18,51.0617,51.157,50.5918,51.1094,453561.02793567
2012-12-19,50.9148,50.9226,50.443,50.4654,453431.5083826
2012-12-20,50.3661,50.584,50.157,50.5519,367471.6424603
2012-12-21,49.8544,50.048,49.6997,49.9702,503108.42458401
2012-12-24,50.1317,50.335,50.1317,50.2163,38462.167597995
2012-12-26,50.729,50.9615,50.6677,50.8379,120627.93296162
2012-12-27,51.3273,51.4878,50.9313,51.3808,218415.19553203
2012-12-28,51.3331,51.5121,51.086,51.1171,225545.9664818
2012-12-31,51.1259,51.8079,50.908,51.7436,188921.74301789
2013-01-02,51.9139,52.5803,51.9139,52.5637,648716.15642846
2013-01-03,52.5355,52.9149,52.3575,52.5209,405237.89944376
2013-01-04,52.2242,52.5122,52.0238,52.4266,464736.71508658
2013-01-07,52.6834,52.8673,52.5881,52.8605,280095.28491788
2013-01-08,53.0395,53.0395,52.5122,52.7544,315502.43575608
2013-01-09,53.1542,53.5512,53.1017,53.4714,358648.89385689
2013-01-10,53.5823,53.7282,53.1776,53.6358,464174.43575696
2013-01-11,53.6825,53.7593,53.3965,53.7447,275111.86592343
2013-01-14,54.0852,54.4442,53.8683,54.4355,419197.22905279
2013-01-15,54.2253,54.6903,54.1475,54.6903,433970.68156684
2013-01-16,54.9141,55.9521,54.8528,55.7264,562346.14525476
2013-01-17,56.4424,56.923,56.4083,56.7819,567905.20670731
2013-01-18,56.8354,56.8354,56.2313,56.5484,449025.78771218
2013-01-22,56.3159,56.7965,55.9832,56.6574,590878.48045046
2013-01-23,56.7265,57.0689,56.7265,56.8208,562847.77653968
2013-01-24,56.8734,57.0845,56.6486,56.6661,540845.89944457
2013-01-25,56.2546,56.4648,55.7527,55.8354,634551.24022726
2013-01-28,54.5191,54.596,53.1309,53.6066,995382.43576014
2013-01-29,53.6202,54.4967,53.4179,54.2866,515743.7765394
2013-01-30,52.5122,52.5881,51.9956,52.0005,1245689.2514041
2013-01-31,53.1153,53.2865,52.123,52.3945,1023910.659224
2013-02-01,53.1941,53.8372,53.0083,53.7029,553044.37989157
2013-02-04,53.2399,53.7516,53.054,53.2544,592257.96648399
2013-02-05,53.3887,53.3887,52.768,53.1017,584539.21788059
2013-02-06,52.9529,53.1387,52.6591,52.8673,423552.58100812
2013-02-07,52.233,52.233,51.0325,51.2728,767512.31285375
2013-02-08,51.5121,51.9081,51.3808,51.6532,395764.46927611
2013-02-11,50.9858,51.1171,50.621,50.6677,470957.76536594
2013-02-12,51.7514,51.8623,51.2251,51.373,252338.01117469
2013-02-13,51.7592,51.9081,51.3895,51.5578,317775.19553263
2013-02-14,50.908,51.2806,50.8,51.2251,201555.03910735
2013-02-15,51.4654,51.661,51.3107,51.4878,186375.55307374
2013-02-19,51.5355,51.5666,51.3049,51.48,380159.41899669
2013-02-20,51.7592,51.8468,51.2339,51.3497,610629.18436119
2013-02-21,50.7144,50.7144,49.8768,50.1025,590508.42458454
2013-02-22,49.5451,49.6375,48.94,49.0713,817111.10615014
2013-02-25,49.692,49.8544,48.6384,48.6384,591465.43017113
2013-02-26,49.7542,50.2037,49.6754,50.1706,376482.50279555
2013-02-27,50.4731,50.8379,50.3807,50.8379,485081.56424871
2013-02-28,50.8555,51.3759,50.8555,51.0666,409047.41899686
2013-03-01,51.0948,51.9081,51.0948,51.8769,380030.92737657
2013-03-04,51.9304,52.2738,51.9081,52.233,276172.69273908
2013-03-05,52.8138,52.9392,52.4344,52.5122,389041.78771182
2013-03-06,53.2399,53.4422,53.163,53.1708,384363.66480677
2013-03-07,52.8371,53.1465,52.768,53.093,229771.79888406
2013-03-08,53.8226,54.1154,53.5823,54.0609,279546.36871676
2013-03-11,54.0541,54.0541,53.666,53.9695,268272.0000016
2013-03-12,53.7117,53.8625,53.6144,53.666,276084.29050444
2013-03-13,53.3887,53.5025,52.8838,52.9392,299408.08938726
2013-03-14,52.9392,53.0229,52.6513,52.8673,322485.18435947
2013-03-15,53.6202,53.7681,53.4801,53.5823,137940.37988909
2013-03-18,53.4004,53.6358,53.2486,53.3965,222993.60893988
2013-03-19,53.2953,53.4636,52.1483,52.4742,367942.43575639
2013-03-20,52.8605,53.1153,52.6746,52.8138,300872.89385655
2013-03-21,53.2243,53.3274,52.5044,52.5978,316028.73743206
2013-03-22,52.6902,53.093,52.5297,53.054,127328.00000076
2013-03-25,53.2544,53.2953,52.7291,53.0395,358592.35754404
2013-03-26,53.5657,54.1553,53.558,54.1553,311370.14525326
2013-03-27,53.4801,54.8304,53.4325,54.6748,318959.37430358
2013-03-28,54.7983,55.2069,54.7458,55.1612,534955.84357862
2013-04-01,55.5328,55.6953,55.3859,55.4735,204274.94972189
2013-04-02,55.5649,55.9453,55.4812,55.5951,532714.94972386
2013-04-03,55.2322,55.4472,54.3712,54.5561,462148.37989103
2013-04-04,54.4802,54.846,53.6747,53.986,581415.32961241
2013-04-05,53.7769,53.9928,53.2953,53.9471,376680.893857
2013-04-08,54.5259,55.1145,54.3644,54.9919,314769.51955495
2013-04-09,54.5746,55.0843,54.2409,54.8304,233376.75977793
2013-04-10,54.5901,54.704,54.2555,54.38,286997.85475032
2013-04-11,55.2633,55.7809,55.2633,55.6262,293458.41340958
2013-04-12,55.4472,55.775,55.3334,55.6739,356506.68156638
2013-04-15,55.9832,56.2148,55.3626,55.3626,290901.94413582
2013-04-16,56.2848,56.3334,55.4423,55.9219,527753.11732159
2013-04-17,55.6427,55.775,54.9919,55.1612,218622.83799013
2013-04-18,54.9744,54.9841,54.0541,54.2321,358759.91061667
2013-04-19,54.2555,54.6748,54.0852,54.4734,258973.3184373
2013-04-22,54.8966,55.1991,54.5901,55.1943,217766.5698337
2013-04-23,55.2069,55.7527,55.0697,55.6894,335985.02793497
2013-04-24,55.4423,55.6427,55.1223,55.5328,315320.491622
2013-04-25,55.4102,55.7887,55.3557,55.6116,252486.03352106
2013-04-26,55.5328,55.8655,55.4881,55.5805,345488.26815849
2013-04-29,55.5493,55.992,55.4472,55.8042,250261.58659367
2013-04-30,56.3762,56.8199,56.3295,56.7235,356939.44134292
2013-05-01,56.8578,56.8578,56.2313,56.3247,251727.41899592
2013-05-02,57.6575,58.4172,57.6575,58.2762,489023.68715376
2013-05-03,58.4931,58.9513,58.0855,58.2927,260214.03352111
2013-05-06,58.6342,59.1128,58.4853,59.0992,417706.72625948
2013-05-07,58.8589,59.0661,58.462,59.0272,542044.46927698
2013-05-08,59.6391,59.9592,59.5331,59.8959,512652.78212597
2013-05-09,59.2704,59.3385,58.6818,59.0272,455558.3016787
2013-05-10,58.6653,58.7276,58.353,58.6818,369826.63687372
2013-05-13,58.4688,58.5174,58.1692,58.426,251397.45251547
2013-05-14,58.819,59.6255,58.819,59.5175,375925.36313074
2013-05-15,59.5875,59.9125,59.4231,59.8726,342529.87709702
2013-05-16,59.5632,59.7899,58.9747,59.4854,464041.83240501
2013-05-17,59.2159,59.3142,58.7344,58.9679,297608.17877273
2013-05-20,57.8355,57.9814,57.6273,57.8209,500710.25698623
2013-05-21,58.3151,58.533,57.8442,58.4104,521616.35754502
2013-05-22,59.3521,59.9738,58.5087,58.6653,406122.9497231
2013-05-23,57.9658,58.8501,57.6643,58.8268,391678.43575653
2013-05-24,58.1624,58.4474,57.9814,58.2305,322274.45810249
2013-05-28,57.9415,57.9415,56.7031,56.8053,380760.75977881
2013-05-29,55.4598,55.4686,54.9228,55.0337,373823.2402257
2013-05-30,55.1466,55.2536,54.7662,54.8917,341011.62011377
2013-05-31,53.809,54.3946,53.5327,53.6971,641626.50279713
2013-06-03,49.3184,49.4818,48.042,49.2639,1869774.0782235
2013-06-04,50.943,51.1162,49.8272,49.9624,1147283.1731912
2013-06-05,50.0179,50.6969,49.2269,49.2736,763111.73184814
2013-06-06,45.5545,47.1908,45.144,47.0157,2363598.2123046
2013-06-07,48.7376,49.4361,48.2434,48.4759,1569286.6592273
2013-06-10,48.2512,48.4283,47.6529,48.2512,1527339.7988918
2013-06-11,47.0157,47.4807,46.7637,47.0478,1178275.3519624
2013-06-12,48.1277,49.3875,47.8319,48.8398,2136768.3575547
2013-06-13,49.1725,49.5587,48.4283,49.5285,2270831.3743153
2013-06-14,50.8555,51.2582,49.3777,49.7172,2593598.212306
2013-06-17,50.584,50.908,49.2571,49.5071,451966.70391332
2013-06-18,49.1822,49.2046,48.6899,48.9662,830701.4078262
2013-06-19,49.5976,49.6686,47.4671,47.6373,3221850.2793489
2013-06-20,46.1411,46.1985,43.6711,44.033,914371.03911161
2013-06-21,44.9066,45.3804,44.1011,45.0798,905164.87151379
2013-06-24,43.6886,43.8881,42.4259,43.3199,682791.10614933
2013-06-25,44.5506,44.7558,43.3735,43.9435,657760.93855142
2013-06-26,44.8988,45.5156,44.7101,45.3901,707557.0949763
2013-06-27,46.7073,46.9924,46.3688,46.8338,523339.17318749
2013-06-28,45.7763,47.221,45.6255,46.9204,783860.5586639
2013-07-01,47.3552,47.3815,46.5955,46.6674,505207.46369017
2013-07-02,46.8095,47.1743,45.6508,45.9894,476090.23463972
2013-07-03,44.7033,45.3658,44.4027,44.5438,882556.51397176
2013-07-05,44.5895,44.6945,43.5816,44.1352,2296913.1173322
2013-07-08,43.8492,43.8803,43.3365,43.533,395707.93296326
2013-07-09,44.1663,44.4552,43.6663,44.4105,323405.18435948
2013-07-10,43.1059,43.5096,42.854,42.9882,561220.55866257
2013-07-11,43.8492,44.3949,43.281,44.3949,544568.04469599
2013-07-12,44.1011,44.9465,43.8929,44.8278,323810.18994607
2013-07-15,46.1703,46.7861,46.1703,46.4719,335073.25139865
2013-07-16,46.3454,47.0157,46.3454,46.9291,303298.81564427
2013-07-17,47.9574,47.9574,47.506,47.7959,229120.08938684
2013-07-18,47.3951,47.8543,47.3085,47.4739,280369.74301844
2013-07-19,47.0157,47.1033,46.7706,47.0391,248983.86592328
2013-07-22,46.9525,47.2044,46.826,47.006,450385.74301945
2013-07-23,47.4048,47.4048,46.5507,47.0157,215103.19553201
2013-07-24,46.2345,46.2345,45.2004,45.4368,370384.80447149
2013-07-25,44.7889,45.7034,44.7403,45.6178,193414.83798998
2013-07-26,44.7957,45.0409,44.4027,45.0175,175733.36312954
2013-07-29,44.5185,45.0253,44.5117,44.7558,270239.46368877
2013-07-30,45.5545,45.8551,45.5545,45.611,221556.55866054
2013-07-31,44.534,45.1031,44.2996,44.355,557263.01676311
2013-08-01,45.0876,45.2238,44.6391,45.0954,534790.34637191
2013-08-02,45.0954,45.9339,45.0954,45.8016,208250.99441465
2013-08-05,45.4281,45.6722,45.3162,45.357,168105.0726267
2013-08-06,45.5069,45.611,45.1596,45.3162,166467.57541999
2013-08-07,44.9942,45.1206,44.6712,44.6712,316292.91620301
2013-08-08,45.3415,45.8872,44.9864,45.754,381913.07262798
2013-08-09,45.7598,46.219,45.6722,45.9806,213588.02234765
2013-08-12,46.0536,46.6674,45.9894,46.5342,196981.76536431
2013-08-13,46.5565,46.5565,46.0127,46.3756,253300.1564261
2013-08-14,46.4797,46.5721,46.2345,46.4797,335413.49720871
2013-08-15,45.4524,45.6012,44.9796,45.5234,190568.49162125
2013-08-16,45.5847,45.6012,44.93,44.9942,253523.21787861
2013-08-19,44.142,44.2918,43.3491,43.4056,760487.41899896
2013-08-20,43.5252,43.9747,43.5165,43.6575,860442.59218391
2013-08-21,42.7431,42.7431,41.2576,41.2721,2050214.346381
2013-08-22,40.7974,40.9248,40.238,40.3888,737666.27933402
2013-08-23,40.1904,40.8373,39.7876,40.6826,377877.40782349
2013-08-26,40.6019,41.0036,40.3801,40.4919,297158.97206882
2013-08-27,38.7788,38.8625,37.9013,37.9256,2016482.726269
2013-08-28,37.5044,38.414,37.339,37.9412,581225.16201465
2013-08-29,38.8868,39.2205,38.3099,38.3673,503489.78771251
2013-08-30,38.5268,38.6416,37.9869,38.2486,545705.96648371
2013-09-03,39.1786,39.1786,38.161,38.3031,539030.56983562
2013-09-04,38.7788,38.8946,38.5473,38.7788,400775.6424605
2013-09-05,38.0015,38.6494,38.0015,38.5628,426537.69832657
2013-09-06,39.3236,39.5279,38.5006,39.202,1022248.4916262
2013-09-09,40.4598,41.636,40.3256,41.5883,772721.87709959
2013-09-10,42.2917,42.6487,42.1097,42.3646,523693.810059
2013-09-11,42.459,42.6954,42.1652,42.602,331483.70949919
2013-09-12,42.5611,42.9493,42.064,42.245,338091.26257185
2013-09-13,42.1594,42.1905,41.6438,42.0572,268739.70949881
2013-09-16,44.2111,44.464,43.9591,44.0447,525018.8156456
2013-09-17,44.1887,44.4241,43.9494,44.1887,271247.86592341
2013-09-18,44.3064,46.9204,44.0622,46.6674,1202127.5083871
2013-09-19,48.2638,48.4137,47.6023,48.2415,673610.63687554
2013-09-20,46.5429,46.9622,45.9806,46.0692,638071.91061834
2013-09-23,45.9184,46.0536,45.5069,45.7598,351751.46368925
2013-09-24,45.5322,45.6431,45.0798,45.2315,177936.22346475
2013-09-25,45.3026,45.5779,44.5603,44.6624,265712.44692896
2013-09-26,44.6868,44.8667,43.9017,44.179,182980.29050389
2013-09-27,43.9659,43.9659,43.3054,43.3735,257662.70391215
2013-09-30,42.7265,43.8657,42.6555,43.5729,431632.13408079
2013-10-01,44.8356,45.6333,44.7033,45.6012,527924.78212606
2013-10-02,44.9864,45.3415,44.2918,45.2928,396274.32402472
2013-10-03,45.217,45.4816,44.4416,44.8045,556951.55307596
2013-10-04,44.7646,45.8016,44.7646,45.7034,215029.18435883
2013-10-07,45.0574,45.2705,44.8123,45.0496,300485.36313029
2013-10-08,44.9718,45.0409,43.7781,43.8414,409551.1061477
2013-10-09,44.2023,44.6303,43.9338,44.4319,276912.80447093
2013-10-10,45.2705,45.7598,45.2238,45.681,760791.68715539
2013-10-11,45.4368,45.894,45.2072,45.8464,376636.69273968
2013-10-14,45.3094,46.3211,45.3094,46.2666,240734.70391205
2013-10-15,46.3912,46.3912,45.7131,45.8376,283830.79329779
2013-10-16,46.2987,46.4943,45.9505,46.2822,265779.26257142
2013-10-17,45.9806,46.898,45.9806,46.7706,555003.62011505
2013-10-18,47.3144,47.3144,46.6597,47.0634,321879.7318455
2013-10-21,47.1908,47.1908,46.8591,47.0157,306758.83799066
2013-10-22,47.3951,47.9409,47.221,47.758,429786.99441598
2013-10-23,47.5926,47.6023,46.8591,47.1422,923666.63687703
2013-10-24,47.6159,47.6159,46.7297,46.8095,430447.95530984
2013-10-25,47.0245,47.3951,46.7949,47.2832,257811.75419149
2013-10-28,47.2356,47.7132,47.2356,47.5138,76745.474860794
2013-10-29,47.792,47.7959,47.436,47.4973,188684.29050392
2013-10-30,47.0001,47.3144,46.2345,46.4213,196967.37430285
2013-10-31,46.503,46.6597,45.6012,45.6178,336160.80447128
2013-11-01,44.9154,45.2072,44.4484,44.6712,344249.60894061
2013-11-04,44.7957,45.1596,44.5506,44.7724,979555.35196116
2013-11-05,44.179,44.2509,43.1526,43.176,413202.32402482
2013-11-06,43.9494,44.1177,43.5252,43.6741,143125.27374387
2013-11-07,44.4484,44.6303,43.3365,43.3589,399413.6312873
2013-11-08,42.854,42.9882,42.3792,42.8861,357439.01676191
2013-11-11,41.9123,42.4259,41.5105,41.6146,477482.05586878
2013-11-12,41.2186,41.4083,40.8704,41.1398,446877.4078239
2013-11-13,41.2488,42.0708,40.8548,41.9998,460687.68715359
2013-11-14,42.5378,43.6342,42.4259,43.5417,345787.39665011
2013-11-15,43.6429,43.8929,43.3997,43.7062,449346.50279598
2013-11-18,44.1011,44.5992,43.9747,44.1177,333793.47486233
2013-11-19,43.9338,44.179,43.5651,43.7149,310658.81564432
2013-11-20,43.7295,44.6712,43.3054,43.391,350926.03352165
2013-11-21,43.3589,44.0933,43.3589,43.9017,219754.59218008
2013-11-22,44.0856,44.8123,44.0856,44.6459,173516.11173288
2013-11-25,45.1683,45.5234,44.4484,44.4727,223723.44134212
2013-11-26,44.179,44.5438,43.9494,44.4319,103265.11731905
2013-11-27,43.9591,44.0535,43.6342,43.7606,262059.17318592
2013-11-29,44.0768,44.8123,44.0768,44.2509,106409.56424645
2013-12-02,44.2334,44.2509,42.9493,43.1059,524116.29050593
2013-12-03,42.5378,42.6954,41.8568,42.0708,473237.72067322
2013-12-04,41.4716,42.529,41.4716,42.2382,280420.11173352
2013-12-05,41.8412,42.4882,41.6438,41.6837,347797.00558867
2013-12-06,42.6555,43.3735,42.5611,43.1945,335872.98324223
2013-12-09,43.3997,43.5495,43.209,43.2266,226841.16201253
2013-12-10,43.1302,43.5729,42.8861,43.4931,188216.58100671
2013-12-11,43.4707,43.5252,42.2761,42.4259,358420.69273957
2013-12-12,42.5203,42.6244,42.0572,42.3792,196720.67039224
2013-12-13,42.8209,43.033,42.6954,42.7898,130477.58659296
2013-12-16,43.5943,43.8414,43.4844,43.6575,213159.37430295
2013-12-17,41.5416,41.7235,40.8139,41.4871,1034205.4078274
2013-12-18,41.4142,42.6487,40.847,41.7625,761700.37989282
2013-12-19,40.1904,40.1904,39.1874,39.9374,537270.74860656
2013-12-20,39.6534,39.8042,39.0852,39.1319,451285.18436024
2013-12-23,38.4694,38.8109,38.1688,38.3099,685095.73184767
2013-12-24,39.1553,39.4646,38.8625,39.379,278446.48044859
2013-12-26,36.6201,36.983,36.0121,36.7612,1819130.9050388
2013-12-27,34.8427,36.0199,34.6073,35.9401,2070479.0167722
2013-12-30,37.768,38.1367,37.4665,37.949,1117312.7597832
2013-12-31,37.7583,37.806,37.1717,37.6474,468770.32402515
2014-01-02,36.337,36.6921,35.9887,36.2893,928139.17318991
2014-01-03,36.2173,36.2173,35.7436,36.0199,940008.71508942
2014-01-06,37.0939,37.2544,36.7008,37.0802,559852.37989162
2014-01-07,37.591,37.9869,37.5209,37.591,643918.79329994
2014-01-08,37.0316,37.0316,36.4391,36.661,864179.12849679
2014-01-09,36.2504,36.4781,35.9401,36.3672,791833.20670864
2014-01-10,36.8361,37.4032,36.7534,37.3089,723311.19553505
2014-01-13,37.2446,37.4198,36.0432,36.4537,617322.05586961
2014-01-14,36.5899,37.1581,36.4927,37.0462,453353.38547757
2014-01-15,37.1114,37.1192,36.7855,37.0073,342406.52514171
2014-01-16,36.5335,36.5491,35.656,36.0364,810637.18436239
2014-01-17,35.6794,35.6794,34.8583,35.0081,904850.32402776
2014-01-21,35.1025,35.4206,34.6793,34.978,855518.7933012
2014-01-22,35.2679,35.5451,35.0957,35.5218,717853.89944563
2014-01-23,34.6141,34.6297,33.5216,33.8952,1583004.4245905
2014-01-24,32.8611,33.1208,32.3241,32.3484,1346304.3575499
2014-01-27,33.3485,33.9594,33.185,33.5713,1187214.2569903
2014-01-28,33.5392,33.6676,33.3738,33.6014,511175.64246116
2014-01-29,32.6004,33.2317,32.1266,32.5128,1364714.6368797
2014-01-30,33.2405,33.3358,32.7891,32.8669,602617.47486394
2014-01-31,32.5517,33.0099,32.3864,32.83,589891.664808
2014-02-03,32.7813,32.8981,31.6198,31.6898,630399.41899818
2014-02-04,33.1529,33.618,32.8932,33.3738,735947.57542339
2014-02-05,33.5956,33.6355,33.0274,33.2852,288226.23463859
2014-02-06,34.2688,34.8116,34.0859,34.5285,1238267.5754264
2014-02-07,34.7639,35.0402,34.4312,34.4478,898253.0502847
2014-02-10,34.3758,34.4312,33.9993,34.2104,541064.84916525
2014-02-11,34.5752,35.2134,34.5519,35.0587,453435.62011444
2014-02-12,35.1112,35.2679,34.6608,34.6851,500264.1340812
2014-02-13,34.5052,35.0256,34.3398,34.8671,494339.12849458
2014-02-14,35.1764,35.6638,35.0324,35.4585,370348.82681786
2014-02-18,35.5704,35.587,34.8369,34.8982,408240.49162255
2014-02-19,34.3933,34.4731,33.8164,33.9273,841530.68156928
2014-02-20,34.3067,34.6705,34.2367,34.4886,549991.4189977
2014-02-21,34.4886,35.0733,34.3845,34.8982,539688.4469306
2014-02-24,35.0811,35.3953,34.6073,34.725,568752.22346709
2014-02-25,33.902,33.9594,33.2551,33.3261,1049079.5977716
2014-02-26,33.1773,33.223,32.5517,32.8047,733034.4134122
2014-02-27,32.9467,33.7289,32.9467,33.6111,444455.59776802
2014-02-28,33.902,34.0061,33.2852,33.7152,496694.122908
2014-03-03,33.1529,33.1714,32.4652,32.758,389337.83240456
2014-03-04,33.7473,34.0061,33.6753,33.8952,628492.60335571
2014-03-05,34.5976,34.5976,33.975,34.2445,211458.14525266
2014-03-06,34.8281,35.0908,34.653,35.0003,499002.86033818
2014-03-07,34.4312,34.4731,33.831,34.2026,476589.81005872
2014-03-10,33.8631,33.9507,33.4526,33.8232,328019.57542096
2014-03-11,33.7765,33.7979,33.0187,33.1773,508871.01676282
2014-03-12,33.1996,33.9507,33.0722,33.8699,374785.3854771
2014-03-13,34.0538,34.2688,33.1043,33.3738,735880.75978094
2014-03-14,33.723,34.1559,33.439,33.8164,351733.98882892
2014-03-17,34.3223,34.5207,34.2522,34.441,641128.98324406
2014-03-18,34.5207,35.4585,34.4799,35.4585,693908.20112147
2014-03-19,35.4498,35.4498,34.3067,34.4886,795991.19553548
2014-03-20,34.7328,35.1365,34.6394,34.9303,292123.12849337
2014-03-21,34.6141,34.6209,34.0129,34.1793,490903.77653925
2014-03-24,34.2299,34.4166,33.7678,34.0217,315847.82123094
2014-03-25,34.4886,34.9926,34.4799,34.797,538845.54190266
2014-03-26,36.0199,36.8273,35.8613,36.2504,1455209.7430255
2014-03-27,36.8818,37.1882,36.337,36.4391,1563384.2681658
2014-03-28,37.2135,37.6552,37.0939,37.1581,1215413.5419067
2014-03-31,38.1513,38.8323,37.9645,38.4529,946401.43017326
2014-04-01,39.0794,39.4812,39.0317,39.4646,1353455.6871589
2014-04-02,39.4734,39.7409,39.3148,39.6242,663287.10614922
2014-04-03,39.9374,40.1836,39.7244,40.169,1100237.7653697
2014-04-04,40.7682,41.1077,40.2945,40.3645,1259382.3463762
2014-04-07,40.6505,41.0669,40.5143,40.8859,737784.49162452
2014-04-08,41.7946,42.3014,41.7946,42.064,1075389.5419059
2014-04-09,41.2721,41.6992,40.7896,41.5416,1314851.6648123
2014-04-10,41.7089,41.7089,40.847,40.847,774112.67039569
2014-04-11,40.6097,41.4541,40.5474,41.1321,801174.03352434
2014-04-14,41.494,41.636,41.1321,41.4716,544883.62011499
2014-04-15,41.0747,41.1953,39.6699,40.3032,1689317.3631386
2014-04-16,40.563,40.7896,40.3733,40.7682,674787.62011577
2014-04-17,41.0338,41.7235,41.0289,41.5815,309985.51955493
2014-04-21,41.2974,41.2974,41.0338,41.2031,501580.91620412
2014-04-22,41.0289,41.1398,40.7595,40.8373,391332.02234871
2014-04-23,40.5386,40.6505,40.1904,40.4122,644375.19553458
2014-04-24,40.7293,40.7527,40.312,40.5941,221788.87150971
2014-04-25,40.3567,40.3567,39.7477,40.1359,290474.32402408
2014-04-28,40.5941,41.0289,40.5231,40.9414,525352.89385789
2014-04-29,41.0747,41.2877,40.8548,40.918,615294.97207072
2014-04-30,41.7946,42.101,41.4871,42.0319,497759.06145549
2014-05-01,42.173,42.316,41.8189,42.2839,219989.98882813
2014-05-02,42.5699,42.9804,42.4668,42.6487,545126.21229376
2014-05-05,42.815,43.2013,42.3792,42.6798,226601.65363264
2014-05-06,42.9804,43.209,42.9094,42.9396,746922.81564692
2014-05-07,42.9396,43.3735,42.7975,43.3657,203779.48603474
2014-05-08,43.6818,43.9192,43.5875,43.6741,360243.21787925
2014-05-09,43.4445,43.6429,43.2888,43.5943,266866.81564405
2014-05-12,43.5816,43.9815,43.5252,43.9815,500530.36871808
2014-05-13,43.9815,44.2266,43.9494,44.0856,344185.87709703
2014-05-14,43.8112,44.2198,43.6886,44.0136,206513.78771073
2014-05-15,43.6663,43.8326,42.5757,42.9007,430045.00558916
2014-05-16,42.924,43.0981,42.7119,42.9726,265309.49720829
2014-05-19,42.8374,43.2334,42.8374,43.0203,182143.55307371
2014-05-20,42.5115,42.7265,42.2917,42.5115,439858.68156688
2014-05-21,43.5019,43.746,43.3413,43.7149,273277.00558823
2014-05-22,44.4727,44.9718,44.3871,44.9066,545424.31285242
2014-05-23,44.7179,44.9154,44.5895,44.8123,422419.79888521
2014-05-27,44.6216,44.6216,43.9192,44.3142,856781.09497719
2014-05-28,44.93,45.0175,44.4552,44.7646,233551.50838128
2014-05-29,45.3162,45.8094,45.2238,45.7345,1048213.0502856
2014-05-30,45.7345,45.7345,45.2238,45.2705,463764.29050557
2014-06-02,44.8988,45.1742,44.7179,44.8745,951124.78212859
2014-06-03,44.8123,44.9232,44.6391,44.8424,761461.89944589
2014-06-04,44.6459,44.6945,44.2733,44.607,133294.12290582
2014-06-05,45.7442,46.1781,45.3493,46.1635,723575.374306
2014-06-06,46.3912,46.8027,46.3688,46.6986,383416.93854978
2014-06-09,46.6431,47.0001,46.6149,46.7861,262805.45251554
2014-06-10,46.7949,47.3951,46.7394,47.3951,479922.36871795
2014-06-11,45.3337,45.3493,44.8667,44.93,493803.57542195
2014-06-12,45.6722,45.7763,45.0409,45.1129,646666.45810442
2014-06-13,44.7724,44.9718,44.6303,44.8278,487853.89944426
2014-06-16,43.746,43.9591,43.2266,43.3413,636264.80447308
2014-06-17,43.6818,43.8239,43.5165,43.7918,389145.60894087
2014-06-18,43.7918,44.7957,43.5875,44.678,487114.81564537
2014-06-19,44.8045,44.8745,44.2918,44.4727,618124.87151208
2014-06-20,44.0301,44.355,43.8735,44.3064,171822.07821332
2014-06-23,44.4941,44.821,44.464,44.7802,214888.35754318
2014-06-24,44.7889,45.0175,43.8803,44.0768,431548.87151096
2014-06-25,44.2723,44.8191,44.1848,44.8035,184875.79888379
2014-06-26,44.716,44.8035,43.9824,44.3871,249783.59776686
2014-06-27,44.6167,44.8191,44.2899,44.8103,152534.97206795
2014-06-30,44.6751,44.7471,44.4961,44.5934,210442.54748729
2014-07-01,43.999,44.0642,43.4542,43.7023,621006.16760148
2014-07-02,43.1254,43.6293,42.9493,43.567,303999.86592361
2014-07-03,43.1098,44.1216,43.0281,44.1138,98567.46368774
2014-07-07,44.5126,44.8191,44.4329,44.8103,235912.67039247
2014-07-08,45.1236,45.1712,44.7383,44.8414,110095.73184423
2014-07-09,45.0516,45.3648,44.8745,45.3415,197634.50279448
2014-07-10,44.465,44.787,44.3122,44.7714,318772.2905047
2014-07-11,44.8103,45.3152,44.8103,45.2208,94638.70391118
2014-07-14,45.6693,45.9991,45.6207,45.9748,259667.17318591
2014-07-15,46.1411,46.2316,45.7413,46.0643,185863.64245921
2014-07-16,46.3912,46.8581,46.3843,46.7686,340486.34637075
2014-07-17,46.5536,46.5575,45.2617,45.323,267918.39106305
2014-07-18,45.6547,46.8007,45.6547,46.648,341197.67597969
2014-07-21,46.8406,46.8659,46.3688,46.7929,485508.15642748
2014-07-22,47.0585,47.3309,46.97,47.1626,402373.05028174
2014-07-23,47.4905,47.8212,47.3815,47.6996,274608.17877259
2014-07-24,48.0761,48.3086,48.0148,48.1724,393110.34637107
2014-07-25,48.2405,48.545,48.1413,48.3086,146601.74301764
2014-07-28,48.3981,48.5518,47.9088,48.4866,240490.05586736
2014-07-29,48.3903,48.4866,47.756,47.756,240448.93854892
2014-07-30,47.4905,47.6354,46.2316,46.825,812815.37430654
2014-07-31,46.3912,46.4223,45.9106,46.0711,514932.73743325
2014-08-01,45.9816,46.6091,45.7326,46.3989,794479.10615
2014-08-04,46.6957,46.7686,46.0468,46.4641,312830.8379907
2014-08-05,45.6995,45.6995,44.7072,44.9475,345764.78212497
2014-08-06,43.927,44.4747,43.927,44.1848,1405636.6480531
2014-08-07,44.2305,44.2305,43.3482,43.5359,474050.81564529
2014-08-08,44.0068,44.9475,43.8647,44.787,276083.26257148
2014-08-11,43.5281,43.639,43.0855,43.3404,610817.29609304
2014-08-12,43.069,43.4386,43.0223,43.4386,202406.16759898
2014-08-13,43.5281,43.6468,43.1993,43.3812,314771.57542088
2014-08-14,43.9435,44.0972,43.4853,43.5281,187817.74301788
2014-08-15,43.069,43.069,42.0825,42.5874,354803.39665017
2014-08-18,42.924,43.3277,42.8277,43.246,334518.16759977
2014-08-19,44.3618,44.3618,43.9756,44.1371,145103.01676064
2014-08-20,43.3579,43.8229,43.1653,43.3997,243673.56424727
2014-08-21,43.639,43.9435,43.4785,43.5281,197436.11173302
2014-08-22,43.606,43.7441,43.3102,43.4211,244039.50838135
2014-08-25,43.606,43.9435,43.5447,43.927,152738.50279421
2014-08-26,44.7218,44.9475,44.7072,44.8512,517957.94413717
2014-08-27,44.9728,45.1236,44.7714,45.0827,198941.00558778
2014-08-28,44.893,45.0584,44.6021,45.0584,268696.53631446
2014-08-29,44.963,44.9883,44.4873,44.5204,234746.99441481
2014-09-02,44.4747,44.643,44.2568,44.4027,367315.39665024
2014-09-03,45.2831,45.2831,44.9728,45.1391,307670.61452698
2014-09-04,45.823,45.9748,45.3901,45.5419,546683.53072953
2014-09-05,45.7997,46.1742,45.6781,46.0468,169626.41340884
2014-09-08,45.646,45.6868,45.2763,45.4203,369184.17877316
2014-09-09,44.0243,44.1138,43.3657,43.5972,707110.97207127
2014-09-10,43.3404,43.8482,43.2061,43.7995,168671.46368816
2014-09-11,43.3102,43.3404,42.8763,42.9736,368882.99441561
2014-09-12,42.5728,42.6059,41.7693,41.9765,381184.2681587
2014-09-15,42.387,42.4181,41.9278,42.0183,332391.37430366
2014-09-16,42.4901,43.3044,42.3316,43.2139,646625.34078599
2014-09-17,42.9736,43.2139,42.2586,42.4356,432038.16760035
2014-09-18,41.7858,41.9055,41.5358,41.8403,532128.00000318
2014-09-19,42.0601,42.0601,40.8052,41.0046,305383.46368898
2014-09-22,41.278,41.4083,40.8859,41.0212,361508.60335412
2014-09-23,41.4006,41.4881,40.7497,40.7731,271360.93854911
2014-09-24,40.846,40.846,40.1719,40.7653,635165.94413788
2014-09-25,39.8022,39.8022,39.3615,39.5619,805771.97765845
2014-09-26,39.4569,39.738,39.3537,39.6115,488256.84916493
2014-09-29,39.0823,39.5123,38.8449,39.2963,476259.84357827
2014-09-30,39.167,39.4958,39.0006,39.3926,285269.89944305
2014-10-01,39.2078,39.2808,38.3819,38.5278,531767.19553391
2014-10-02,39.1261,39.4656,38.4373,39.1037,649728.67039495
2014-10-03,38.9763,39.2243,38.3011,38.7584,677416.04469679
2014-10-06,39.5298,39.811,39.1436,39.5464,356814.03352169
2014-10-07,39.3294,39.4238,38.8226,38.8449,228389.22905164
2014-10-08,38.4062,39.3537,38.0667,39.2652,943328.93855313
2014-10-09,39.6728,39.9219,39.3294,39.3926,484579.93296379
2014-10-10,38.7516,38.9928,38.2924,38.3984,615233.29609306
2014-10-13,39.665,40.1077,39.3537,39.4004,663343.64246207
2014-10-14,39.5123,39.8421,39.2399,39.5211,291054.07821403
2014-10-15,39.987,40.133,38.663,39.665,628305.51955683
2014-10-16,39.0249,40.2195,38.8537,39.6271,452153.7877122
2014-10-17,40.3314,40.525,40.1174,40.3236,292431.50838164
2014-10-20,40.3888,40.8373,40.3723,40.7877,299000.00000179
2014-10-21,41.2556,41.6554,41.1505,41.5523,229106.72625835
2014-10-22,41.6554,41.6642,41.2235,41.3188,414168.58100806
2014-10-23,42.1623,42.6769,42.1555,42.4356,787813.98883153
2014-10-24,42.4677,42.9308,42.3374,42.8043,436100.55866183
2014-10-27,42.2352,42.6458,42.065,42.6127,358389.85475075
2014-10-28,43.0223,43.9348,42.9561,43.7674,424820.02234891
2014-10-29,44.176,44.4416,43.318,43.5447,507172.87151141
2014-10-30,43.1098,43.927,43.069,43.7353,224903.50838123
2014-10-31,43.2635,43.6789,43.1341,43.3812,426740.20111987
2014-11-03,43.0855,43.1176,42.4502,42.532,779370.54749069
2014-11-04,42.853,43.2548,42.7635,43.2139,275309.22905193
2014-11-05,42.7635,42.7635,41.9453,42.21,359099.12849377
2014-11-06,41.9697,42.0971,40.9511,41.0698,818890.45810545
2014-11-07,41.136,41.4142,40.8937,41.3928,180185.3407832
2014-11-10,41.6243,41.6243,41.1593,41.2556,230636.29050417
2014-11-11,41.4959,41.5835,41.1505,41.4725,149386.41340871
2014-11-12,42.137,42.6847,42.0601,42.3637,268459.08380049
2014-11-13,42.9405,43.1808,42.7401,42.9824,428547.30726513
2014-11-14,43.1575,43.7441,42.995,43.7353,394661.49720906
2014-11-17,43.6789,43.7023,43.1098,43.2956,678710.21229456
2014-11-18,43.606,43.999,43.4542,43.999,276760.67039272
2014-11-19,43.8881,43.9912,43.4124,43.9192,212692.6927387
2014-11-20,44.0797,44.6167,44.0311,44.4873,213635.30726385
2014-11-21,44.858,45.1158,44.6751,45.0652,437070.92737691
2014-11-24,44.5467,44.8414,44.4747,44.8414,536907.88827137
2014-11-25,44.7383,45.0652,44.7072,44.787,149737.96648134
2014-11-26,45.2539,45.751,45.2539,45.6693,289325.0949738
2014-11-28,46.5536,47.0274,46.1353,46.2968,443681.56424846
2014-12-01,46.0565,46.6246,45.8366,46.3756,372874.45810279
2014-12-02,45.4777,45.7189,45.357,45.6868,890679.24022879
2014-12-03,45.572,45.572,45.2296,45.3901,266440.22346528
2014-12-04,45.6995,46.504,45.6995,46.288,325432.26815837
2014-12-05,45.429,45.572,44.9806,45.2131,257013.05028087
2014-12-08,44.6352,44.7296,44.248,44.5535,398500.82681802
2014-12-09,44.4747,44.4747,44.0311,44.3122,519724.96089696
2014-12-10,44.4747,44.5126,43.8803,43.9756,222796.24581139
2014-12-11,44.7072,44.8745,44.0243,44.0564,186816.53631397
2014-12-12,43.246,43.3355,42.6993,42.8608,428821.76536569
2014-12-15,42.3072,42.3938,40.7011,40.9093,698958.43575837
2014-12-16,40.1874,40.8859,39.6495,40.2439,569393.65363469
2014-12-17,40.8373,43.1487,40.597,41.9697,958626.63687724
2014-12-18,42.5465,43.0933,42.5076,43.0223,1067661.5419058
2014-12-19,43.0223,43.4951,42.7246,43.246,428382.83799139
2014-12-22,43.7441,44.0476,43.7353,43.9503,194611.35195647
2014-12-23,43.6624,43.9756,43.2635,43.6147,164151.64245908
2014-12-24,43.5116,43.9824,43.5116,43.9503,38929.877095205
2014-12-26,43.8929,44.0068,43.5894,43.6147,63302.167598144
2014-12-29,43.2548,43.4124,42.995,43.1575,178534.48044799
2014-12-30,43.1993,43.3812,42.9882,43.2373,324233.69832596
2014-12-31,43.4124,43.7898,43.3579,43.5894,180762.01117427
2015-01-02,43.2139,43.391,43.0359,43.1993,304249.6536331
2015-01-05,44.1459,44.2568,43.5525,43.5894,496228.46927671
2015-01-06,44.1216,44.5292,43.6624,43.9824,396496.35754427
2015-01-07,44.5467,44.643,44.104,44.537,352187.30726468
2015-01-08,45.0827,45.7092,45.0273,45.4621,556025.38547818
2015-01-09,45.8366,46.0137,45.2763,45.5574,622040.26816014
2015-01-12,45.7092,45.9514,45.5876,45.7744,201290.8603364
2015-01-13,46.1411,46.2482,45.357,45.7326,370527.68715305
2015-01-14,45.6207,45.823,45.3736,45.6781,243843.17318582
2015-01-15,45.6936,45.8152,44.7471,44.8658,507111.19553376
2015-01-16,44.3618,45.3901,44.3288,45.2919,999464.35754787
2015-01-20,45.2452,45.646,44.9562,45.5497,706212.55866344
2015-01-21,45.8795,46.6169,45.751,46.3532,1135227.5754258
2015-01-22,46.3055,47.4827,46.0069,47.3543,722203.0838032
2015-01-23,46.4807,46.5916,45.9437,46.039,294235.53072802
2015-01-26,45.8298,46.6713,45.8298,46.362,479364.20112018
2015-01-27,45.8152,46.0964,45.6148,45.7997,990201.6536372
2015-01-28,45.6304,45.6304,44.7383,44.9154,517470.70391371
2015-01-29,44.2072,44.3288,43.4542,43.9192,431488.22346627
2015-01-30,43.0767,43.6711,42.7888,42.8442,514771.35195838
2015-02-02,43.711,44.2072,43.711,44.1303,315763.53072814
2015-02-03,44.0311,44.0875,43.1254,43.7762,966783.28492198
2015-02-04,41.993,42.2742,41.1272,41.2002,797336.7597813
2015-02-05,41.35,41.8237,41.3354,41.7284,969749.89944714
2015-02-06,40.9326,41.0552,40.3723,40.5659,431263.10614783
2015-02-09,39.9219,40.7653,39.7283,40.7011,714654.97207131
2015-02-10,39.5366,39.7283,39.4179,39.6728,457652.20112005
2015-02-11,39.8343,40.0279,39.4744,39.7205,664598.74860733
2015-02-12,40.9842,41.8811,40.9842,41.7858,445506.14525406
2015-02-13,41.2624,41.7595,41.2381,41.7381,232019.88826954
2015-02-17,41.2556,41.3276,40.8694,41.2303,282607.55307432
2015-02-18,41.2459,41.8237,41.2002,41.7858,521242.18994725
2015-02-19,41.528,42.2819,41.5047,41.8237,280391.32961061
2015-02-20,41.2858,41.9453,41.2556,41.8481,181126.92737538
2015-02-23,41.4142,41.6554,41.3597,41.5047,861070.65922302
2015-02-24,41.35,42.1555,41.2556,42.065,200359.55307382
2015-02-25,41.9123,41.921,41.3753,41.4959,250544.26815792
2015-02-26,41.2858,41.3276,40.813,40.8606,280893.98882849
2015-02-27,39.7283,40.1398,39.6183,39.8022,1096810.6368781
2015-03-02,39.8275,39.9219,39.5211,39.8752,363803.97765581
2015-03-03,39.6037,39.7613,39.3926,39.4656,482290.72625987
2015-03-04,38.6144,38.6689,37.7019,37.7962,1582298.2346463
2015-03-05,37.0092,37.2913,36.1347,36.4635,1435780.7821315
2015-03-06,36.4314,36.5092,35.8467,36.1989,991864.84916794
2015-03-09,36.9139,37.0248,36.6405,36.7368,416382.74860584
2015-03-10,35.6609,35.6998,35.1239,35.157,1204291.3072698
2015-03-11,35.0334,35.7815,34.7474,35.5801,550563.97765692
2015-03-12,35.7971,36.0296,35.5227,35.8302,919355.48603902
2015-03-13,34.7289,34.9235,34.4235,34.6336,638901.45251779
2015-03-16,35.5724,35.6443,35.084,35.5082,342122.8156445
2015-03-17,36.2057,36.6882,36.1668,36.5345,708794.72626122
2015-03-18,36.409,37.8206,36.1745,37.556,892812.20112266
2015-03-19,37.3234,37.6844,37.017,37.1853,780310.07821696
2015-03-20,37.805,38.3819,37.5637,38.1727,438059.7988853
2015-03-23,38.9267,39.3615,38.8012,39.2166,335898.68156625
2015-03-24,38.1562,38.4373,38.0433,38.414,349352.26815851
2015-03-25,38.5891,38.9189,37.6513,37.6931,392708.42458335
2015-03-26,37.3234,37.5715,36.9382,37.1688,344868.42458307
2015-03-27,37.1221,37.1221,36.8254,36.9061,225385.60893989
2015-03-30,37.3945,37.7709,37.3614,37.7019,259520.1787725
2015-03-31,36.9207,37.3945,36.8487,37.2417,539821.05028256
2015-04-01,37.2096,37.4986,37.0491,37.266,414511.910617
2015-04-02,37.5316,38.1173,37.5316,37.9577,335149.31843776
2015-04-06,38.6455,39.3693,38.6455,39.1183,1057026.5474924
2015-04-07,38.4782,38.6543,38.1562,38.1727,325502.16759971
2015-04-08,38.4218,38.7019,38.2282,38.414,393081.56424816
2015-04-09,38.878,38.9121,38.34,38.4626,535135.73184677
2015-04-10,37.805,38.1659,37.805,38.1494,179906.7709508
2015-04-13,37.266,37.4421,36.6658,36.6882,330041.51955505
2015-04-14,36.7446,37.3069,36.7446,37.0024,262264.7597781
2015-04-15,36.5909,36.5909,35.8778,36.3107,598553.02793654
2015-04-16,36.8575,37.1853,36.5763,36.9771,851688.71508889
2015-04-17,36.9528,37.1941,36.7047,37.1153,531380.69274061
2015-04-20,36.5676,36.7125,36.5189,36.6726,268558.79329769
2015-04-21,37.3877,37.9013,37.089,37.6347,464019.21787987
2015-04-22,37.1853,37.3468,37.0734,37.2836,242061.76536458
2015-04-23,37.2913,37.732,37.0404,37.66,194983.46368832
2015-04-24,37.6347,37.9947,37.5054,37.9101,195927.10614642
2015-04-27,38.4451,38.878,38.2535,38.8012,315836.51396837
2015-04-28,38.8012,39.2808,38.7671,39.1436,190298.14525253
2015-04-29,39.0648,39.2886,38.878,38.878,324928.58100753
2015-04-30,38.1085,38.2535,37.6435,37.6435,312724.96089572
2015-05-01,37.5637,37.66,37.2913,37.5861,187136.22346481
2015-05-04,37.3312,37.5861,37.0822,37.5054,880730.9050332
2015-05-05,37.5141,37.5141,36.8409,37.0569,852448.357547
2015-05-06,36.9207,37.1941,36.7757,36.8254,237453.54190086
2015-05-07,37.1308,37.4343,36.9382,37.3234,519425.83240534
2015-05-08,37.7651,38.3089,37.6698,37.8429,600775.41899801
2015-05-11,37.9655,38.2768,37.7155,37.9188,201462.52514087
2015-05-12,38.1659,38.8226,37.9889,38.735,615707.17318804
2015-05-13,39.5464,39.811,39.4092,39.5045,560804.24581341
2015-05-14,40.5659,40.8937,40.4297,40.813,492131.12849456
2015-05-15,40.7011,41.1749,40.6291,41.1749,227584.35754326
2015-05-18,41.3665,41.5523,41.2303,41.3753,970638.03352536
2015-05-19,41.1184,41.3101,40.918,41.1272,307439.32961078
2015-05-20,40.8538,41.2235,40.6943,41.0134,353211.12849373
2015-05-21,40.133,40.6058,40.133,40.3645,183771.79888378
2015-05-22,40.0114,40.0114,39.7283,39.8421,589063.15084151
2015-05-26,38.9442,38.9685,38.02,38.198,488926.03352248
2015-05-27,37.9889,38.7914,37.8108,38.7759,175298.54748708
2015-05-28,38.2457,38.3663,37.9256,38.34,219128.5810069
2015-05-29,38.5891,38.5959,37.483,37.5637,398067.03910853
2015-06-01,37.0024,37.339,36.2631,36.4878,508967.64246114
2015-06-02,36.7582,37.0647,36.6074,36.9207,219234.45810187
2015-06-03,37.6746,37.7865,37.3877,37.7067,691850.27933375
2015-06-04,37.4032,37.8108,37.1055,37.2573,679144.00000406
2015-06-05,37.0822,37.4596,36.8098,37.2573,371778.68156647
2015-06-08,34.1832,34.8495,34.0791,34.7951,1470168.2234725
2015-06-09,34.9147,34.9147,34.5217,34.5927,556978.27933294
2015-06-10,35.3165,35.7883,35.157,35.6512,544579.35195856
2015-06-11,36.0461,36.3993,35.9012,36.2961,371986.32402457
2015-06-12,36.0383,36.1259,35.9498,36.1016,129448.6256991
2015-06-15,35.3486,35.4508,35.084,35.3,173927.28491724
2015-06-16,35.8467,36.0627,35.5325,35.6609,155487.19553166
2015-06-17,35.6677,36.6318,35.6677,36.3594,355082.99441553
2015-06-18,36.8098,36.9771,36.6318,36.6882,257776.80447081
2015-06-19,36.9839,37.412,36.8973,36.9771,314590.65921976
2015-06-22,37.7787,38.1416,37.66,37.9188,364300.46927592
2015-06-23,37.5793,37.8604,37.3468,37.7865,492859.93296384
2015-06-24,37.9889,38.2048,37.8371,37.8429,314215.46368903
2015-06-25,38.1017,38.2097,37.8906,37.9733,122448.40223537
2015-06-26,38.0025,38.1348,37.806,37.8809,202018.63687272
2015-06-29,36.944,37.0851,36.3419,36.3613,353046.65921999
2015-06-30,37.2057,37.2485,36.9265,37.0909,401450.99441581
2015-07-01,37.2982,37.5034,36.5325,36.8049,207861.40782247
2015-07-02,36.6561,37.0335,36.6561,36.8944,199462.16759896
2015-07-06,36.8458,37.3711,36.8215,37.231,231954.10056005
2015-07-07,36.9839,37.2641,36.4907,37.2242,306313.74301859
2015-07-08,36.4265,36.515,35.9907,36.0568,284408.49162181
2015-07-09,37.2398,37.2904,36.7612,36.7864,300350.70391241
2015-07-10,37.8322,37.9636,37.518,37.733,245708.87150985
2015-07-13,37.9937,38.2651,37.8643,38.093,242422.56983385
2015-07-14,38.0521,38.307,38.0521,38.2651,291576.26815817
2015-07-15,37.7816,37.9071,37.6591,37.7816,160656.67039202
2015-07-16,37.8974,37.9879,37.6347,37.7573,162466.86033617
2015-07-17,37.9568,38.0025,37.806,37.9937,183884.87150948
2015-07-20,37.2398,37.2398,36.3419,36.6318,254594.32402387
2015-07-21,36.443,36.7709,36.3856,36.5987,155163.39664897
2015-07-22,36.1784,36.336,35.9566,36.1716,221247.15083931
2015-07-23,35.3671,35.7368,34.5937,34.7669,590845.58659571
2015-07-24,34.7766,35.0889,34.5937,34.8729,546543.73184684
2015-07-27,34.2347,34.3466,33.6413,33.7308,495795.70950017
2015-07-28,34.3709,34.512,34.1404,34.3787,327247.59776732
2015-07-29,34.4127,34.6122,34.3622,34.3787,332964.96089585
2015-07-30,34.1734,34.2065,33.8378,34.1734,216500.15642588
2015-07-31,34.8476,35.3904,34.8476,35.3175,531211.08380206
2015-08-03,34.617,34.617,33.8787,34.2162,398494.65922026
2015-08-04,34.1919,34.4711,34.011,34.118,464642.14525417
2015-08-05,34.3135,34.4614,33.7794,33.903,163319.01676075
2015-08-06,34.4371,34.5694,34.226,34.4127,224821.27374436
2015-08-07,34.3232,34.4711,34.118,34.2406,159790.12290598
2015-08-10,33.9789,34.1734,33.8874,34.0275,375074.23463911
2015-08-11,34.7844,35.1112,34.5694,34.7844,366533.139667
2015-08-12,34.405,34.405,34.1083,34.3135,287693.76536485
2015-08-13,32.9088,33.4039,32.7025,33.115,360833.25139881
2015-08-14,33.2133,33.4604,32.9992,33.1977,154190.97206796
2015-08-17,32.6607,33.1228,32.4982,32.6227,441155.93296353
2015-08-18,32.1295,32.2842,31.7676,31.8902,224287.77653765
2015-08-19,31.2258,31.7258,30.9047,31.2666,706093.31843998
2015-08-20,30.9047,31.5546,30.8619,31.0789,368867.5754212
2015-08-21,30.7004,30.8892,30.1158,30.1313,548736.31285244
2015-08-24,28.9562,30.396,28.5447,29.5399,928227.57542454
2015-08-25,30.4047,30.8045,29.2616,29.3424,460017.47486309
2015-08-26,30.7053,31.1577,30.1557,31.111,488248.62570124
2015-08-27,31.2423,31.8085,31.111,31.792,526954.41341097
2015-08-28,30.8794,31.2997,30.7394,31.0448,368867.5754212
2015-08-31,31.2997,31.6363,31.1022,31.4223,411461.00558905
2015-09-01,30.7968,30.8211,30.073,30.2218,1012528.357548
2015-09-02,30.6683,30.7394,30.2384,30.7053,375557.36313074
2015-09-03,30.1965,30.5341,29.893,29.9173,729216.67039542
2015-09-04,29.8687,29.8687,28.8589,29.1789,643173.54190329
2015-09-08,29.1293,29.2791,28.8423,29.2441,434583.32961154
2015-09-09,29.1138,29.1789,28.3589,28.3725,387000.31285148
2015-09-10,28.5962,29.211,28.4542,28.9902,221076.5139678
2015-09-11,28.6857,28.8842,28.4065,28.7441,231226.32402373
2015-09-14,28.2917,28.5116,28.1341,28.497,413528.17877342
2015-09-15,29.1789,29.6128,29.1381,29.606,445415.6871535
2015-09-16,29.9922,30.3619,29.9514,30.2043,446265.78771217
2015-09-17,30.2471,31.3065,30.1644,30.4699,564497.60894192
2015-09-18,30.107,30.6752,29.82,29.9008,359009.69832617
2015-09-21,30.7968,30.8551,30.5098,30.6683,352438.12290713
2015-09-22,30.0584,30.3201,29.8687,30.2384,345621.89944341
2015-09-23,30.001,30.0652,29.5895,29.6381,335623.19553273
2015-09-24,29.0885,29.6624,28.7178,29.6381,704449.6536355
2015-09-25,29.9251,29.9251,29.4007,29.5652,353166.92737641
2015-09-28,29.3755,29.4095,28.892,28.9562,322823.37430361
2015-09-29,29.5895,29.7782,29.3677,29.5,198734.39106264
2015-09-30,29.8687,30.0652,29.6294,30.0263,581354.68156772
2015-10-01,30.1158,30.214,29.5729,29.8444,426793.65363384
2015-10-02,29.6955,31.1577,29.6381,31.0935,1148465.2960963
2015-10-05,31.1577,31.7433,31.1168,31.7005,833589.89944632
2015-10-06,31.4466,31.9972,31.2822,31.8153,495677.49720967
2015-10-07,32.4399,33.007,32.398,32.7356,729005.94413844
2015-10-08,33.0333,33.6831,32.828,33.5499,534251.7095004
2015-10-09,33.0897,33.4604,33.0576,33.221,320918.61452706
2015-10-12,33.1666,33.2852,32.8105,32.9185,316707.17318625
2015-10-13,32.1451,32.5897,32.0634,32.1208,290614.12290677
2015-10-14,32.9574,33.2288,32.7765,33.115,594739.3966516
2015-10-15,33.4925,33.7639,33.2541,33.7084,295604.73743193
2015-10-16,33.188,33.5411,32.9253,33.328,398560.44692976
2015-10-19,33.5236,33.5236,33.2288,33.3514,393894.65922023
2015-10-20,33.8125,33.8378,33.5158,33.6325,212848.93854876
2015-10-21,33.3767,33.7084,33.3767,33.4516,186442.3687162
2015-10-22,34.011,34.2814,33.9526,34.1588,167821.36312949
2015-10-23,33.9215,33.9351,33.328,33.508,196665.16201235
2015-10-26,33.6909,33.7308,33.2784,33.3514,335521.4301696
2015-10-27,32.8027,33.0167,32.6296,32.8446,306557.36313032
2015-10-28,32.8523,33.0722,31.9408,32.3581,440546.36871772
2015-10-29,32.1033,32.1636,31.8241,31.9476,916021.89944682
2015-10-30,32.8669,33.3436,32.7278,33.0819,543625.43017085
2015-11-02,36.0315,36.2864,35.9177,36.2621,1368801.6983322
2015-11-03,35.4984,36.2961,35.4984,36.0889,731548.02235074
2015-11-04,35.836,35.8506,34.939,35.1287,774576.26816106
2015-11-05,35.335,35.3992,35.0558,35.2659,254714.59218029
2015-11-06,34.2406,34.4536,33.8787,34.4449,573198.03352298
2015-11-09,34.3067,34.3067,33.8038,33.8874,504309.05028234
2015-11-10,33.9127,34.2814,33.7862,34.2007,838134.39106646
2015-11-11,34.5781,34.7513,34.3466,34.6832,164780.73743115
2015-11-12,34.3952,35.0217,34.3875,34.6453,300350.70391241
2015-11-13,34.9147,35.0285,34.617,34.7007,410732.20111977
2015-11-16,34.2989,34.6686,34.1345,34.6501,543015.86592503
2015-11-17,34.6686,34.7513,34.3135,34.4789,222705.78771083
2015-11-18,34.3875,34.6355,34.1258,34.6122,332845.72067238
2015-11-19,34.4536,34.7338,34.3709,34.5295,126687.59776612
2015-11-20,34.8651,34.9235,34.617,34.6686,221490.77095104
2015-11-23,34.405,34.4964,33.903,34.011,319337.65363319
2015-11-24,32.4399,32.7444,31.9155,32.5478,929408.67039662
2015-11-25,32.5148,32.5478,32.112,32.326,272236.7374318
2015-11-27,31.5624,31.6606,31.3231,31.3406,238771.35195673
2015-11-30,31.684,31.8902,31.2822,31.4797,353413.63128703
2015-12-01,32.2521,32.4165,32.0381,32.2278,405581.2290527
2015-12-02,32.1451,32.3581,31.7997,31.8727,303467.39664986
2015-12-03,32.112,32.4399,31.5293,31.6684,222792.13407954
2015-12-04,31.2734,31.5789,31.1022,31.3328,308261.6759795
2015-12-07,31.1421,31.1421,30.7394,30.7968,228548.55866058
2015-12-08,30.6683,30.8045,30.4855,30.7569,268436.46927535
2015-12-09,30.896,31.2997,30.6586,30.8464,442009.11732108
2015-12-10,30.4855,30.5419,29.9173,29.9757,376413.63128717
2015-12-11,29.1712,29.2441,28.5709,28.5709,500058.54748902
2015-12-14,28.5057,28.7344,28.0942,28.7178,351375.24022556
2015-12-15,29.6196,29.9008,29.5243,29.6381,653152.7150877
2015-12-16,30.0584,30.9232,29.893,30.575,432756.69274002
2015-12-17,30.8794,30.9456,30.3201,30.3201,465496.35754468
2015-12-18,30.3201,30.4514,30.1897,30.3026,351585.96648255
2015-12-21,30.4057,31.0867,30.4057,30.7403,172029.72067142
2015-12-22,29.8541,30.6499,29.8453,30.6168,204091.97765485
2015-12-23,30.789,31.0526,30.7403,31.0448,335666.36871709
2015-12-24,30.9787,31.037,30.7812,30.8804,67854.88268197
2015-12-28,31.0448,31.2005,30.9466,31.1499,153894.92737522
2015-12-29,31.0798,31.1431,30.8396,30.9553,180839.10614633
2015-12-30,30.6255,30.8678,30.4135,30.4446,202822.48044814
2015-12-31,30.3035,30.4378,29.8609,29.8852,393620.20111967
2016-01-04,28.9659,29.0544,28.5875,29.0301,360998.74860551
2016-01-05,28.9425,28.999,28.7178,28.8997,409437.00558904
2016-01-06,28.6128,28.8842,28.6128,28.7344,374208.71508604
2016-01-07,28.3589,29.2616,28.2917,28.7597,474359.19553356
2016-01-08,28.9085,28.9377,27.9687,27.9872,366001.69832621
2016-01-11,28.7441,28.8423,28.0359,28.4542,268328.53631445
2016-01-12,28.8093,28.999,28.4406,28.6614,390331.84357775
2016-01-13,29.4095,29.427,28.5213,28.6779,341403.26257187
2016-01-14,28.7908,29.1507,28.5641,28.9834,289261.36313022
2016-01-15,28.3005,28.5116,27.9045,28.2265,523596.15642771
2016-01-19,28.5544,28.5544,27.961,28.1439,608312.22346732
2016-01-20,27.9143,28.2606,27.2489,28.0612,658625.43017154
2016-01-21,27.4532,27.961,27.3218,27.6107,562934.12290839
2016-01-22,28.3725,28.5875,28.2003,28.5447,341192.53631489
2016-01-25,28.3345,28.4629,28.0213,28.0612,130118.8379896
2016-01-26,28.711,29.1789,28.711,29.1644,190203.57542013
2016-01-27,29.3609,29.5905,28.9756,29.1712,305950.88268339
2016-01-28,29.7208,29.7957,29.4591,29.7626,254373.31843727
2016-01-29,30.108,30.6002,30.0097,30.5672,516666.86033828
2016-02-01,29.9105,30.5341,29.82,30.4135,222021.18435887
2016-02-02,30.0594,30.0594,29.428,29.4659,1036344.536319
2016-02-03,30.4611,31.2267,30.1489,31.1343,602460.20112092
2016-02-04,31.1674,31.2345,30.7812,30.9631,471002.99441622
2016-02-05,30.9388,30.9563,30.6499,30.7578,332057.29609137
2016-02-08,30.0662,30.0992,29.5661,29.9436,346996.24581213
2016-02-09,29.2363,29.7422,29.1663,29.5574,531234.72626016
2016-02-10,29.5408,29.9018,29.4825,29.4825,374139.84357766
2016-02-11,29.3103,29.6965,29.1138,29.3521,533254.61452833
2016-02-12,29.6303,29.6887,29.3755,29.6537,246308.15642605
2016-02-16,29.4007,29.4007,29.0145,29.1293,395146.68156661
2016-02-17,29.7626,30.2559,29.6887,30.0097,360688.31285132
2016-02-18,30.0272,30.1741,29.9358,30.0272,372416.00000223
2016-02-19,29.9018,30.2481,29.894,30.0915,222812.69273876
2016-02-22,30.7744,31.2005,30.7578,31.1839,255085.67597918
2016-02-23,31.2744,31.4223,30.8892,30.896,424220.7374327
2016-02-24,30.6002,31.2092,30.4407,31.0798,346039.24022553
2016-02-25,31.2423,31.4145,31.0526,31.3824,438546.01117581
2016-02-26,30.9787,31.0526,30.0506,30.1741,461635.44134354
2016-02-29,30.9145,31.2267,30.8055,30.8055,415075.21787958
2016-03-01,31.2345,31.8746,31.1927,31.8007,420516.06704162
2016-03-02,31.6042,32.3367,31.5847,32.3114,231186.23463825
2016-03-03,31.934,32.4904,31.7842,32.4836,468294.39106425
2016-03-04,32.0225,32.8621,31.9661,32.6879,303865.20670573
2016-03-07,32.3114,32.6724,32.1373,32.542,195059.53072742
2016-03-08,32.6159,32.7949,32.3922,32.5488,181634.72625807
2016-03-09,32.8621,33.4672,32.8037,33.1899,330995.44134276
2016-03-10,33.3047,33.4779,32.7463,33.3115,313669.63128679
2016-03-11,33.6092,34.1277,33.4623,34.045,550739.75419324
2016-03-14,33.8631,34.3495,33.7094,34.1355,573526.97207047
2016-03-15,33.3874,33.5343,33.0839,33.5343,369195.48603573
2016-03-16,32.8776,34.4468,32.8037,34.3641,641212.24581389
2016-03-17,34.5071,35.2854,34.5071,35.1725,711553.69832828
2016-03-18,34.9974,35.6152,34.9974,35.4585,680127.73184764
2016-03-21,35.4255,35.7718,35.3817,35.6638,466059.66480726
2016-03-22,34.5314,34.9575,34.4633,34.8408,547360.93855076
2016-03-23,34.2279,34.4235,34.0538,34.1277,364977.87709715
2016-03-24,34.2357,34.8019,34.0762,34.7357,211244.33519679
2016-03-28,34.7182,34.7853,34.5538,34.761,80906.547486517
2016-03-29,34.8262,35.8136,34.7182,35.7134,1004160.9832462
2016-03-30,35.763,35.9411,35.6074,35.6794,313082.68156612
2016-03-31,36.1658,36.3175,35.8652,36.0257,216558.74860465
2016-04-01,35.5334,36.0899,35.3369,35.9197,496905.87709794
2016-04-04,36.4771,36.6162,36.3039,36.3127,242310.52514111
2016-04-05,35.9858,36.1424,35.6726,35.7309,307694.25698508
2016-04-06,35.2679,35.727,35.0723,35.7047,486639.91061743
2016-04-07,35.0237,35.156,34.6608,34.8262,278829.89944301
2016-04-08,35.6074,35.7514,35.3836,35.476,651796.87151228
2016-04-11,36.4226,36.7329,36.4226,36.5014,1075977.5195595
2016-04-12,36.4771,36.8682,36.0656,36.7738,756439.41899894
2016-04-13,36.9781,37.2583,36.947,37.2271,360158.92737645
2016-04-14,37.1668,37.34,36.9713,37.3001,658391.06145645
2016-04-15,36.8896,37.2271,36.8565,37.0044,607361.38547849
2016-04-18,37.1668,37.7106,37.1016,37.5793,195719.46368832
2016-04-19,37.6863,37.839,37.5307,37.8011,439991.28491883
2016-04-20,38.0054,38.1542,37.3828,37.8497,334090.54748803
2016-04-21,37.3984,37.6289,37.1746,37.3487,270668.11173346
2016-04-22,37.3487,37.5705,37.0618,37.1016,342519.59776741
2016-04-25,37.0783,37.1843,36.8808,37.0287,363828.64804687
2016-04-26,37.5715,37.842,37.3915,37.8089,496978.86033817
2016-04-27,37.6367,37.7923,37.1843,37.662,356441.92178984
2016-04-28,37.4227,37.875,37.2709,37.5044,240956.73743161
2016-04-29,37.8011,37.842,37.4645,37.7748,285239.06145422
2016-05-02,37.4986,37.4986,36.9975,37.2339,362892.20111949
2016-05-03,35.7465,35.7465,35.156,35.2124,499380.11173483
2016-05-04,34.3077,34.3155,32.1645,32.3445,1734313.0726361
2016-05-05,33.6763,33.8222,32.8377,33.0265,929591.64246366
2016-05-06,32.9846,33.2638,32.8864,33.1335,526100.20112046
2016-05-09,33.3387,33.3961,32.8377,32.8776,332459.21787908
2016-05-10,33.0508,33.1335,32.7706,32.9662,267027.17318595
2016-05-11,32.7463,33.1422,32.7122,32.8125,217669.94413538
2016-05-12,33.2473,33.3533,32.542,32.5829,205341.94413531
2016-05-13,32.6237,32.6957,32.007,32.0809,323630.30167791
2016-05-16,31.8571,32.0313,31.7881,31.8999,248239.64245958
2016-05-17,32.1373,32.3941,31.9165,32.0147,1536038.1676069
2016-05-18,31.8912,32.2356,31.4641,31.6275,760551.15084254
2016-05-19,31.3406,31.4641,31.1314,31.3561,371811.57542122
2016-05-20,31.8912,31.934,31.5809,31.646,260951.06145407
2016-05-23,31.5147,31.7774,31.3892,31.5556,252205.40782274
2016-05-24,33.0595,33.4555,32.9846,33.3387,749198.65922236
2016-05-25,33.2561,33.3961,33.0595,33.1247,779908.15642924
2016-05-26,33.1169,33.2064,32.7609,32.9662,157894.61452608
2016-05-27,32.8125,32.8864,32.4759,32.5663,212367.86592306
2016-05-31,33.0839,33.1169,32.5002,32.5994,406037.63128734
2016-06-01,32.4408,32.6403,32.3533,32.4671,382760.08938776
2016-06-02,32.3367,32.4185,32.0809,32.2609,319272.89385666
2016-06-03,33.3961,33.651,33.1588,33.5995,998293.54190541
2016-06-06,33.5606,33.7648,33.3631,33.7094,587749.45251748
2016-06-07,33.5255,33.6929,33.4302,33.5022,418745.96648295
2016-06-08,33.9224,34.1511,33.83,33.9224,422264.58100811
2016-06-09,33.4847,33.6598,33.3874,33.5674,977634.14525724
2016-06-10,32.9272,32.9302,32.3367,32.4671,285096.17877265
2016-06-13,32.2531,32.8037,32.2112,32.4243,308630.70391246
2016-06-14,32.5002,32.5235,31.9418,32.2288,373908.55866145
2016-06-15,32.4243,32.7288,32.327,32.4759,337029.40782324
2016-06-16,31.9486,32.1042,31.324,31.9982,730826.41341219
2016-06-17,32.1217,32.1791,31.8542,32.1723,445289.25139931
2016-06-20,33.1169,33.3533,32.9584,33.0352,276762.72625864
2016-06-21,33.2638,33.3203,33.0352,33.2804,268321.34078373
2016-06-22,33.2687,33.3173,33.0508,33.2006,334632.26815843
2016-06-23,33.7726,34.4877,33.5888,34.4711,292701.85475035
2016-06-24,31.8552,32.1626,31.6295,31.6723,695277.40782539
2016-06-27,32.1684,32.3611,31.5235,31.8902,833484.02235135
2016-06-28,32.8981,33.2269,32.7901,32.9389,711887.77654057
2016-06-29,33.2347,33.2755,32.9321,33.1354,328700.06704107
2016-06-30,33.1705,33.4535,33.0343,33.3028,435209.34078472
2016-07-01,33.6043,33.7289,33.2765,33.4127,626103.68715458
2016-07-05,32.9389,33.1773,32.7054,32.722,386494.56983471
2016-07-06,32.4272,32.8329,32.1266,32.7979,380461.63128719
2016-07-07,33.0177,33.185,32.5547,32.6879,228256.62569969
2016-07-08,33.3864,33.9176,33.2094,33.8057,268168.17877255
2016-07-11,33.8826,34.2094,33.8826,34.0256,430905.38547744
2016-07-12,34.832,35.2601,34.7746,35.1336,290860.82681738
2016-07-13,35.0607,35.1171,34.6637,35.0324,225406.16759911
2016-07-14,35.6054,35.9654,35.5977,35.8564,631592.84916579
2016-07-15,35.6794,35.8078,34.3943,34.9575,986364.37989416
2016-07-18,31.934,32.9243,31.7822,32.7716,3228000.4022539
2016-07-19,32.6305,32.757,30.8143,31.1012,2362255.7318577
2016-07-20,30.8911,31.0001,30.1265,30.2919,1887483.3072739
2016-07-21,29.3434,29.605,29.0749,29.4222,2111145.0726383
2016-07-22,29.5797,29.6196,29.1984,29.5797,1677164.1117419
2016-07-25,30.5545,30.7734,30.3901,30.5107,1101825.9217943
2016-07-26,30.4212,30.5448,30.1518,30.3531,675186.4581046
2016-07-27,30.7569,31.2686,30.6907,31.1762,596900.11173541
2016-07-28,31.4281,31.5137,30.9913,31.3036,523053.40782436
2016-07-29,31.4281,31.8065,31.2277,31.7822,341968.62570037
2016-08-01,31.8318,32.2433,31.7822,31.9496,405831.0167622
2016-08-02,31.6956,31.827,31.4106,31.7044,429218.5474886
2016-08-03,30.8911,31.2102,30.7598,31.1674,293171.62011348
2016-08-04,31.3114,31.7988,31.3036,31.5711,296290.36871686
2016-08-05,31.3775,31.7657,31.2939,31.6811,189962.01117432
2016-08-08,32.4797,32.6724,32.4797,32.5897,373545.69832626
2016-08-09,32.9321,33.1529,32.8981,32.9486,300752.62570012
2016-08-10,32.9486,33.0411,32.723,33.0002,229925.98882819
2016-08-11,33.2006,33.5965,33.2006,33.5537,427809.25139921
2016-08-12,33.2171,33.3514,33.0411,33.1442,331300.73743215
2016-08-15,33.2512,33.4633,33.2347,33.3777,153745.87709589
2016-08-16,33.2833,33.3368,33.1004,33.1442,254250.99441493
2016-08-17,33.4049,33.5849,33.0926,33.4633,467290.10056145
2016-08-18,33.3028,33.3699,33.1179,33.3105,940561.74302238
2016-08-19,33.0595,33.4127,32.9827,33.3514,565393.96648383
2016-08-22,33.0177,33.0848,32.8572,32.9321,372459.17318658
2016-08-23,33.1529,33.2006,32.2774,32.3027,611140.06704276
2016-08-24,32.076,32.3192,32.0254,32.2774,497649.07262867
2016-08-25,32.5128,32.757,32.4613,32.7482,343570.14525345
2016-08-26,32.4613,32.9827,32.076,32.3377,502092.82681864
2016-08-29,32.2774,32.3455,32.0848,32.328,387655.10614757
2016-08-30,32.1937,32.3698,32.0167,32.0682,221568.89385607
2016-08-31,32.1344,32.1509,31.7569,31.9077,236195.35195672
2016-09-01,31.8552,32.1422,31.789,32.0848,251102.43575569
2016-09-02,32.4272,32.6724,32.3611,32.6471,656697.02793689
2016-09-06,33.0595,33.5362,32.9574,33.4214,586969.25140016
2016-09-07,33.1773,33.2006,32.8981,33.1004,321479.86592371
2016-09-08,33.0255,33.1354,32.7482,32.7979,877712.89386
2016-09-09,32.4204,32.4447,32.006,32.0342,655883.93296481
2016-09-12,31.6811,32.3504,31.4019,32.1179,714501.81006014
2016-09-13,31.8406,31.8406,31.1927,31.4797,410458.77095217
2016-09-14,31.5458,31.7822,31.3192,31.3697,429541.31843832
2016-09-15,31.5799,32.0254,31.361,31.8902,357718.61452728
2016-09-16,31.8221,31.9418,31.6888,31.8552,264473.78771108
2016-09-19,32.4116,32.5294,32.1947,32.3611,435704.80447188
2016-09-20,32.3864,32.4525,32.1509,32.1509,141746.81564331
2016-09-21,32.6227,33.4117,32.4797,33.26,363300.29050497
2016-09-22,33.7075,33.9244,33.6831,33.8981,396780.06704148
2016-09-23,33.6899,33.796,33.5109,33.6141,305047.32961076
2016-09-26,32.0001,32.2521,31.9165,31.9671,1236985.7430242
2016-09-27,32.185,32.5381,32.0001,32.5196,439850.45810319
2016-09-28,32.4029,32.7482,32.2171,32.6967,278082.59218043
2016-09-29,32.2103,32.2696,31.4622,31.7307,621360.80447299
2016-09-30,31.8221,31.9418,31.7044,31.8143,335979.88827017
2016-10-03,31.8552,32.0342,31.6956,31.9496,303426.27933142
2016-10-04,31.6295,31.6995,30.967,31.1334,563885.98883019
2016-10-05,31.7492,31.9165,31.5624,31.789,313654.21229238
2016-10-06,31.7735,32.1684,31.7307,32.0507,144230.30167684
2016-10-07,32.1013,32.1509,31.398,31.8318,151466.94972158
2016-10-10,31.5954,31.7346,31.5458,31.648,114189.9888275
2016-10-11,31.4972,31.5059,31.2511,31.4019,374724.73743241
2016-10-12,31.11,31.4281,31.0672,31.3192,219489.38547617
2016-10-13,30.9252,31.3542,30.7734,31.218,238980.0223478
2016-10-14,31.4019,31.4019,30.9086,31.0672,114726.56983309
2016-10-17,31.0925,31.2102,30.9573,31.0088,122849.29609012
2016-10-18,31.3192,31.5507,31.2053,31.4884,569953.87709838
2016-10-19,31.9924,32.2842,31.8406,32.1937,212842.77095099
2016-10-20,32.1937,32.3542,32.0799,32.1684,159429.31843671
2016-10-21,31.7569,32.0167,31.6723,31.9826,200545.60893975
2016-10-24,32.3114,32.3455,32.076,32.1509,198729.25139784
2016-10-25,32.1013,32.1937,31.9243,32.1256,189011.17318549
2016-10-26,31.9496,32.1607,31.8445,32.041,136794.23463769
2016-10-27,31.7735,31.7735,31.289,31.3542,290235.84357715
2016-10-28,31.2598,31.4203,30.9544,31.1674,216946.27933091
2016-10-31,31.4106,31.5595,31.2443,31.3941,273210.18994577
2016-11-01,31.2686,31.2686,30.4047,30.5788,548155.53072953
2016-11-02,30.8483,30.8483,30.4426,30.7481,715965.58659646
2016-11-03,30.6469,30.7812,30.3269,30.5107,206462.39106269
2016-11-04,29.5642,29.5642,29.032,29.1858,906608.08939089
2016-11-07,29.7052,30.0594,29.6196,29.9825,493539.396651
2016-11-08,29.9241,30.5711,29.7558,30.4047,865337.60894372
2016-11-09,29.3288,29.6537,29.0155,29.2432,985237.76536902
2016-11-10,29.176,29.3686,28.3627,28.6643,992571.03911208
2016-11-11,28.639,28.8745,28.2684,28.5972,462395.08380165
2016-11-14,28.2334,28.2431,27.7606,27.9911,516549.67598074
2016-11-15,28.2684,28.5447,28.1507,28.5057,465696.80447206
2016-11-16,27.9503,28.0602,27.8491,27.9405,246270.1229065
2016-11-17,27.8219,27.9405,27.4794,27.53,273259.53072789
2016-11-18,27.8734,27.9318,27.5874,27.7654,240287.55307406
2016-11-21,27.816,27.9824,27.7654,27.9172,245715.03910761
2016-11-22,27.9318,27.9503,27.6545,27.9318,288535.64245983
2016-11-23,27.3948,27.6059,27.2022,27.5456,533346.10056185
2016-11-25,26.7644,26.957,26.7323,26.9502,336767.28491821
2016-11-28,27.1506,27.3773,27.1331,27.3432,245424.13407968
2016-11-29,27.0835,27.2936,27.0095,27.1954,208824.58100684
2016-11-30,26.7731,26.8977,26.6389,26.7401,534451.12849482
2016-12-01,25.9073,25.9073,25.5882,25.6797,664308.87151235
2016-12-02,25.8402,26.026,25.7828,25.883,470673.02793577
2016-12-05,25.7896,26.0173,25.7235,25.9404,464314.23463965
2016-12-06,26.85,27.3179,26.85,27.2936,1308007.6871587
2016-12-07,27.639,28.2431,27.6195,28.2334,1046883.9329672
2016-12-08,27.1185,27.5524,27.0164,27.5057,759923.08380343
2016-12-09,27.1331,27.1331,26.8072,26.8899,649966.12290891
2016-12-12,26.8977,27.3432,26.8811,27.3432,891599.24022879
2016-12-13,27.353,27.6292,27.1759,27.3354,475394.32402519
2016-12-14,27.387,27.639,26.4706,26.5299,627643.53073001
2016-12-15,27.2625,27.4279,27.1,27.353,546606.43575746
2016-12-16,27.3948,27.5378,27.244,27.3695,400065.34078451
2016-12-19,27.3101,27.3617,26.6807,26.8422,1006684.5586652
2016-12-20,27.2703,27.3948,27.1759,27.2537,475435.44134362
2016-12-21,27.4298,27.4639,27.2946,27.2946,284813.49720841
2016-12-22,27.279,27.3364,27.0416,27.2946,549637.81005915
2016-12-23,27.1097,27.1642,27.0348,27.1273,278111.37430334
2016-12-27,26.8909,26.9667,26.8578,26.9424,262538.1899457
2016-12-28,26.9249,27.0718,26.8986,26.993,176749.98882787
2016-12-29,27.279,27.6312,27.2294,27.5631,381467.97765591
2016-12-30,27.3539,27.5465,27.2352,27.3286,570373.27374643
2017-01-03,26.6058,26.6058,26.3422,26.4375,914272.35754737
2017-01-04,26.3276,26.4784,26.2595,26.4784,404206.88268398
2017-01-05,26.1,26.3957,26.0075,26.3704,866769.51955825
2017-01-06,26.242,26.3276,26.1087,26.1087,289879.15083972
2017-01-09,25.6622,25.8733,25.5951,25.7711,354496.04469486
2017-01-10,25.4433,25.4842,25.2497,25.2497,842112.49162515
2017-01-11,24.6855,25.2409,24.3907,25.2147,1534796.4245902
2017-01-12,26.3762,26.7157,26.3762,26.6632,1309327.5530805
2017-01-13,26.6389,27.4123,26.5115,27.4123,1103504.5363194
2017-01-17,27.0261,27.1769,26.9084,27.1341,925175.64246363
2017-01-18,27.0669,27.245,26.959,27.0747,1503262.5251487
2017-01-19,26.5718,26.6729,26.4297,26.5543,430824.17877353
2017-01-20,26.8909,27.2703,26.8733,27.2635,647925.67598153
2017-01-23,27.1963,27.6312,27.1195,27.5728,850074.86034028
2017-01-24,27.6818,27.8238,27.6234,27.6312,468934.79329889
2017-01-25,26.7829,27.0261,26.7226,27.0095,864523.48603869
2017-01-26,26.9424,27.0932,26.85,26.8909,247178.81564394
2017-01-27,26.8656,26.9765,26.7644,26.9327,200959.86592299
2017-01-30,28.0203,28.3404,27.818,28.281,941890.86034083
2017-01-31,28.389,28.4055,28.1701,28.2878,356790.39106359
2017-02-01,28.4231,28.5242,28.246,28.4318,398367.19553311
2017-02-02,28.8949,29.0359,28.8005,28.9367,437483.12849424
2017-02-03,29.426,29.7442,29.3988,29.6021,1136958.6145319
2017-02-06,29.4659,29.4659,29.1984,29.3054,333640.31285116
2017-02-07,28.8949,28.9464,28.7091,28.8102,402319.59776777
2017-02-08,29.2227,29.5856,29.2052,29.4173,451091.93296359
2017-02-09,29.8395,29.9115,29.7179,29.8551,517205.4972098
2017-02-10,29.2908,29.5,29.0875,29.4329,474310.8826844
2017-02-13,29.8123,29.9212,29.7189,29.8784,446348.02234904
2017-02-14,29.929,29.963,29.4922,29.8619,633017.56424959
2017-02-15,29.4922,29.9971,29.426,29.9212,733810.50279768
2017-02-16,29.8395,29.929,29.6595,29.6848,665971.03911013
2017-02-17,30.1313,30.4183,30.072,30.3512,412262.79329855
2017-02-21,30.3415,30.5506,30.2792,30.502,247323.75419142
2017-02-22,30.4855,30.7199,30.2568,30.6888,413011.12849409
2017-02-23,30.9252,30.9894,30.8298,30.8892,397326.92737668
2017-02-24,30.4105,30.4689,30.2062,30.2568,387971.70949953
2017-02-27,30.2568,30.2987,29.9718,29.9971,274090.1005603
2017-02-28,29.9212,29.929,29.5428,29.5768,308980.20111917
2017-03-01,29.9455,30.3337,29.9455,30.216,358859.62011388
2017-03-02,29.8872,29.963,29.5749,29.6021,570474.01117659
2017-03-03,29.643,29.9883,29.5515,29.9718,397064.80447165
2017-03-06,30.324,30.4183,30.1985,30.2899,727907.08380323
2017-03-07,30.4183,30.5613,30.4183,30.5419,280481.78771117
2017-03-08,29.5175,29.6848,29.248,29.2821,591703.91061806
2017-03-09,29.392,29.3988,28.7509,28.9192,439780.55866185
2017-03-10,29.5934,29.7101,29.392,29.6352,349478.7039127
2017-03-13,29.3317,29.6255,29.3317,29.5515,333349.40782322
2017-03-14,29.426,29.4494,29.2908,29.392,362459.44134295
2017-03-15,29.677,30.3337,29.5515,30.2987,721722.0111775
2017-03-16,30.5419,30.8629,30.4271,30.7637,744208.04469719
2017-03-17,30.7792,30.8298,30.7121,30.8298,126381.27374377
2017-03-20,30.7364,31.0409,30.68,31.0079,212458.32402362
2017-03-21,31.0234,31.1577,30.5176,30.5419,325432.26815837
2017-03-22,30.393,30.7121,30.3463,30.5681,260840.0446943
2017-03-23,30.5613,30.6285,30.324,30.4183,408740.06704155
2017-03-24,30.5516,30.9933,30.5516,30.9154,414800.75977902
2017-03-27,30.7121,30.7462,30.5098,30.68,289207.91061625
2017-03-28,30.6187,30.7364,30.0477,30.0642,1214187.2178844
2017-03-29,30.2413,30.25,29.9543,30.1985,595878.34637228
2017-03-30,30.3162,30.3843,30.1489,30.1489,398431.95530964
2017-03-31,30.1985,30.2753,30.072,30.1313,298292.78212469
2017-04-03,30.2325,30.2753,29.9883,30.1829,453061.45251668
2017-04-04,30.072,30.107,29.8123,29.9377,311031.95530912
2017-04-05,29.9971,30.0613,29.8045,29.8045,921104.00000551
2017-04-06,29.8619,29.9037,29.6508,29.7276,127896.44692814
2017-04-07,29.6508,29.7023,29.5428,29.6692,506399.86592482
2017-04-10,30.4602,30.6713,30.4514,30.5516,502599.59776837
2017-04-11,30.7296,30.9407,30.5944,30.9067,489540.73743309
2017-04-12,31.0409,31.2929,31.0322,31.2841,655587.88827208
2017-04-13,30.8123,30.9154,30.5419,30.6109,496782.52514263
2017-04-17,30.9738,31.1081,30.5098,30.5681,587993.07262921
2017-04-18,30.9738,31.2267,30.8892,31.1917,506705.1620142
2017-04-19,31.0156,31.1207,30.646,30.7462,380704.22346596
2017-04-20,31.5225,31.7219,31.5225,31.6888,665710.97207102
2017-04-21,31.8143,31.8601,31.7044,31.7988,452259.66480717
2017-04-24,32.615,33.0771,32.5303,33.043,757586.5921833
2017-04-25,32.8086,33.2707,32.7152,33.2191,484078.30167887
2017-04-26,33.1957,33.2794,32.9331,33.1199,530830.74860653
2017-04-27,33.4409,33.4895,33.1461,33.2629,375762.94972292
2017-04-28,33.4973,33.5742,33.3728,33.473,466335.15084078
2017-05-01,33.4662,33.5392,33.3047,33.364,1064227.2178835
2017-05-02,33.5392,33.6929,33.4487,33.5567,538470.34637193
2017-05-03,33.2707,33.4146,33.1238,33.2288,543525.72067364
2017-05-04,32.8173,33.0012,32.6471,32.7152,311267.35195717
2017-05-05,32.8747,33.4195,32.8747,33.4146,341347.75419198
2017-05-08,33.2026,33.2074,32.6072,32.6403,319352.04469465
2017-05-09,33.0187,33.3796,32.7833,32.8747,608100.46927738
2017-05-10,33.473,33.758,33.473,33.7425,454698.94972339
2017-05-11,33.5392,33.6189,33.1724,33.3728,375190.3910637
2017-05-12,33.3543,33.4078,33.1957,33.3047,216804.4245823
2017-05-15,33.6072,34.0119,33.5654,34.0119,219922.14525271
2017-05-16,33.9117,34.1034,33.8349,34.0878,263373.89944292
2017-05-17,33.5985,33.7016,33.33,33.33,238919.3743031
2017-05-18,32.6636,33.0352,32.5809,32.7998,411294.48044939
2017-05-19,33.1724,33.9117,33.1724,33.8184,690564.33519966
2017-05-22,33.7755,33.9526,33.758,33.8855,292210.50279504
2017-05-23,34.3242,34.3982,34.1793,34.3242,189735.86592292
2017-05-24,34.6774,34.7172,34.2727,34.4663,679203.62011579
2017-05-25,34.3145,34.4439,34.1034,34.1209,420992.00000252
2017-05-26,34.188,34.2483,34.0197,34.0363,170226.726258
2017-05-30,34.2318,34.5013,34.1793,34.4079,153786.99441433
2017-05-31,34.6832,34.7279,34.4312,34.6774,736255.95531166
2017-06-01,34.4235,34.87,34.3398,34.87,247739.03910763
2017-06-02,35.047,35.4089,34.9955,35.3749,328271.41899638
2017-06-05,35.0042,35.0042,34.761,34.9031,479872.00000287
2017-06-06,34.9225,35.1657,34.9225,35.0908,209718.88268282
2017-06-07,34.5665,34.7785,34.333,34.584,321783.10614718
2017-06-08,34.7523,35.0295,34.6443,35.0217,523327.86592492
2017-06-09,35.1044,35.2825,34.7523,34.8885,287514.90502965
2017-06-12,35.335,35.5607,35.2397,35.5607,346479.1955328
2017-06-13,35.2902,35.6181,35.2727,35.6181,414981.67598013
2017-06-14,35.7543,36.2261,35.6006,35.8224,506275.48603655
2017-06-15,35.4011,35.5091,35.2066,35.3681,508092.87151142
2017-06-16,35.2066,35.4255,35.0957,35.3077,483845.98882971
2017-06-19,35.4089,35.5218,35.3496,35.4585,200422.25698444
2017-06-20,35.5354,35.5354,35.0791,35.1025,398735.19553311
2017-06-21,35.5354,35.5354,35.2581,35.3116,220104.08938679
2017-06-22,35.6726,35.9304,35.6443,35.8535,152532.91620203
2017-06-23,35.7776,35.8204,35.6901,35.7163,151248.0000009
2017-06-26,36.0539,36.2261,36.0539,36.122,233574.12290642
2017-06-27,35.9158,35.9158,35.406,35.4148,272960.40223627
2017-06-28,35.7163,36.0539,35.6726,36.0023,390252.69273976
2017-06-29,35.8029,35.8409,35.1657,35.5519,403415.37430409
2017-06-30,35.7338,35.9848,35.7338,35.8126,200583.6424593
2017-07-03,35.5704,35.6803,35.371,35.4576,175964.64804574
2017-07-05,35.3797,35.3797,34.9497,35.1122,282505.78771119
2017-07-06,34.8972,34.9653,33.9662,34.7328,263826.18994571
2017-07-07,34.8797,34.9147,34.5266,34.7931,201835.66480568
2017-07-10,35.1025,35.2163,35.0383,35.1988,323792.71508573
2017-07-11,35.5617,36.0315,35.5432,35.9304,206778.99441464
2017-07-12,36.3205,36.7427,36.2689,36.7261,369881.11732065
2017-07-13,36.804,36.84,36.5355,36.804,172361.74301779
2017-07-14,37.1318,37.5287,37.0705,37.4324,337269.94413609
2017-07-17,37.6143,37.8001,37.4772,37.7437,259868.64804625
2017-07-18,37.5793,37.7768,37.4947,37.7525,120663.91061525
2017-07-19,38.054,38.413,38.054,38.3994,313210.14525327
2017-07-20,38.0278,38.2184,37.8731,38.0356,305394.77095155
2017-07-21,38.019,38.0278,37.8215,38.0015,86112.000000515
2017-07-24,37.6931,37.7174,37.4849,37.6231,279631.68715251
2017-07-25,37.7768,37.8313,37.5443,37.555,123522.59217951
2017-07-26,37.7855,38.1231,37.6737,38.0618,254165.67597917
2017-07-27,38.4081,38.5054,37.8225,38.1231,299319.68715263
2017-07-28,38.2603,38.3274,37.9927,38.2603,323982.8826835
2017-07-31,38.0881,38.2904,37.9859,38.2457,355392.40223676
2017-08-01,37.8313,37.8692,37.6484,37.6678,228556.78212427
2017-08-02,37.6678,37.9431,37.6406,37.8731,121306.36871581
2017-08-03,37.7768,37.9509,37.7359,37.8916,125593.87709572
2017-08-04,38.4957,38.5366,38.4237,38.5366,77303.642458563
2017-08-07,38.9344,39.1057,38.8819,39.0823,384455.15084029
2017-08-08,38.95,38.9734,38.736,38.7807,156070.03352049
2017-08-09,38.3653,38.5366,38.2778,38.4782,205215.50838112
2017-08-10,38.3916,38.3916,37.7174,37.7272,233736.53631425
2017-08-11,37.6406,37.8468,37.5287,37.7359,183419.21787819
2017-08-14,38.6241,38.986,38.5453,38.8226,161903.55307359
2017-08-15,38.0881,38.1581,37.8215,37.9743,242244.73743162
2017-08-16,37.7612,38.1319,37.5462,38.1153,110782.39106211
2017-08-17,37.8994,38.0968,37.5365,37.6056,197132.87150956
2017-08-18,37.9178,38.3206,37.8731,38.0618,170656.40223566
2017-08-21,38.986,39.0113,38.8187,38.9597,230113.07262707
2017-08-22,38.9957,39.0648,38.7623,38.7623,83894.748603854
2017-08-23,38.8313,39.3401,38.8313,39.2963,113650.32402303
2017-08-24,39.452,39.6086,39.1222,39.1932,208831.77653756
2017-08-25,39.4335,40.0989,39.4335,40.0298,210331.53072751
2017-08-28,39.9258,40.1174,39.8946,40.0464,134115.44134158
2017-08-29,39.951,40.1174,39.8849,40.0639,131138.54748682
2017-08-30,40.1252,40.1252,39.9335,40.0298,290450.68156598
2017-08-31,39.7789,39.9773,39.6942,39.8946,297919.64245988
2017-09-01,40.4705,40.6602,40.3927,40.6515,257745.96648199
2017-09-05,39.8236,39.8236,39.2662,39.5113,271616.89385637
2017-09-06,39.6504,40.1174,39.6504,40.0561,155419.35195624
2017-09-07,40.0036,40.3227,39.8849,40.2273,240268.02234781
2017-09-08,39.6349,39.8051,39.5512,39.6602,317149.18435944
2017-09-11,40.0989,40.3149,40.0512,40.0639,344669.00558865
2017-09-12,39.6086,39.7361,39.5113,39.6436,162270.52514063
2017-09-13,39.5288,39.5736,38.9247,38.986,255424.89385628
2017-09-14,38.8313,39.3236,38.8313,39.271,145672.49162098
2017-09-15,39.3995,39.3995,39.1066,39.2798,102203.26257044
2017-09-18,38.7195,38.7195,37.9859,38.0968,423050.9497232
2017-09-19,38.0813,38.1756,37.3721,37.5968,766468.96089844
2017-09-20,37.7087,37.9927,36.9674,37.304,555712.89385807
2017-09-21,37.2592,37.2592,36.8808,37.0102,347050.72625906
2017-09-22,36.873,37.2087,36.873,37.1483,238989.27374445
2017-09-25,36.303,36.303,35.8204,35.871,503538.10056167
2017-09-26,36.4927,36.7008,36.3107,36.5617,199358.34636991
2017-09-27,35.4225,35.4751,35.2017,35.3292,415083.44134326
2017-09-28,35.8204,36.1045,35.7076,35.9848,365797.13966699
2017-09-29,36.2261,36.2601,35.9304,36.0695,325746.81564441
2017-10-02,36.2524,36.3545,36.1648,36.2076,327130.41340978
2017-10-03,36.1813,36.2981,36.0452,36.1813,416970.72625948
2017-10-04,36.3905,36.5082,36.3107,36.3545,164319.19553171
2017-10-05,36.3993,36.4927,36.1911,36.1998,343322.41340987
2017-10-06,35.7426,35.9304,35.5519,35.9226,307152.53631469
2017-10-09,33.7999,34.2834,33.6014,34.2513,1123472.1340849
2017-10-10,35.0529,35.1735,34.4653,34.6803,985713.69832992
2017-10-11,35.4148,35.5023,35.0791,35.4663,442411.03910879
2017-10-12,35.8204,36.1813,35.6385,36.1405,310077.00558845
2017-10-13,36.2261,36.4927,36.2164,36.2767,972193.2960952
2017-10-16,36.337,36.4674,36.2339,36.2601,329755.75419192
2017-10-17,36.3642,36.4674,36.0267,36.2261,333261.00558858
2017-10-18,36.2164,36.2524,35.9771,36.122,215240.93854877
2017-10-19,36.5014,36.9586,36.5014,36.9586,529530.41341099
2017-10-20,36.7845,36.804,36.3817,36.7767,169651.0837999
2017-10-23,36.1998,36.1998,35.6852,35.7426,311890.27933147
2017-10-24,35.8467,35.9304,35.3292,35.3535,703852.42458521
2017-10-25,35.9304,36.0189,35.0879,35.2251,1237887.2402309
2017-10-26,35.6463,35.6901,34.5266,34.5684,750541.13966929
2017-10-27,34.7766,35.3632,34.5353,35.2659,785708.7821276
2017-10-30,35.4751,35.5879,35.2932,35.3116,315870.43575608
2017-10-31,35.7776,36.0948,35.5266,36.0792,275534.34637036
2017-11-01,36.4927,36.9226,36.4411,36.6483,348152.67039314
2017-11-02,36.7427,37.1318,36.6483,37.0705,328979.66480644
2017-11-03,35.8467,35.8467,35.5169,35.5432,443778.18994679
2017-11-06,36.5442,37.2875,36.5442,37.0442,489521.20670684
2017-11-07,35.8204,35.871,35.621,35.6648,257962.86033674
2017-11-08,35.8535,36.0578,35.7076,35.9848,413020.37989074
2017-11-09,35.4488,35.5617,35.0616,35.3972,360025.29609154
2017-11-10,35.1385,35.1385,34.9147,34.9235,323104.00000193
2017-11-13,34.8106,35.0694,34.7678,35.0256,146667.53072713
2017-11-14,35.2513,35.4576,35.0169,35.1472,227893.76536449
2017-11-15,34.7591,34.7931,34.4293,34.5859,212378.14525267
2017-11-16,34.5266,34.7591,34.3378,34.619,341519.41899646
2017-11-17,34.0081,34.3194,33.9565,34.1297,549814.61452843
2017-11-20,33.0595,33.1199,32.8008,33.1024,463743.73184635
2017-11-21,32.7833,33.2055,32.758,32.972,940823.86592741
2017-11-22,33.2142,33.6462,33.188,33.5499,275213.63128656
2017-11-24,32.9992,33.2142,32.8465,32.9029,391192.22346603
2017-11-27,33.5061,33.5061,33.1977,33.3105,625297.78771324
2017-11-28,32.8621,32.8621,32.0595,32.3095,923458.99441893
2017-11-29,32.2395,32.2395,31.8513,32.006,676814.70391466
2017-11-30,32.5235,33.1111,32.5235,32.687,840760.75978156
2017-12-01,32.7658,33.0167,32.6286,32.8874,448720.49162279
2017-12-04,33.5333,33.975,33.3105,33.7901,910619.08380433
2017-12-05,33.7746,34.51,33.7746,34.2678,524972.55866236
2017-12-06,33.939,34.0431,33.7999,33.975,238207.0167612
2017-12-07,33.9925,34.4478,33.9925,34.3018,334702.16759977
2017-12-08,34.8369,35.0081,34.763,34.8972,460044.20112007
2017-12-11,35.371,35.4576,35.2066,35.2416,380707.30726485
2017-12-12,35.1472,35.2844,34.94,35.0791,481500.24581293
2017-12-13,34.8029,35.4401,34.8029,35.2513,448643.39665073
2017-12-14,34.9575,35.1735,34.6384,34.6472,702369.11732263
2017-12-15,35.0431,35.3019,34.94,35.1122,329626.23463884
2017-12-18,35.5704,35.8963,35.5568,35.6988,317952.0000019
2017-12-19,35.8204,35.8204,35.405,35.4566,300054.65921967
2017-12-20,35.5082,35.9313,35.4741,35.7591,172170.54748706
2017-12-21,35.8204,36.2358,35.8204,36.1142,218156.15642589
2017-12-22,36.1055,36.3389,36.0364,36.3224,244326.30167744
2017-12-26,36.2621,36.5471,36.2621,36.5111,159260.73743112
2017-12-27,36.373,36.5646,36.3389,36.4255,146233.74301763
2017-12-28,37.1192,37.6377,37.1192,37.5151,403936.53631526
2017-12-29,37.4908,37.8702,37.4908,37.6017,475359.37430452
2018-01-02,38.5453,38.7623,38.5113,38.736,515341.85475168
2018-01-03,38.2175,38.45,37.9548,38.0433,883814.7039159
2018-01-04,37.8439,38.3546,37.8439,38.235,385129.47486264
2018-01-05,38.3906,38.9092,38.3906,38.8469,559136.93855083
2018-01-08,38.6494,38.6737,38.3994,38.6407,300248.93854928
2018-01-09,37.984,38.0696,37.7058,37.8887,393015.77653866
2018-01-10,37.2641,37.3176,36.9616,36.9975,593243.75419349
2018-01-11,37.2038,37.9675,37.2038,37.9675,326771.66480642
2018-01-12,37.9908,38.3109,37.8283,38.3041,190176.84916315
2018-01-16,37.4548,37.7505,37.3089,37.3176,469528.93855029
2018-01-17,37.8439,38.4587,37.8439,38.1144,467381.58659497
2018-01-18,38.4947,38.7457,38.4257,38.6241,550930.94972396
2018-01-19,37.9499,37.9499,37.5929,37.7826,346410.32402442
2018-01-22,38.3041,38.9354,38.2447,38.9169,263334.8379904
2018-01-23,38.951,39.2808,38.8654,39.2292,400465.2067063
2018-01-24,39.5765,39.9462,39.4958,39.7477,386795.75419226
2018-01-25,39.6281,39.9462,39.2983,39.4014,306485.40782306
2018-01-26,39.9462,40.3713,39.8528,40.3713,287539.57542071
2018-01-29,39.4627,39.8888,39.4014,39.7302,437904.5810082
2018-01-30,39.5502,39.6621,39.1241,39.3168,214055.73184486
2018-01-31,39.8353,39.9209,39.058,39.3674,336945.11732045
2018-02-01,39.3849,39.7915,39.3255,39.5405,388110.48044925
2018-02-02,39.0405,39.2253,38.5803,38.5881,506574.61452817
2018-02-05,38.521,38.8819,37.4373,37.4908,860923.66480962
2018-02-06,37.4285,38.8819,37.4285,38.5716,839598.16760278
2018-02-07,38.0521,38.3546,37.3089,37.3517,491221.40782417
2018-02-08,37.6104,37.6192,36.124,36.1317,453185.83240494
2018-02-09,36.7719,37.1104,35.9576,36.8594,513777.34078519
2018-02-12,37.5423,37.9227,37.2836,37.6902,278140.15642624
2018-02-13,37.4207,37.6017,37.2641,37.5063,329174.97206901
2018-02-14,37.0491,37.9315,36.9265,37.7748,192259.44134193
2018-02-15,38.0521,38.7195,38.0346,38.7097,217429.40782253
2018-02-16,38.4947,39.1689,38.4947,38.8391,190556.15642572
2018-02-20,38.0608,38.0608,37.0579,37.3351,453401.69832673
2018-02-21,37.984,38.8138,37.8011,38.0171,373883.88827039
2018-02-22,38.2603,38.6591,38.2603,38.4169,163026.0558669
2018-02-23,38.521,38.8556,38.4947,38.7623,87059.754190465
2018-02-26,39.1426,39.4267,38.9704,39.4267,245734.56983387
2018-02-27,39.2292,39.2292,38.3819,38.3819,271459.62011335
2018-02-28,38.7807,39.0658,38.555,38.5881,199920.62569952
2018-03-01,38.45,38.5628,37.7408,38.2087,250085.81005736
2018-03-02,37.8527,38.5025,37.6649,38.4169,185984.9385486
2018-03-05,38.0521,38.5054,37.9315,38.3984,213780.24581133
2018-03-06,38.5366,38.5366,37.9908,38.0861,143832.49162097
2018-03-07,38.2087,38.5025,38.0696,38.4947,142291.62011258
2018-03-08,38.1212,38.1212,37.768,37.984,165128.17877194
2018-03-09,38.0433,38.4587,38.0433,38.4587,136114.77095053
2018-03-12,38.3644,38.5599,38.1299,38.235,373858.18994637
2018-03-13,38.1825,38.1825,37.5268,37.6552,281142.74860503
2018-03-14,37.8186,37.8789,37.2836,37.6455,218984.67039237
2018-03-15,37.447,37.5929,37.1104,37.2913,360621.49720886
2018-03-16,37.1192,37.195,36.8847,36.8847,148636.02234726
2018-03-19,36.5374,36.5374,36.0802,36.3088,389718.1676001
2018-03-20,36.6862,36.8672,36.4615,36.5734,727432.1787753
2018-03-21,36.8769,37.5608,36.8594,37.5511,169928.62569934
2018-03-22,36.9975,37.1007,36.5296,36.5987,275606.30167763
2018-03-23,36.4693,36.5209,35.5013,35.5422,494240.44693033
2018-03-26,36.193,36.694,35.9235,36.6162,360737.65363344
2018-03-27,36.3127,36.3652,35.6648,35.7854,293799.68715259
2018-03-28,35.4478,35.6648,35.2144,35.3622,267018.94972227
2018-03-29,36.2183,36.9528,36.1473,36.7028,283728.0000017
2018-04-02,36.3925,36.4382,35.7679,36.0627,320073.6536332
2018-04-03,36.123,36.3039,35.8632,36.2621,240891.97765507
2018-04-04,35.5422,36.2543,35.5422,36.1833,314243.21787897
2018-04-05,35.8467,35.9235,35.6307,35.6988,307945.07262754
2018-04-06,35.7261,35.8671,35.2572,35.4741,328723.70949917
2018-04-09,35.2397,35.3369,34.5645,34.6093,285335.68715254
2018-04-10,33.8913,34.0295,33.3796,33.9604,366035.62011392
2018-04-11,33.042,33.5012,32.8446,33.3446,384567.19553303
2018-04-12,33.8125,33.8903,33.6043,33.6666,322611.62011366
2018-04-13,33.7434,33.7434,33.3718,33.5703,243548.15642604
2018-04-16,33.7687,34.1073,33.6841,34.0557,338317.40782325
2018-04-17,33.5343,33.5625,33.3183,33.4244,274444.73743181
2018-04-18,34.081,35.405,33.9604,35.3525,704855.68715505
2018-04-19,35.0062,35.0324,34.6346,34.8165,415884.2011198
2018-04-20,34.4614,34.4711,34.0635,34.2026,225321.87709632
2018-04-23,33.9964,34.0188,33.5888,33.5965,494850.01117614
2018-04-24,33.7862,34.1404,33.6578,33.8125,499623.73184656
2018-04-25,33.2074,33.224,32.8523,33.224,509440.49162316
2018-04-26,33.2502,33.3183,32.8786,33.2765,414719.55307511
2018-04-27,33.7775,33.8038,33.3893,33.6753,518743.2849193
2018-04-30,33.4244,33.5012,32.3251,32.6033,939359.06145813
2018-05-01,32.3348,32.3348,31.7637,32.1247,528081.02793612
2018-05-02,31.7365,31.8922,31.253,31.4164,735288.67039546
2018-05-03,31.4164,31.4855,30.4991,30.9913,711022.25698749
2018-05-04,30.2306,30.9067,30.1955,30.8191,687235.88827226
2018-05-07,30.1703,30.1878,29.7802,30.0496,521496.08938859
2018-05-08,29.4951,29.5224,28.7606,28.9173,986461.00559249
2018-05-09,29.9193,30.1527,29.393,29.7733,796288.26816119
2018-05-10,30.464,31.0516,30.3249,30.9417,536884.24581327
2018-05-11,30.1703,30.2656,29.7198,29.9455,324010.63687345
2018-05-14,30.4475,30.5672,29.5827,29.6692,390315.39665038
2018-05-15,28.9425,29.071,28.6556,28.8385,624714.94972441
2018-05-16,29.3998,29.5827,29.142,29.3229,627031.91061827
2018-05-17,29.0116,29.0573,28.7606,28.8725,300468.91620291
2018-05-18,28.7169,28.9425,28.6458,28.855,322743.19553266
2018-05-21,28.3696,28.4493,28.0728,28.2927,424982.43575673
2018-05-22,27.9979,28.3287,27.9026,27.9717,634278.83799262
2018-05-23,26.8218,29.1322,26.4832,29.0622,3261875.9329804
2018-05-24,27.3675,27.6107,26.7868,27.5067,1660410.8603451
2018-05-25,27.7129,27.9298,27.5825,27.7392,681213.22905435
2018-05-29,28.9941,29.4951,28.9941,29.2539,971400.75978234
2018-05-30,29.5476,29.8084,29.2179,29.7198,652719.95531116
2018-05-31,28.8385,28.8385,28.1711,28.4659,780688.35754657
2018-06-01,27.5563,27.9298,27.2644,27.3744,645711.50838375
2018-06-04,27.6964,27.8773,27.5358,27.6351,377609.11732069
2018-06-05,27.3744,27.3792,27.0854,27.1681,389349.13966713
2018-06-06,26.8909,27.5144,26.8811,27.4882,397030.88268394
2018-06-07,28.0602,28.3968,27.6107,27.8773,702166.61452934
2018-06-08,27.6253,27.7567,27.3841,27.7392,642249.43017144
2018-06-11,27.6516,27.6866,27.4716,27.4979,412292.60335442
2018-06-12,27.0212,27.0728,26.6574,26.7537,569934.34637212
2018-06-13,26.3033,26.3033,25.488,25.7312,1129278.9273811
2018-06-14,26.2323,26.2498,25.4326,25.5591,1202673.3407893
2018-06-15,25.4112,25.6369,25.2205,25.524,1126869.4525207
2018-06-18,25.488,25.6116,25.2468,25.5503,619416.98324393
2018-06-19,25.7906,25.9336,25.6301,25.6476,505939.35195833
2018-06-20,25.9336,25.9336,25.6739,25.7196,554410.50279661
2018-06-21,25.9268,26.168,25.7731,25.8548,593798.83799238
2018-06-22,26.3091,26.5951,26.1583,26.4871,449604.51396917
2018-06-25,25.9686,26.0581,25.5503,25.8548,1131885.7653699
2018-06-26,26.3091,26.3441,25.9599,26.204,560929.65363464
2018-06-27,26.4609,26.8189,26.3539,26.3636,556827.17318769
2018-06-28,26.9074,27.0494,26.7381,26.9074,520663.46369026
2018-06-29,27.1847,27.2664,26.7547,26.9891,369806.0782145
2018-07-02,26.7731,26.9346,26.6856,26.8977,340439.06145455
2018-07-03,26.7119,26.7206,26.2391,26.2819,386006.30167829
2018-07-05,27.4074,27.6399,27.3208,27.4434,414468.73743265
2018-07-06,27.6302,27.96,27.4882,27.7917,584861.98883031
2018-07-09,28.0057,28.1575,26.6224,26.8549,838294.74860836
2018-07-10,26.3169,26.3685,25.9424,26.0581,1270142.7486109
2018-07-11,25.3373,25.3548,24.1387,24.308,1881740.2458213
2018-07-12,23.4072,23.8537,23.2116,23.5949,1785134.078223
2018-07-13,23.6659,24.0327,23.6124,23.7914,632920.93855127
2018-07-16,23.7097,23.8265,23.5852,23.773,807053.81006069
2018-07-17,24.058,24.594,24.0142,24.558,1083353.9664869
2018-07-18,24.2389,24.7195,24.0677,24.5668,575422.48045037
2018-07-19,24.558,24.7467,24.4685,24.6222,384710.07821459
2018-07-20,25.0045,25.1476,24.9257,24.9773,607853.76536676
2018-07-23,25.6476,25.7283,25.4238,25.5591,594598.56983596
2018-07-24,24.0327,24.3168,23.916,23.9695,1202444.111739
2018-07-25,24.9686,25.6476,24.9686,25.5328,567643.08380228
2018-07-26,25.4861,25.5766,24.5142,24.6485,1092719.4636937
2018-07-27,24.7643,25.1223,24.7643,25.0045,367102.61452733
2018-07-30,25.0143,25.06,24.8538,24.9968,190547.93296203
2018-07-31,25.1476,25.2643,24.7993,25.1933,443187.12849427
2018-08-01,25.1835,25.2176,24.2992,24.4063,1330797.9888348
2018-08-02,23.8975,23.9432,23.6844,23.8975,682990.52514375
2018-08-03,24.1115,24.1562,23.808,24.0843,452633.83240494
2018-08-06,23.2535,23.3128,22.2359,22.2913,2023971.2178892
2018-08-07,23.0307,23.7136,22.8527,23.3721,1483359.6871597
2018-08-08,23.5142,23.5317,23.1435,23.2826,1047279.6871571
2018-08-09,23.0307,23.0307,22.2359,22.3799,2041471.7765485
2018-08-10,17.7093,19.5489,17.5488,19.1306,14888189.363217
2018-08-13,17.1645,17.6548,16.86,17.0303,14055592.447011
2018-08-14,18.2269,19.0654,18.0926,18.9507,5939954.815678
2018-08-15,19.0937,19.87,18.7814,19.7192,5706469.0950062
2018-08-16,19.6919,19.7717,18.6549,19.0752,3317701.9441539
2018-08-17,18.1199,19.0839,18.0595,18.9769,3672840.4469493
2018-08-20,18.8709,18.8903,18.4419,18.8076,1681330.3240324
2018-08-21,18.9769,19.3524,18.9497,19.2094,1799540.55867
2018-08-22,19.2532,19.4244,19.1734,19.2532,1107954.4581072
2018-08-23,19.2007,19.2435,18.7532,18.7979,942672.08939111
2018-08-24,19.2094,19.4507,19.1734,19.4147,1252188.8715159
2018-08-27,19.0304,19.1024,18.796,19.0217,944495.64246375
2018-08-28,19.3349,19.4147,18.9672,19.0032,1067843.4860399
2018-08-29,18.6121,18.7755,18.4496,18.5041,1604254.8826912
2018-08-30,17.5566,18.0401,17.4593,17.7813,3171648.0894044
2018-08-31,18.0664,18.0878,17.6198,18.0498,1193034.413415
2018-09-04,17.8621,17.9681,17.6918,17.7541,1300163.530734
2018-09-05,18.0664,18.2006,17.9,18.0401,1413507.5307347
2018-09-06,18.0839,18.1918,17.9593,18.0664,927168.80447482
2018-09-07,18.4594,18.6549,18.3971,18.5207,926070.97207258
2018-09-10,18.3086,18.4419,18.0751,18.1636,887532.73743547
2018-09-11,18.2901,18.4944,18.2006,18.4788,574628.91620455
2018-09-12,18.5751,18.8261,18.4944,18.7191,1160182.7039176
2018-09-13,19.4789,19.978,19.4701,19.834,2585041.6983395
2018-09-14,19.906,19.906,19.5665,19.6287,1283199.5530803
2018-09-17,19.1822,19.3884,19.1024,19.1647,819380.7821278
2018-09-18,19.0304,19.2629,18.9672,19.1734,458936.08938822
2018-09-19,19.7192,20.0655,19.6472,19.978,2615183.7765519
2018-09-20,19.8242,20.0655,19.4896,19.9955,1702599.2849264
2018-09-21,19.8962,20.1336,19.762,20.013,907301.9441395
2018-09-24,20.514,21.2455,20.4148,20.8165,2974316.8268334
2018-09-25,20.7825,20.9372,20.441,20.9148,1224146.8603425
2018-09-26,20.7543,21.2543,20.655,20.9946,1149623.7765432
2018-09-27,21.4343,21.7125,21.3078,21.4605,1320460.067047
2018-09-28,21.3535,21.5121,21.086,21.2631,1341936.6703991
2018-10-01,21.3633,21.4868,21.2455,21.3166,492162.99441635
2018-10-02,21.086,21.1638,20.8875,21.156,960027.70950295
2018-10-03,20.7825,20.834,20.4692,20.6297,1305157.2290581
2018-10-04,20.013,20.156,19.3972,19.4419,1689455.1061554
2018-10-05,19.8155,19.87,19.5917,19.7464,555365.45251729
2018-10-08,19.9332,20.3525,19.906,20.3077,765029.85475318
2018-10-09,20.2358,20.5325,20.156,20.4955,855977.25140177
2018-10-10,20.5762,20.5762,19.9429,19.9429,820643.08380379
2018-10-11,20.3077,21.1201,20.228,20.7455,4566322.8603625
2018-10-12,21.4148,21.6464,20.5947,20.9595,2573457.9218031
2018-10-15,21.8818,22.1036,21.7631,21.8078,1709147.2178873
2018-10-16,21.9333,22.4956,21.7894,22.4606,1552657.7877188
2018-10-17,22.2913,23.1299,22.1804,22.8069,1303771.5754268
2018-10-18,22.6746,22.6746,21.9333,22.1396,1278197.6312926
2018-10-19,22.1658,22.1658,21.7991,22.0131,958480.67039679
2018-10-22,22.0219,22.0569,21.3837,21.5033,712625.83240649
2018-10-23,20.8438,21.2455,20.549,21.1288,973699.21788292
2018-10-24,21.2543,21.3166,20.6813,20.7008,690077.09497619
2018-10-25,21.0315,21.6415,21.0315,21.4508,538102.34637193
2018-10-26,21.014,21.1638,20.7319,21.051,558104.89385809
2018-10-29,21.3263,21.4421,20.7825,21.0315,608385.20670755
2018-10-30,21.0578,21.4605,21.051,21.4508,802168.04469753
2018-10-31,21.5121,21.5821,20.5568,20.8525,899989.22905566
2018-11-01,21.2105,21.7359,21.1016,21.7018,761001.38547941
2018-11-02,22.1561,22.4956,21.9859,22.2729,1142323.3966549
2018-11-05,22.7184,23.3721,22.7184,23.2729,1023166.4357603
2018-11-06,22.6299,22.7641,22.4431,22.7641,707842.86033943
2018-11-07,22.8974,23.1221,22.7184,23.0852,577344.71508725
2018-11-08,22.3264,22.3624,21.8818,21.9499,931746.1899497
2018-11-09,21.7991,21.872,21.5004,21.693,999849.83240821
2018-11-12,21.7018,21.7631,21.3633,21.5491,721224.49162442
2018-11-13,21.6464,22.0219,21.6464,21.8078,517220.91620421
2018-11-14,21.9236,22.1308,21.8526,22.0413,878776.80447453
2018-11-15,22.2009,22.7914,22.0851,22.6202,1005435.6201177
2018-11-16,22.5842,22.8478,22.4684,22.7447,814672.84916688
2018-11-19,22.7641,22.8974,22.6202,22.8001,931270.25698881
2018-11-20,21.9499,22.1036,21.5753,21.7018,980933.81006173
2018-11-21,22.3624,22.7184,22.1911,22.4684,713943.64246237
2018-11-23,22.4431,22.7028,22.4431,22.6114,341426.90502997
2018-11-26,22.9966,23.1484,22.7914,22.9966,904579.97765904
2018-11-27,23.0307,23.0307,22.6834,22.9431,358816.44692952
2018-11-28,22.9431,23.5755,22.9246,23.5492,854384.98324533
2018-11-29,23.5755,23.8887,23.5492,23.7,667556.11173583
2018-11-30,23.5492,23.5667,23.2632,23.4509,1113116.7374368
2018-12-03,23.3352,23.4772,23.1134,23.2895,1014460.8715144
2018-12-04,22.5326,22.5414,22.0316,22.1308,1343360.3575499
2018-12-06,22.2271,22.6114,22.1211,22.6114,1036419.5754252
2018-12-07,22.7281,22.8974,22.3536,22.4256,1090722.1899507
2018-12-10,22.3341,22.3341,21.8254,22.0754,1432062.7486119
2018-12-11,21.9596,22.0569,21.7203,21.9693,590461.13966833
2018-12-12,21.7106,21.8166,21.5393,21.6386,1036097.8324084
2018-12-13,21.8078,22.0754,21.7894,21.9596,990498.7262629
2018-12-14,21.5666,21.7407,21.4508,21.6123,771415.37430629
2018-12-17,21.6464,21.7446,21.4421,21.5033,577236.78212636
2018-12-18,21.8176,22.1581,21.8176,22.0588,1060651.0391125
2018-12-19,22.3468,22.84,21.8088,22.051,1244320.0447002
2018-12-20,22.409,22.5978,22.2028,22.3565,850793.38547995
2018-12-21,22.3108,22.4635,22.0588,22.1405,1241362.6815717
2018-12-24,22.2028,22.3108,22.0958,22.1055,252112.89385626
2018-12-26,22.1328,22.4635,22.0044,22.4557,539577.43017082
2018-12-27,22.1503,22.3915,22.0063,22.3371,637902.30167979
2018-12-28,22.0151,22.1863,22.0151,22.1328,673598.30168
2018-12-31,22.1405,22.2213,21.8896,22.0151,706914.63687573
2019-01-02,21.3068,21.4868,21.1201,21.4508,922556.46927926
2019-01-03,20.6171,20.7883,20.2766,20.6531,968519.46369294
2019-01-04,21.1463,21.8263,21.0675,21.7738,1011452.1117379
2019-01-07,21.6658,21.7028,21.3701,21.6308,719646.61452944
2019-01-08,21.4605,21.4771,21.1998,21.4343,460855.24022622
2019-01-09,21.2903,21.7271,21.2903,21.5851,457132.06704184
2019-01-10,21.6571,22.0433,21.6386,22.0063,479897.69832689
2019-01-11,21.6386,21.8779,21.5491,21.8263,466418.41341061
2019-01-14,21.4965,22.1405,21.4421,21.9353,453560.00000271
2019-01-15,22.123,22.302,22.0151,22.0773,626710.16760151
2019-01-16,22.7768,23.3225,22.7495,23.2865,1267794.9497282
2019-01-17,23.2865,23.698,23.27,23.5832,732448.49162449
2019-01-18,23.7982,24.166,23.7535,24.13,1142950.435761
2019-01-22,23.9607,24.13,23.8877,24.0045,612584.31285282
2019-01-23,24.1932,24.5502,24.1835,24.5065,828030.83799378
2019-01-24,24.8372,25.0882,24.81,24.99,567322.36871848
2019-01-25,24.9014,25.0075,24.7691,24.882,786509.54190414
2019-01-28,24.7039,24.7039,24.3168,24.5065,843541.3184408
2019-01-29,25.0882,25.2682,25.0075,25.1417,699481.65363547
2019-01-30,25.2945,26.0737,25.2876,25.9579,1138425.4748671
2019-01-31,25.9132,25.9852,25.6525,25.8957,939162.7262626
2019-02-01,25.5454,25.5454,25.2225,25.4384,716103.32961322
2019-02-04,25.1874,25.4015,25.0882,25.3129,452557.76536583
2019-02-05,25.3489,25.5814,25.3227,25.5639,1027512.536319
2019-02-06,25.3042,25.383,25.1602,25.2312,524106.01117632
2019-02-07,25.0795,25.2409,24.7847,24.9627,925473.74302229
2019-02-08,25.0717,25.1962,24.9442,25.1505,372754.18994636
2019-02-11,25.3664,25.5007,25.2682,25.3752,1005471.5977714
2019-02-12,25.3411,25.4744,25.2225,25.3129,543871.1061485
2019-02-13,25.0075,25.0717,24.5162,24.6232,477671.19553358
2019-02-14,24.7575,25.0717,24.6456,24.9442,546423.46369042
2019-02-15,25.0629,25.0795,24.8187,25.0629,347140.15642666
2019-02-19,24.5318,24.9763,24.5318,24.8654,772500.871513
2019-02-20,24.5775,24.8285,24.5502,24.6232,1036453.4972129
2019-02-21,24.7039,24.7944,24.5872,24.7759,413053.27374549
2019-02-22,24.7944,25.0532,24.7944,24.9014,390014.21229283
2019-02-25,25.2225,25.4744,25.2059,25.3752,449503.776539
2019-02-26,25.3129,25.5639,25.3129,25.4482,359533.94413623
2019-02-27,25.3314,25.3314,25.0357,25.1067,422501.00558912
2019-02-28,25.1252,25.2409,24.9287,24.9715,353916.29050491
2019-03-01,24.5872,24.6787,24.378,24.5677,502638.65922088
2019-03-04,24.8742,24.9238,24.5775,24.7759,421142.07821481
2019-03-05,24.7487,24.81,24.6232,24.7662,251697.60894005
2019-03-06,24.4899,24.5775,24.2642,24.2642,343998.79329815
2019-03-07,24.3265,24.3722,23.771,23.8527,498976.1340812
2019-03-08,23.843,23.9763,23.734,23.9053,498826.0558689
2019-03-11,23.8527,23.8527,23.6416,23.6727,616924.24581374
2019-03-12,23.7438,23.9335,23.7438,23.9053,347103.15084006
2019-03-13,23.9335,24.0317,23.807,23.9607,547704.2681597
2019-03-14,23.8965,23.9948,23.8527,23.9763,238591.46368858
2019-03-15,24.1037,24.3635,24.0774,24.3352,385108.91620342
2019-03-18,24.4539,24.5551,24.3887,24.4977,301257.34078392
2019-03-19,24.6767,24.7039,24.4442,24.5318,322629.094974
2019-03-20,24.2467,24.6952,24.0843,24.4802,399889.5642482
2019-03-21,24.13,24.2389,23.9948,24.2292,719736.04469704
2019-03-22,23.1182,23.233,21.6473,21.7213,2077478.2123029
2019-03-25,22.7058,22.9023,22.5452,22.8575,1518893.2737521
2019-03-26,22.8575,23.0725,22.3468,23.0103,1905608.8491734
2019-03-27,21.6658,21.8127,21.1823,21.2446,3797116.5139892
2019-03-28,21.2183,21.5033,21.0296,21.1376,3314307.709517
2019-03-29,21.3973,21.7592,21.3068,21.7456,1180807.150845
2019-04-01,21.9256,22.3205,21.694,22.23,1221415.6424654
2019-04-02,22.1055,22.1405,21.3302,21.7738,1024303.3296151
2019-04-03,21.8896,22.0588,21.694,21.8993,1495477.9888358
2019-04-04,22.123,23.1348,22.1055,22.9927,2306307.3966618
2019-04-05,22.9198,23.0103,22.7495,22.8575,647547.39665192
2019-04-08,22.3108,22.3565,21.9518,22.2758,722696.49162443
2019-04-09,22.3283,22.3614,22.1941,22.2583,912993.60894401
2019-04-10,22.266,22.3643,22.051,22.0773,776055.46369179
2019-04-11,22.0238,22.0773,21.5666,21.6386,890520.93855281
2019-04-12,21.5121,21.6658,21.3788,21.4771,2317873.6983379
2019-04-15,21.5316,21.5316,21.1629,21.4148,1050837.3631348
2019-04-16,21.4421,21.9791,21.4421,21.8088,965075.88827393
2019-04-17,22.3371,22.4363,22.1143,22.1328,663773.31843972
2019-04-18,21.7271,21.7903,21.5316,21.6473,1394498.9944217
2019-04-22,21.4148,21.5033,21.2348,21.3341,868942.5698376
2019-04-23,21.3526,21.3603,21.2096,21.3341,736962.1452558
2019-04-24,21.1551,21.2621,20.9537,21.0296,1615469.6312946
2019-04-25,20.5636,20.6978,20.4293,20.6531,1636729.3407919
2019-04-26,20.6716,20.7883,20.6443,20.7426,512052.4692768
2019-04-29,20.6268,20.7698,20.5811,20.7698,975784.89386058
2019-04-30,20.7514,20.9401,20.7202,20.8944,779671.73184824
2019-05-01,20.9128,21.1551,20.6619,20.6881,1434608.9385561
2019-05-02,20.4916,20.5811,20.3039,20.4293,897980.64805006
2019-05-03,20.4469,20.5188,20.3671,20.4469,670129.02793697
2019-05-06,19.9371,20.3486,19.3174,19.8379,4001403.7989066
2019-05-07,19.3806,19.4351,19.2289,19.3446,1525656.0447019
2019-05-08,19.1832,19.2192,19.0849,19.1929,1781665.8324129
2019-05-09,18.8164,19.0042,18.5391,18.9409,1807385.7430276
2019-05-10,18.9866,20.0266,18.9507,19.5781,3373770.5475062
2019-05-13,18.5567,18.9954,18.4584,18.8612,2594384.5810211
2019-05-14,19.0499,19.2921,19.0402,19.1656,1300216.983248
2019-05-15,18.9682,19.2192,18.8709,19.1569,635707.66480827
2019-05-16,19.1481,19.1481,18.7804,18.8164,508440.3128522
2019-05-17,18.8806,18.9954,18.5567,18.6199,1783888.2234744
2019-05-20,18.8261,18.9866,18.7707,18.7707,1082135.8659283
2019-05-21,18.5197,18.6199,18.3854,18.6024,772769.16201579
2019-05-22,18.2337,18.2337,18.0372,18.1354,1046662.9273806
2019-05-23,18.0897,18.2706,18.0654,18.2424,798413.00559137
2019-05-24,18.7006,18.7804,18.5839,18.6199,1018601.3854809
2019-05-28,19.1131,19.3544,19.0042,19.0314,1122120.4022413
2019-05-29,19.0946,19.3087,19.0314,19.2921,767889.5642504
2019-05-30,19.8281,20.1978,19.8194,20.0606,1051836.5139728
2019-05-31,20.3389,20.5101,20.1686,20.4469,872078.7933013
2019-06-03,20.2251,20.2766,20.0791,20.2319,825091.97765856
2019-06-04,20.3574,20.6045,20.2863,20.4829,844168.35754695
2019-06-05,20.798,20.9576,20.5548,20.5908,965349.31844153
2019-06-06,20.5461,20.5461,20.3535,20.4653,515380.9162042
2019-06-07,20.8856,21.2806,20.8856,20.9128,974819.6648103
2019-06-10,21.3701,21.4917,21.3205,21.3701,883428.2011226
2019-06-11,21.0296,21.0656,20.8516,21.0218,966330.99441918
2019-06-12,21.1103,21.1103,20.8233,20.8944,571118.52514308
2019-06-13,20.3671,20.4109,20.2319,20.3039,429941.18436011
2019-06-14,20.2153,20.4109,20.1278,20.2503,447323.53072893
2019-06-17,20.6453,20.8486,20.6375,20.7659,583692.20112081
2019-06-18,21.1882,21.4284,21.1697,21.2806,756666.59218329
2019-06-19,21.3166,21.73,21.2806,21.7047,1400884.5139749
2019-06-20,21.73,21.8701,21.3545,21.4926,616525.40782491
2019-06-21,21.2164,21.3633,21.1697,21.2621,360480.67039322
2019-06-24,21.5189,21.6532,21.4187,21.4557,868585.87710016
2019-06-25,21.8137,21.8322,21.4703,21.5189,667927.19553472
2019-06-26,21.5841,21.622,21.4975,21.5374,342338.68156629
2019-06-27,21.804,21.9071,21.7232,21.7495,372717.18435977
2019-06-28,21.9985,22.1376,21.8516,21.9158,629213.1843613
2019-07-01,23.2301,23.3974,23.0939,23.2301,1681435.1731944
2019-07-02,23.342,23.3702,23.1221,23.2583,1309508.4692816
2019-07-03,23.2136,23.342,23.2038,23.2681,843058.18994917
2019-07-05,23.3225,23.3507,23.1572,23.2583,471392.5810084
2019-07-08,22.7437,22.8167,22.5958,22.6416,955342.39106716
2019-07-09,22.66,22.7165,22.1727,22.2193,571168.89385816
2019-07-10,22.6416,22.9558,22.6182,22.8536,458273.07262844
2019-07-11,23.0375,23.0647,22.9032,22.9733,231918.12290641
2019-07-12,22.2193,22.5735,22.1872,22.4674,493449.9664834
2019-07-15,22.5423,22.6231,22.375,22.4762,185090.63687261
2019-07-16,22.7165,22.7165,22.4499,22.4587,201449.16201238
2019-07-17,23.0287,23.1124,22.8994,23.019,622930.45810428
2019-07-18,23.5356,23.9578,23.4607,23.9023,1467780.3352043
2019-07-19,23.9665,23.9665,23.4879,23.6358,552125.40782453
2019-07-22,23.4879,23.557,23.2778,23.4422,963665.56425157
2019-07-23,23.8012,23.8109,23.628,23.6455,194033.65363244
2019-07-24,23.5901,24.059,23.5901,23.9305,536592.31285237
2019-07-25,23.7457,23.7554,23.4334,23.5531,577456.75977999
2019-07-26,24.0317,24.1319,23.7642,23.8381,425532.37989081
2019-07-29,24.1601,24.2613,24.1319,24.2156,269249.56424742
2019-07-30,24.1786,24.2895,24.1504,24.2078,529229.22905344
2019-07-31,24.2613,24.3897,23.5541,24.0132,741140.69274186
2019-08-01,23.9753,24.1601,23.4879,23.628,439530.77095235
2019-08-02,23.699,23.7934,23.5025,23.6543,280928.93854917
2019-08-05,23.5074,23.5531,23.1659,23.2398,593243.75419349
2019-08-06,23.8479,23.9665,23.7554,23.8012,421834.90503045
2019-08-07,23.4976,23.9665,23.4976,23.7272,368444.06704131
2019-08-08,23.8109,24.1057,23.7934,23.9023,525446.43575733
2019-08-09,24.1134,24.164,23.8751,24.0035,485115.48603642
2019-08-12,23.5356,23.5716,23.304,23.3323,592670.16760131
2019-08-13,23.056,23.5657,23.0015,23.4509,350612.51396858
2019-08-14,23.019,23.1572,22.7807,22.8069,426677.49720925
2019-08-15,23.0375,23.2136,22.9898,23.1572,660360.58100953
2019-08-16,23.0287,23.1027,22.7388,22.7437,320410.81564437
2019-08-19,22.8536,22.9081,22.338,22.338,288115.21787882
2019-08-20,22.338,22.4305,22.2009,22.3108,141166.0335204
2019-08-21,22.338,22.3478,22.1503,22.2748,335577.96648245
2019-08-22,21.9071,22.1084,21.8137,22.0715,292558.97206879
2019-08-23,22.2009,22.5997,22.0442,22.266,544313.11732169
2019-08-26,22.3108,22.3808,22.1182,22.1911,183969.16201227
2019-08-27,22.1639,22.2933,21.8516,21.9431,310758.52514152
2019-08-28,21.8798,22.016,21.8604,21.9888,149463.50838078
2019-08-29,22.0997,22.2009,21.9985,22.0715,181341.76536421
2019-08-30,22.1727,22.338,22.1279,22.2009,165806.61452613
2019-09-03,22.7807,22.9927,22.7807,22.9363,557652.60335529
2019-09-04,23.342,23.4879,23.2681,23.4334,214733.13966609
2019-09-05,23.3974,23.5161,23.2681,23.3799,498402.54748901
2019-09-06,23.0647,23.0647,22.8595,22.9733,148940.29050368
2019-09-09,23.1124,23.2681,23.1124,23.2214,159475.57541995
2019-09-10,23.2301,23.4237,23.1387,23.3877,312681.78771137
2019-09-11,23.3799,23.5901,23.3799,23.5716,167617.83240324
2019-09-12,23.736,23.9121,23.6727,23.8654,288716.55866094
2019-09-13,23.9121,24.1164,23.9121,24.0132,424348.20111986
2019-09-16,23.7087,23.7739,23.4976,23.5618,215218.32402363
2019-09-17,23.3974,23.628,23.3138,23.5618,306997.31843759
2019-09-18,23.7175,23.8576,23.5443,23.699,402994.94972308
2019-09-19,23.3877,23.4062,23.1299,23.1572,244910.16759923
2019-09-20,23.2398,23.3225,22.8896,22.9655,237097.87709639
2019-09-23,22.946,23.2992,22.8809,23.2398,388193.74301908
2019-09-24,23.6455,23.7739,23.5998,23.6727,530351.73184675
2019-09-25,23.7739,24.0132,23.7739,23.9403,653815.73184748
2019-09-26,23.9665,23.9665,23.7837,23.8751,813953.29609425
2019-09-27,24.4179,24.8217,24.4082,24.4831,2009313.9217997
2019-09-30,24.7039,24.7633,24.5269,24.5833,746161.1173229
2019-10-01,24.1786,24.2078,23.9938,24.0687,800596.33520032
2019-10-02,24.0774,24.1134,23.8702,24.022,400334.65922027
2019-10-03,23.9208,24.0687,23.7379,24.0415,319067.30726448
2019-10-04,24.0132,24.2253,23.9588,24.1981,145435.03910701
2019-10-07,24.0862,24.1786,23.0375,23.1941,856035.84358054
2019-10-08,23.2681,23.3206,23.0287,23.1027,426459.57542154
2019-10-09,22.8896,22.8896,22.3886,22.4947,929660.51397204
2019-10-10,22.0258,22.5861,21.9158,22.5044,725686.74860769
2019-10-11,22.4587,22.5141,21.8137,21.9703,2305068.7374439
2019-10-14,21.1609,21.3817,20.9761,21.1152,1613789.9888365
2019-10-15,21.446,21.5471,21.2991,21.4926,837499.12849663
2019-10-16,21.1055,21.336,20.9761,21.2164,1456436.0670478
2019-10-17,21.0043,22.1542,21.0043,21.9791,4137241.0279577
2019-10-18,22.4587,22.6416,22.3935,22.4499,848977.02793804
2019-10-21,22.2009,22.2281,21.9197,22.0442,443499.62011438
2019-10-22,22.2193,22.7992,22.2096,22.4762,1115257.9217944
2019-10-23,22.9655,23.3799,22.8994,23.2398,1744843.2178875
2019-10-24,23.1659,23.1854,22.8994,22.9733,585020.29050629
2019-10-25,22.983,23.0978,22.9655,23.0745,434549.40782383
2019-10-28,23.1941,23.304,23.0745,23.0745,446477.54190211
2019-10-29,23.0015,23.1756,22.9976,23.0375,344343.15084005
2019-10-30,22.7622,23.056,22.6931,23.0103,392412.37989061
2019-10-31,22.9276,22.9276,22.6698,22.7622,281291.79888436
2019-11-01,22.698,22.8896,22.698,22.8896,334230.34637071
2019-11-04,23.1854,23.2729,23.1221,23.1221,348649.16201326
2019-11-05,23.1124,23.2038,23.0015,23.0842,439900.82681827
2019-11-06,23.2301,23.3702,23.1854,23.3225,461332.20112008
2019-11-07,23.7175,23.95,23.6932,23.8206,719922.10056296
2019-11-08,23.7739,23.7739,23.6231,23.7175,220115.39664936
2019-11-11,23.628,23.736,23.5803,23.7272,209309.76536438
2019-11-12,23.7642,23.8012,23.6912,23.736,238062.07821371
2019-11-13,24.022,24.2564,24.0084,24.0862,827223.91061947
2019-11-14,23.7934,23.8576,23.6825,23.8576,388310.92737662
2019-11-15,24.1417,24.3635,24.1417,24.2798,552847.01676308
2019-11-18,24.5921,24.7682,24.5921,24.6572,869330.10056386
2019-11-19,24.8314,25.0629,24.7954,24.9695,755898.7262615
2019-11-20,24.7954,24.8596,24.629,24.7779,517218.86033829
2019-11-21,24.8314,24.8868,24.7779,24.8596,291648.22346543
2019-11-22,24.6485,24.7253,24.6388,24.7039,142012.02234722
2019-11-25,24.344,24.3537,24.2166,24.344,363387.66480664
2019-11-26,24.3537,24.4559,24.2798,24.3897,266280.89385634
2019-11-27,24.235,24.2798,24.1883,24.2798,211616.44692864
2019-11-29,24.4559,24.5551,24.3897,24.4179,136091.12849243
2019-12-02,24.6942,24.8217,24.629,24.7399,540447.06145574
2019-12-03,24.7866,24.7866,24.1514,24.381,815388.29050767
2019-12-04,24.4637,24.6251,24.4637,24.5454,170511.46368817
2019-12-05,24.6572,24.9063,24.6572,24.8314,316224.04469463
2019-12-06,24.8217,24.8217,24.5201,24.5201,546887.06145578
2019-12-09,24.5454,24.5736,24.3771,24.4082,308171.21787894
2019-12-10,24.3897,24.4461,24.3352,24.381,309789.18435939
2019-12-11,24.3722,24.5551,24.2438,24.4928,397637.36313087
2019-12-12,24.8411,25.0717,24.8217,24.8771,525786.68156739
2019-12-13,24.8966,25.0717,24.8217,24.9608,640981.98883065
2019-12-16,24.951,25.0405,24.9199,24.989,232868.96089525
2019-12-17,24.8401,24.8732,24.7195,24.8032,403186.14525381
2019-12-18,24.5055,24.5697,24.4102,24.5318,271486.34637034
2019-12-19,24.4685,24.524,24.3936,24.45,400735.55307502
2019-12-20,24.56,24.6358,24.4831,24.5415,257432.44692891
2019-12-23,24.6913,24.8119,24.6913,24.7847,263148.78212448
2019-12-24,24.9608,25.0405,24.9063,24.9248,74451.128492065
2019-12-26,25.0172,25.1242,25.0172,25.0551,260686.88268312
2019-12-27,25.0999,25.0999,24.9413,25.0357,170320.26815744
2019-12-30,25.2779,25.348,25.1797,25.2118,278071.28491786
2019-12-31,25.2215,25.2876,25.1145,25.203,142814.83798968
2020-01-02,25.3528,25.7984,25.311,25.7244,909906.72626242
2020-01-03,25.0172,25.0503,24.845,24.8684,764905.47486491
2020-01-06,24.5512,24.7662,24.5055,24.6261,631229.98883059
2020-01-07,24.8586,24.8684,24.7283,24.7944,250081.69832552
2020-01-08,24.8868,25.5386,24.8868,25.3246,648389.27374689
2020-01-09,26.2254,26.4589,26.1953,26.3665,596674.99441697
2020-01-10,26.4589,26.706,26.4492,26.5046,904626.23464228
2020-01-13,26.9239,27.0543,26.8811,27.0173,533099.39665123
2020-01-14,26.9804,27.1097,26.9171,27.1097,274334.74860499
2020-01-15,27.1097,27.137,26.8588,27.0455,802516.51397128
2020-01-16,27.0737,27.2031,27.0368,27.1195,1241876.6480521
2020-01-17,26.9901,27.1749,26.9055,27.1749,472941.67598048
2020-01-21,27.2226,27.3705,27.1847,27.315,625548.6033557
2020-01-22,27.101,27.1564,27.0543,27.064,454849.02793568
2020-01-23,26.9988,27.0319,26.7848,26.9901,805603.39665286
2020-01-24,26.7936,26.9055,26.5523,26.7663,539232.04469596
2020-01-27,26.3188,26.3665,26.026,26.0776,818405.27374791
2020-01-28,26.2916,26.3013,26.1107,26.2537,345679.46368922
2020-01-29,26.1719,26.2089,26.0124,26.134,242645.63128637
2020-01-30,25.9657,26.097,25.8548,26.0221,416001.38547735
2020-01-31,25.9472,25.9472,25.6962,25.8169,451037.45251666
2020-02-03,25.8071,25.8071,25.668,25.7342,439029.13966743
2020-02-04,26.3753,26.598,26.3753,26.4317,365538.10056084
2020-02-05,26.6545,26.6914,26.4677,26.5046,293850.05586768
2020-02-06,26.598,26.6078,26.4044,26.4317,231583.01676116
2020-02-07,26.1992,26.1992,25.8266,25.883,747694.79330056
2020-02-10,25.3616,25.631,25.24,25.3528,509219.48603656
2020-02-11,25.7702,25.9102,25.7614,25.8071,569023.59776876
2020-02-12,25.9102,25.9754,25.7702,25.9278,218985.69832533
2020-02-13,25.8636,26.0581,25.8315,25.9472,273509.31843739
2020-02-14,25.9005,25.9005,25.6768,25.7342,381139.03910842
2020-02-18,25.5571,25.8071,25.5571,25.7527,531961.47486352
2020-02-19,25.5756,25.5844,25.4258,25.5007,331626.59218075
2020-02-20,24.9248,24.9793,24.56,24.6913,514681.92179079
2020-02-21,24.915,25.1291,24.8684,24.9335,853924.46927885
2020-02-24,24.0307,24.5318,23.9928,24.2915,1016480.7597826
2020-02-25,24.3751,24.4685,23.8265,23.8722,401125.1396672
2020-02-26,24.2078,24.3849,24.0307,24.0959,725133.72067473
2020-02-27,23.594,23.594,22.5336,22.588,1706642.1452616
2020-02-28,22.0209,22.1055,21.7057,22.0034,1028881.7430229
2020-03-02,22.2641,22.9422,22.1512,22.9042,594040.40223819
2020-03-03,23.1931,24.021,23.1377,23.4257,754975.64246261
2020-03-04,23.6591,23.8722,23.5657,23.7982,442289.7430194
2020-03-05,23.7515,23.915,23.4723,23.5093,590405.63128845
2020-03-06,23.2778,23.557,23.2029,23.557,617143.19553442
2020-03-09,22.3195,22.5151,21.8069,22.1425,814268.87151325
2020-03-10,22.2826,22.2826,21.3049,21.873,854818.77095483
2020-03-11,21.5938,21.5938,21.1278,21.2397,534000.89385794
2020-03-12,20.1608,20.1608,19.0071,19.4536,800917.05028412
2020-03-13,20.4488,20.4673,18.9234,19.8807,844569.2514017
2020-03-16,17.8533,18.1889,17.4535,17.7229,800162.54749082
2020-03-17,17.3611,18.402,17.0527,18.1228,613284.3351992
2020-03-18,17.4068,17.5459,16.5789,17.0069,726273.69832836
2020-03-19,16.681,17.2385,16.5789,16.8863,340831.73184561
2020-03-20,17.2219,17.2219,16.4855,16.5692,495729.92179067
2020-03-23,16.8863,17.0069,16.5137,16.8951,589703.55307615
2020-03-24,17.8154,18.3825,17.8154,18.0673,714045.4078255
2020-03-25,18.1695,18.5226,17.9457,18.402,593910.88268511
2020-03-26,18.5226,18.9409,18.5139,18.8397,601430.2122941
2020-03-27,18.0946,18.1889,17.5644,17.7229,1428088.7597851
2020-03-30,17.5838,17.6665,17.3416,17.4817,1737046.3463791
2020-03-31,17.7142,17.8348,17.3037,17.4817,522504.49162324
2020-04-01,17.2852,17.3844,16.7083,16.7365,717618.50279759
2020-04-02,17.2949,17.6305,17.2307,17.5644,669560.58100959
2020-04-03,17.4437,17.6305,17.0478,17.3513,342238.97206909
2020-04-06,17.6568,18.0313,17.6568,17.7229,342439.41899646
2020-04-07,18.3553,18.6432,17.7794,17.8154,655355.57542291
2020-04-08,18.1792,18.3922,18.0313,18.3465,245797.27374449
2020-04-09,18.7094,19.0343,18.4856,18.5703,516252.60335504
2020-04-13,18.7094,18.7931,18.364,18.4954,310204.4692756
2020-04-14,18.8213,19.1832,18.8213,19.0256,379750.30167825
2020-04-15,18.5129,18.5129,18.1889,18.1889,203196.64804591
2020-04-16,18.328,18.3738,18.0595,18.1033,314800.35754378
2020-04-17,18.6257,18.8115,18.4681,18.7366,197176.04469392
2020-04-20,18.6812,18.8018,18.5323,18.5703,118281.16201188
2020-04-21,18.2249,18.4068,18.0771,18.1315,316460.46927563
2020-04-22,18.4584,18.4681,18.2998,18.3825,128731.12849239
2020-04-23,18.4117,18.7931,18.4117,18.5051,193366.52514082
2020-04-24,18.5703,18.6355,18.402,18.5703,84033.519553575
2020-04-27,18.6715,18.9973,18.6715,18.9594,200922.8603364
2020-04-28,18.9594,19.0343,18.5703,18.6715,249904.89385624
2020-04-29,18.9409,19.1754,18.8874,19.119,209409.47486159
2020-04-30,18.7931,18.8913,18.6277,18.7094,162982.88268254
2020-05-01,18.4205,18.4856,17.9662,17.9739,337839.41899643
2020-05-04,18.0498,18.2171,18.0498,18.1597,244456.84916347
2020-05-05,18.2444,18.2444,17.8533,17.9185,173898.50279434
2020-05-06,18.1033,18.1033,17.5838,17.5926,253240.53631436
2020-05-07,17.8805,18.2823,17.8348,18.0848,642615.37430552
2020-05-08,18.0848,18.0848,17.8397,18.0119,237234.59218019
2020-05-11,18.0401,18.1695,17.9457,17.9934,199108.55866041
2020-05-12,18.4399,18.653,18.328,18.328,264384.35754348
2020-05-13,18.5605,18.6909,18.4205,18.4954,154738.86033612
2020-05-14,18.4954,18.9594,18.4681,18.7931,312551.24022533
2020-05-15,18.8213,18.9973,18.7648,18.9234,400619.39665044
2020-05-18,19.2016,19.8155,19.2016,19.5188,534754.36871828
2020-05-19,19.6579,19.9566,19.6112,19.6297,190090.50279443
2020-05-20,19.6209,19.7698,19.6209,19.7056,186457.78771061
2020-05-21,19.6774,19.7523,19.5655,19.7523,252250.63687302
2020-05-22,19.7056,19.761,19.5694,19.7523,94353.966481011
2020-05-26,20.3194,20.6074,20.263,20.3369,158687.15083894
2020-05-27,20.3194,20.3749,20.1978,20.3651,116362.01117388
2020-05-28,20.3272,20.3467,19.9935,20.048,388928.71508612
2020-05-29,20.0577,20.2075,19.9663,20.1044,133672.40223544
2020-06-01,20.3194,20.6901,20.3194,20.6628,282755.57542068
2020-06-02,20.8311,21.2076,20.8311,21.2027,243276.78212436
2020-06-03,21.0257,21.444,21.0257,21.2864,286652.46927546
2020-06-04,21.2027,21.2952,21.0257,21.0821,168168.80447028
2020-06-05,21.4168,21.4168,21.1648,21.2212,389332.69273976
2020-06-08,21.3049,21.3516,21.0257,21.3477,248843.03910763
2020-06-09,20.9887,21.0996,20.9235,21.0257,186418.7262581
2020-06-10,21.193,21.23,21.0072,21.1278,240931.03910759
2020-06-11,20.8311,20.8671,20.2445,20.2542,493306.05586887
2020-06-12,20.7942,21.0169,20.7231,20.8953,253329.96648196
2020-06-15,20.7951,21.1599,20.7192,21.1599,299352.58100738
2020-06-16,21.3185,21.3185,20.9916,21.0568,113723.30726325
2020-06-17,21.122,21.122,20.8973,20.9819,56798.43575453
2020-06-18,21.1969,21.3944,21.0568,21.338,97547.754190527
2020-06-19,21.5714,21.6288,21.2348,21.2913,363117.31843793
2020-06-22,21.6094,21.9236,21.5627,21.872,166093.40782222
2020-06-23,21.9187,21.9985,21.6989,21.7232,105621.13966544
2020-06-24,21.6288,21.693,21.4703,21.4975,96408.80446985
2020-06-25,21.4975,21.7037,21.4644,21.6571,151581.05028024
2020-06-26,21.7037,21.7037,21.5627,21.6658,120398.70391133
2020-06-29,21.7874,21.9839,21.7397,21.947,416688.04469523
2020-06-30,21.8526,21.9752,21.7232,21.7495,321587.7988846
2020-07-01,21.7135,21.8156,21.5909,21.7582,166766.70391161
2020-07-02,21.8438,21.9937,21.8244,21.9752,298393.51955486
2020-07-06,22.0209,22.1153,21.9937,22.0588,195044.11173301
2020-07-07,22.1065,22.3497,22.0588,22.1153,214718.74860464
2020-07-08,22.2369,22.4052,22.125,22.3594,264737.96648203
2020-07-09,22.2845,22.2845,21.5997,21.8526,371788.96089608
2020-07-10,21.4226,21.5102,21.2815,21.4781,564525.36313187
2020-07-13,21.8818,22.0686,21.73,21.8059,188733.63128604
2020-07-14,21.8905,22.0491,21.8438,21.9839,95319.195531296
2020-07-15,22.0209,22.2086,21.9752,22.1435,169993.38547588
2020-07-16,22.1435,22.302,22.1298,22.266,192354.01117433
2020-07-17,22.2933,22.2933,22.0403,22.1065,63068.82681602
2020-07-20,22.2086,22.2748,22.1707,22.2369,42667.441341037
2020-07-21,22.4334,22.4528,21.9187,21.9839,160069.72067135
2020-07-22,21.9187,22.0968,21.8905,22.0209,64869.765363516
2020-07-23,22.0306,22.2281,22.0209,22.0968,118412.73743088
2020-07-24,22.0773,22.2563,22.0403,22.2086,114282.50279398
2020-07-27,22.2086,22.3264,21.8059,22.125,218354.54748734
2020-07-28,21.7232,21.7232,21.1872,21.2164,280386.18994581
2020-07-29,20.6813,20.8973,20.551,20.8973,319635.75419186
2020-07-30,20.5792,20.5792,20.0587,20.1297,572199.91061795
2020-07-31,20.1385,20.2601,19.9711,20.2046,395304.98324259
2020-08-03,20.2144,20.2795,20.0723,20.2416,257134.34637025
2020-08-04,20.0266,20.2046,19.4925,20.1297,694025.38547901
2020-08-05,19.5295,19.7367,19.4653,19.474,373485.05028156
2020-08-06,18.546,18.6491,18.188,18.6218,994245.54190539
2020-08-07,18.2755,18.7104,18.2561,18.51,447274.18994681
2020-08-10,18.51,18.9769,18.51,18.8933,505832.4469304
2020-08-11,19.4079,19.6277,19.4079,19.6141,421639.59776788
2020-08-12,19.474,19.6423,19.4653,19.5392,392511.06145486
2020-08-13,19.3524,19.4458,19.1472,19.1929,230965.22905166
2020-08-14,18.903,18.9127,18.7804,18.8845,275398.65921952
2020-08-17,18.865,19.0333,18.8602,18.9769,145773.22905115
2020-08-18,19.0898,19.1929,18.9769,19.0431,130716.06703989
2020-08-19,19.4079,20.12,19.4079,19.7552,555099.21788041
2020-08-20,19.5587,19.9711,19.5392,19.9332,171605.18435857
2020-08-21,19.4653,19.5392,19.3427,19.3797,360355.26257199
2020-08-24,19.4653,19.4653,19.2065,19.2678,130130.14525217
2020-08-25,19.2104,19.2104,18.7804,18.9866,188770.63687264
2020-08-26,19.0713,19.2299,18.9672,19.2104,118993.51955378
2020-08-27,19.4079,19.4079,19.1472,19.2765,112783.77653699
2020-08-28,19.1744,19.2483,19.081,19.2104,106463.01676041
2020-08-31,18.9302,18.9302,18.5761,18.7055,404495.73184599
2020-09-01,18.6403,18.8748,18.5372,18.8748,483263.15084088
2020-09-02,18.7522,18.8086,18.6403,18.7707,215407.46368844
2020-09-03,18.5557,18.6403,18.2376,18.4438,418029.4972092
2020-09-04,18.5742,18.8748,18.5177,18.7901,211810.72625825
2020-09-08,18.5742,18.6403,18.4808,18.5002,262071.50838146
2020-09-09,18.6491,19.0149,18.6316,18.9769,478601.4748632
2020-09-10,19.0051,19.0431,18.7425,18.8466,280022.30167765
2020-09-11,18.7327,18.9302,18.7327,18.8748,241670.12290647
2020-09-14,18.8933,19.0713,18.8466,18.9769,197907.93296208
2020-09-15,19.0479,19.0616,18.7619,19.0051,213599.32961022
2020-09-16,18.903,18.9769,18.7327,18.8563,428906.05586849
2020-09-17,18.6491,18.8748,18.5275,18.8183,195377.16201234
2020-09-18,18.7152,18.8183,18.6267,18.687,194028.51396764
2020-09-21,18.3125,18.3592,18.079,18.2191,204409.60893977
2020-09-22,18.3125,18.3125,18.0508,18.1529,353440.35754401
2020-09-23,18.2278,18.3125,18.0226,18.0226,189029.67597878
2020-09-24,18.5275,18.8086,18.5002,18.7327,367636.11173404
2020-09-25,18.9215,18.9215,18.5839,18.6588,103673.20670453
2020-09-28,18.3592,18.3592,18.115,18.1335,203178.14525261
2020-09-29,18.1714,18.3125,17.9097,18.1247,164742.7039116
2020-09-30,18.4244,18.7152,18.3864,18.51,464399.5530754
2020-10-01,18.725,18.7707,18.472,18.6403,209758.97206829
2020-10-02,18.4905,18.6491,18.4244,18.5002,293342.25698499
2020-10-05,18.7055,18.8933,18.7055,18.8086,145873.96648132
2020-10-06,18.8281,18.8845,18.4526,18.5372,259598.30167753
2020-10-07,18.5002,18.5002,18.3504,18.3777,223142.65921921
2020-10-08,18.1335,18.331,18.0955,18.2658,302377.7877113
2020-10-09,18.3961,18.7522,18.3961,18.6403,159851.79888364
2020-10-12,18.7804,18.8368,18.6403,18.6967,273703.597767
2020-10-13,18.6403,18.6403,18.4341,18.4341,109340.20111797
2020-10-14,18.6316,18.8563,18.6316,18.7425,88416.625698853
2020-10-15,18.546,18.6773,18.5002,18.5936,64460.648045078
2020-10-16,18.6967,18.9672,18.6316,18.8183,238930.68156567
2020-10-19,18.9954,19.2396,18.9954,19.1277,408260.02234881
2020-10-20,19.1092,19.3145,19.0664,19.2201,219729.92178902
2020-10-21,19.3145,19.5207,19.3145,19.474,131699.79888347
2020-10-22,18.9866,19.0149,18.8086,18.9672,282827.53072795
2020-10-23,18.7327,18.7327,18.472,18.7152,165055.19553171
2020-10-26,17.9846,17.9846,17.6655,17.7784,499076.87151136
2020-10-27,17.7035,17.7502,17.4418,17.6655,627415.32961269
2020-10-28,17.0848,17.1889,16.9544,17.0381,538312.04469596
2020-10-29,17.0011,17.1227,16.898,17.0468,165867.26257082
2020-10-30,16.6635,16.7861,16.505,16.6168,626232.17877469
2020-11-02,16.72,16.8318,16.7005,16.8231,133251.97765443
2020-11-03,16.9544,17.3095,16.9077,17.1607,989259.03911206
2020-11-04,17.2531,17.5391,17.1889,17.4233,284124.7821246
2020-11-05,17.4233,17.5245,17.2433,17.507,194899.17318552
2020-11-06,17.4885,17.5391,17.2531,17.469,193237.00558775
2020-11-09,19.0051,19.1092,18.6967,18.9575,823602.50279822
2020-11-10,19.0149,19.3378,18.9575,19.1092,464722.32402512
2020-11-11,20.1959,20.944,20.1385,20.8788,1235860.156432
2020-11-12,20.9158,21.0763,20.6161,20.9537,667419.39665203
2020-11-13,21.1317,21.5335,21.1317,21.2913,437578.7262596
2020-11-16,21.3749,21.3749,21.1599,21.2446,250551.46368865
2020-11-17,20.906,20.9955,20.5938,20.7951,139376.40223547
2020-11-18,21.0938,21.5335,21.0938,21.2348,293303.19553248
2020-11-19,21.947,22.302,21.8438,22.1999,492221.58659512
2020-11-20,22.1065,22.162,21.8156,22.0491,170402.50279431
2020-11-23,21.0763,21.2066,20.8039,21.1132,352993.20670602
2020-11-24,20.9819,21.1035,20.8973,21.0383,191608.75977768
2020-11-25,21.1132,21.3944,21.0383,21.2913,125355.39664879
2020-11-27,21.5063,21.6366,21.3234,21.5812,110851.2625705
2020-11-30,21.1784,21.1872,20.7951,20.8788,265575.73184516
2020-12-01,21.2815,21.5997,21.2815,21.515,314671.86592367
2020-12-02,21.515,21.515,21.2631,21.3847,317245.81005776
2020-12-03,21.5247,21.8244,21.5247,21.7397,166707.08379988
2020-12-04,21.8156,21.8156,21.6376,21.73,152136.13407912
2020-12-07,21.7037,21.8438,21.6658,21.7874,264599.19553231
2020-12-08,21.9187,21.9654,21.7582,21.91,186451.62011285
2020-12-09,21.9557,22.1065,21.768,22.0112,268384.04469434
2020-12-10,21.872,22.0403,21.7582,21.9839,360376.84916417
2020-12-11,22.0968,22.481,22.0968,22.4246,320691.4413427
2020-12-14,22.5472,22.5472,22.1512,22.2836,344320.53631491
2020-12-15,22.4149,22.6873,22.3672,22.6688,321941.40782315
2020-12-16,22.5842,22.6873,22.4616,22.6211,164460.02234735
2020-12-17,22.7632,23.0161,22.7632,22.9889,146239.9106154
2020-12-18,23.2885,23.4578,23.2321,23.3644,371162.94972289
2020-12-21,22.7816,23.1105,22.5754,23.0161,275632.00000165
2020-12-22,23.1863,23.2603,23.0443,23.092,366166.16759995
2020-12-23,23.3926,23.4578,23.27,23.2797,196122.41340899
2020-12-24,23.5998,23.9189,23.5998,23.8342,290964.64804643
2020-12-28,24.2292,24.5249,24.2292,24.2292,304454.21229232
2020-12-29,24.8684,25.3752,24.8489,25.0464,415600.4916226
2020-12-30,25.0658,25.3382,25.0279,25.0843,288292.02234809
2020-12-31,24.952,25.1495,24.8586,24.9063,296900.96089563
2021-01-04,25.5639,25.6476,25.1125,25.1125,462109.31843852
2021-01-05,25.2059,25.3937,25.1495,25.3285,316266.18994602
2021-01-06,25.6096,26.1836,25.6096,25.9676,378713.1173207
2021-01-07,26.1087,26.2206,25.9015,26.1651,699435.39665223
2021-01-08,26.4657,26.5873,26.24,26.4463,311823.46368902
2021-01-11,25.8548,26.1836,25.7702,25.9112,295361.1173202
2021-01-12,26.0892,26.419,26.061,26.3432,180149.36312957
2021-01-13,26.5406,26.7663,26.5027,26.5601,300422.65921967
2021-01-14,26.5124,26.6905,26.4288,26.5601,359717.94413623
2021-01-15,25.6855,25.9297,25.5639,25.7235,288779.26257156
2021-01-19,26.4288,26.4842,26.0854,26.1836,397968.35754428
2021-01-20,26.3344,26.7196,26.3344,26.672,340504.84916405
2021-01-21,26.6905,26.6905,26.3149,26.4745,549499.03910943
2021-01-22,26.0892,26.456,26.0426,26.3062,320765.45251588
2021-01-25,26.0708,26.2682,25.8071,26.2303,430345.16201375
2021-01-26,26.2965,26.4842,26.2206,26.2965,256529.92178924
2021-01-27,25.3655,25.4131,24.7643,25.0464,479781.54190231
2021-01-28,25.3003,25.704,25.3003,25.6573,520375.64246121
2021-01-29,25.4219,25.488,25.0561,25.0561,159297.74301771
2021-02-01,26.099,26.2663,25.9871,26.0523,454678.39106417
2021-02-02,26.4006,26.5027,26.2867,26.3344,266215.10614684
2021-02-03,26.6535,27.1234,26.6535,26.992,257720.26815797
2021-02-04,26.9638,27.1613,26.7945,27.0757,419331.88827066
2021-02-05,27.2839,27.3588,27.0202,27.2177,498908.29050578
2021-02-08,27.2557,27.2742,27.0485,27.2362,365012.82681782
2021-02-09,27.3491,27.6312,27.3491,27.6215,289020.82681737
2021-02-10,27.5932,27.7722,27.3958,27.5183,293280.58100734
2021-02-11,27.603,27.8189,27.5835,27.6497,277738.23463853
2021-02-12,27.4998,27.6215,27.4152,27.4619,75714.458101011
2021-02-16,27.6594,27.8287,27.4901,27.5368,413652.55866169
2021-02-17,27.5553,28.0544,27.4998,27.9503,312825.69832589
2021-02-18,28.0164,28.0427,27.7528,27.997,304061.54190126
2021-02-19,28.0631,28.2801,27.9503,28.0164,461627.21787985
2021-02-22,27.6127,27.8141,27.1798,27.5086,461834.86033796
2021-02-23,27.1039,27.3491,27.0582,27.1516,356988.78212504
2021-02-24,26.2206,26.4745,25.8733,26.456,348302.74860543
2021-02-25,25.9959,26.1272,24.9248,25.3285,556272.0893888
2021-02-26,25.2254,25.2818,24.7847,25.1125,342825.92178976
2021-03-01,26.5124,26.7479,26.312,26.3432,376060.02234862
2021-03-02,26.3432,26.3529,25.8733,26.1836,162356.87150935
2021-03-03,26.0143,26.1272,25.7235,25.883,140293.31843659
2021-03-04,26.0805,26.3432,25.4413,25.9015,536775.28491941
2021-03-05,26.0328,26.1749,25.4793,25.9394,601427.12849522
2021-03-08,25.4598,25.4598,24.7088,25.0464,674277.76536716
2021-03-09,25.6194,25.9492,25.6194,25.8548,285349.05028104
2021-03-10,26.1933,26.5504,26.1272,26.3247,914945.65363675
2021-03-11,26.1933,26.456,26.0143,26.2488,164764.29050378
2021-03-12,25.921,26.061,25.6573,26.0231,247832.58100707
2021-03-15,26.0892,26.1836,25.9297,26.0805,370697.2960916
2021-03-16,26.4657,26.527,26.3344,26.4365,148742.92737519
2021-03-17,26.2488,26.5406,25.7235,26.2488,348122.86033728
2021-03-18,26.8228,26.8597,26.4842,26.6535,385012.2905051
2021-03-19,26.3432,26.8879,26.2332,26.8422,343214.48044898
2021-03-22,22.0861,22.3215,21.3526,21.7524,4836563.3519842
2021-03-23,22.1143,22.3497,21.4002,21.5403,3852509.7653862
2021-03-24,22.302,22.5559,22.1989,22.3215,1608944.3128588
2021-03-25,22.3215,22.4334,21.908,22.0014,1290521.5195608
2021-03-26,21.766,21.9781,21.4567,21.6162,1173886.0782193
2021-03-29,21.6541,21.7757,21.4469,21.4469,525582.12290817
2021-03-30,21.3808,21.4031,21.1366,21.3146,518193.34078522
2021-03-31,21.4751,21.7378,21.4187,21.6065,915434.94972614
2021-04-01,22.2738,22.4995,22.124,22.3497,1476981.3631373
2021-04-05,22.5559,22.6941,22.5209,22.6873,417522.72625948
2021-04-06,22.4616,22.4713,22.1989,22.34,386593.25139896
2021-04-07,22.1707,22.2563,22.1007,22.2077,235642.32402376
2021-04-08,22.2651,22.3302,22.0481,22.2553,504624.62570134
2021-04-09,21.6823,21.9538,21.6444,21.8983,648250.50279717
2021-04-12,21.8516,21.8516,21.6162,21.7008,333083.17318635
2021-04-13,21.7757,21.9168,21.6726,21.7855,535703.15084119
2021-04-14,22.124,22.3935,22.124,22.3302,458686.30167872
2021-04-15,22.2933,22.5754,22.2553,22.4616,1047939.620118
2021-04-16,22.3594,22.3867,22.2369,22.3497,287056.44692909
2021-04-19,22.161,22.161,21.7855,21.8322,327248.62570028
2021-04-20,21.8983,21.908,21.5452,21.5977,477763.70950006
2021-04-21,21.1269,21.1745,20.7329,21.1463,590643.08380241
2021-04-22,20.9109,20.9868,20.6949,20.9673,652026.10056256
2021-04-23,20.9586,20.9586,20.7416,20.8554,329835.93296287
2021-04-26,21.1084,21.5977,21.085,21.5033,368622.92737651
2021-04-27,21.7008,21.9363,21.7008,21.8798,466505.78771229
2021-04-28,21.8322,22.0627,21.7757,21.9635,216665.65363258
2021-04-29,21.9917,22.0763,21.9265,22.0676,307039.46368899
2021-04-30,21.908,22.0014,21.766,21.908,266907.93296249
2021-05-03,21.982,22.2398,21.908,22.1337,209529.74301801
2021-05-04,22.1143,22.1143,21.7757,21.908,203962.45810178
2021-05-05,21.9168,22.0579,21.8701,21.9732,151846.25698415
2021-05-06,22.161,22.4431,22.161,22.3769,188927.91061565
2021-05-07,22.4616,22.7914,22.4616,22.6688,298174.56983418
2021-05-10,22.7729,22.8283,22.6688,22.6688,185038.21229161
2021-05-11,22.3867,22.5657,22.1989,22.481,262122.9050295
2021-05-12,22.2077,22.2077,21.4187,21.5033,615881.92179139
2021-05-13,21.5033,21.5783,21.3808,21.5121,166329.83240323
2021-05-14,21.8137,21.9917,21.804,21.945,166149.94413507
2021-05-17,22.2836,22.5657,22.2836,22.4898,183792.357543
2021-05-18,22.5929,22.6124,22.4616,22.481,88490.636872037
2021-05-19,22.2359,22.4995,22.1892,22.302,142072.67039191
2021-05-20,22.3497,22.4616,22.3302,22.3769,61977.162011544
2021-05-21,22.4334,22.519,22.1337,22.1892,119018.18994485
2021-05-24,22.2077,22.3867,22.1795,22.2651,522923.88827128
2021-05-25,21.9168,21.9265,21.3428,21.4751,484181.09497496
2021-05-26,21.6444,21.9732,21.5598,21.8516,147768.44692826
2021-05-27,21.7563,21.7563,21.4382,21.6444,498950.43575717
2021-05-28,21.3808,21.5977,21.3808,21.55,201775.01676098
2021-06-01,21.7203,21.8419,21.7106,21.7281,344026.54748809
2021-06-02,21.6065,21.6162,21.4664,21.588,236670.25698466
2021-06-03,21.2494,21.3292,20.9868,21.2592,169728.17877196
2021-06-04,21.4664,21.588,21.3808,21.5218,121319.7318443
2021-06-07,21.7563,21.7942,21.6823,21.7563,96799.418994992
2021-06-08,21.8419,21.9265,21.7923,21.8516,162845.13966578
2021-06-09,21.9917,22.0014,21.8983,21.9635,101685.18435815
2021-06-10,22.4285,22.6124,22.2836,22.5744,191126.65921902
2021-06-11,22.6902,22.9032,22.5258,22.7583,337164.06704112
2021-06-14,22.768,22.768,22.303,22.3799,263538.36871666
2021-06-15,22.1483,22.1571,21.7894,21.8283,654110.74860726
2021-06-16,21.944,21.9538,21.4605,21.6639,394083.79888504
2021-06-17,21.4897,21.4897,21.157,21.228,545630.92737756
2021-06-18,20.9858,20.9858,20.763,20.8603,293455.32961069
2021-06-21,20.7728,20.8311,20.5792,20.8117,274845.63128656
2021-06-22,21.0247,21.3808,20.9955,21.2864,339684.55866125
2021-06-23,21.3049,21.3924,21.1113,21.1599,250378.77095122
2021-06-24,21.1989,21.3438,21.0821,21.1599,198597.67597884
2021-06-25,21.1599,21.1599,20.656,20.656,432155.35195789
2021-06-28,20.6852,20.6852,20.5111,20.5986,288195.39664977
2021-06-29,20.3467,20.5208,20.3126,20.4819,233893.81005726
2021-06-30,20.55,20.5694,20.2396,20.405,812089.65363614
2021-07-01,20.5111,20.7825,20.4916,20.7047,552545.83240554
2021-07-02,20.7533,20.7533,20.5646,20.7436,80118.122905507
2021-07-06,20.8603,20.9761,20.6755,20.7241,130114.72625776
2021-07-07,20.7922,20.908,20.6949,20.8603,121479.06145324
2021-07-08,20.7241,20.7338,20.5792,20.6755,204058.05586714
2021-07-09,20.8214,20.908,20.7144,20.8311,237916.11173327
2021-07-12,20.7338,20.7338,20.5111,20.5792,265055.59776695
2021-07-13,20.4527,20.5013,20.3661,20.4624,141835.21787794
2021-07-14,20.6755,20.7338,20.55,20.6473,182998.79329718
2021-07-15,20.6949,20.7825,20.5889,20.6181,448500.51396916
2021-07-16,20.7338,20.7338,20.5694,20.6473,86489.251397165
2021-07-19,20.3758,20.4128,20.2212,20.2591,261027.12849318
2021-07-20,20.3321,20.4527,20.2494,20.4245,152693.27374393
2021-07-21,20.3467,20.657,20.2396,20.5792,106478.43575483
2021-07-22,20.5792,20.6901,20.5792,20.6375,54114.50279362
2021-07-23,20.5792,20.5889,20.4537,20.5597,187520.67039218
2021-07-26,20.6375,20.6375,20.3564,20.3758,216119.82123034
2021-07-27,20.5013,20.6473,20.4624,20.5013,144999.19553159
2021-07-28,20.5694,20.763,20.5305,20.6657,110993.1173191
2021-07-29,20.9761,21.4022,20.9761,21.2952,327435.70949916
2021-07-30,21.3341,21.4897,21.3341,21.4605,115933.36312918
2021-08-02,21.7125,21.838,21.5092,21.586,481981.31843864
2021-08-03,21.6833,21.8672,21.5471,21.8088,107211.35195595
2021-08-04,21.838,21.838,21.5569,21.6347,101581.3631291
2021-08-05,21.6347,21.8769,21.6318,21.7796,125825.16201193
2021-08-06,21.5569,21.7222,21.5179,21.6833,175443.48603457
2021-08-09,21.5763,21.625,21.4605,21.5092,109414.21229116
2021-08-10,21.7699,21.7991,21.7125,21.7407,154509.63128584
2021-08-11,21.586,21.586,21.228,21.3827,157483.44134172
2021-08-12,21.8185,22.0802,21.8185,22.0219,331042.72625896
2021-08-13,22.0802,22.3701,22.0802,22.3127,881768.08939075
2021-08-16,22.4869,22.6124,22.3799,22.555,261691.17318592
2021-08-17,22.555,22.6221,22.4674,22.5258,353171.03910826
2021-08-18,22.4188,22.4626,22.2738,22.2738,92479.016760329
2021-08-19,22.09,22.1571,21.8964,21.9256,295993.29609116
2021-08-20,21.9927,22.3127,21.9353,22.3127,104633.29609001
2021-08-23,22.4771,22.661,22.4771,22.6026,191983.95530841
2021-08-24,22.6999,22.8449,22.661,22.6805,510858.01117624
2021-08-25,22.6318,22.7583,22.6026,22.6805,216835.26257113
2021-08-26,22.7583,22.7583,22.4674,22.6124,79408.849162486
2021-08-27,22.6707,23.0385,22.6221,23.0005,506477.98882984
2021-08-30,23.0385,23.0385,22.8157,22.9032,143477.85474946
2021-08-31,22.9616,23.2515,22.9519,23.0385,436356.51396909
2021-09-01,23.0774,23.3002,23.0774,23.2136,276449.20670556
2021-09-02,23.3002,23.5181,23.271,23.3293,282965.27374471
2021-09-03,23.2807,23.2807,23.1455,23.1747,93012.513967037
2021-09-07,23.1455,23.1601,22.8157,22.8935,298086.16759955
2021-09-08,22.4674,22.4771,22.0219,22.1191,436378.10056127
2021-09-09,22.1668,22.3225,22.1668,22.2836,373676.24581229
2021-09-10,22.3419,22.4285,22.0608,22.0997,77505.117318899
2021-09-13,22.1571,22.2933,22.0997,22.1483,123885.45251471
2021-09-14,22.1765,22.2738,22.1094,22.1571,479223.37430454
2021-09-15,22.1191,22.1765,21.944,22.1483,134307.66480527
2021-09-16,21.8866,21.9392,21.6541,21.7991,416439.28491869
2021-09-17,21.6541,21.6833,21.3827,21.5471,278709.63128658
2021-09-20,21.1308,21.1599,20.8885,21.0539,196958.12290621
2021-09-21,21.0442,21.2747,20.8982,21.015,537857.69832724
2021-09-22,21.1599,21.3633,20.9761,21.2086,423614.25698577
2021-09-23,20.8982,20.9342,20.7338,20.7922,299935.41899621
2021-09-24,20.5013,20.5013,20.2299,20.2883,662691.93296486
2021-09-27,20.2299,20.6375,20.2299,20.5694,230342.30167735
2021-09-28,20.4342,20.4478,20.2552,20.3758,152728.2234646
2021-09-29,20.405,20.5597,20.2688,20.3272,154481.8770959
2021-09-30,20.5597,20.8214,20.5208,20.5889,265736.08938706
2021-10-01,20.8117,20.8175,20.6375,20.7047,125882.72625774
2021-10-04,20.7338,20.7436,20.443,20.6181,208320.89385599
2021-10-05,20.4819,20.5694,20.4527,20.4624,202391.77653752
2021-10-06,20.3369,20.3564,20.1628,20.298,313216.31285103
2021-10-07,20.4722,20.6657,20.4722,20.55,263611.35195688
2021-10-08,20.6278,20.763,20.2883,20.4342,458500.2458128
2021-10-11,20.6278,20.7338,20.4916,20.5305,126391.55307338
2021-10-12,20.55,20.6657,20.4624,20.4916,92694.882682118
2021-10-13,20.5111,20.5597,20.2688,20.4148,355012.06704123
2021-10-14,20.2591,20.2591,19.9789,19.9984,398754.72625937
2021-10-15,19.9692,20.0947,19.9011,19.9108,306824.62570016
2021-10-18,19.9497,19.9692,19.7853,19.8038,417558.70391311
2021-10-19,19.9984,20.1822,19.9984,20.1044,231393.87709636
2021-10-20,20.2883,20.4293,20.1433,20.3856,189149.94413521
2021-10-21,20.1628,20.192,19.8816,19.9108,444504.93855014
2021-10-22,19.9789,20.2494,19.9789,20.1239,233849.60893995
2021-10-25,20.2299,20.5305,20.2299,20.4916,363238.61452731
2021-10-26,20.9566,20.9566,20.6375,20.656,244076.51396794
2021-10-27,20.7047,21.0539,20.7047,20.9663,117132.96089456
2021-10-28,20.9274,20.9274,20.7825,20.8506,274883.66480611
2021-10-29,20.7144,20.7144,20.4819,20.6278,109127.41899507
2021-11-01,20.9469,21.1502,20.9469,21.0918,220298.3687164
2021-11-02,21.0821,21.0821,20.8788,20.8982,88191.508380416
2021-11-03,20.7436,21.2475,20.5792,21.1697,369968.49162232
2021-11-04,21.228,21.4022,21.2037,21.4022,292394.50279504
2021-11-05,21.48,21.586,21.3535,21.5179,487131.26257274
2021-11-08,21.693,21.9927,21.693,21.9538,358890.4581027
2021-11-09,21.9927,22.1094,21.7991,21.9732,405348.91620354
2021-11-10,21.731,21.944,21.6541,21.731,398008.44692975
2021-11-11,21.6055,21.7261,21.5471,21.6347,104584.98324085
2021-11-12,21.7125,21.7699,21.5569,21.6347,475435.44134362
2021-11-15,22.4674,22.7777,22.4674,22.5744,887094.83799413
2021-11-16,21.7125,21.7261,21.446,21.5666,654492.11173576
2021-11-17,21.4314,21.4751,21.0734,21.267,413246.52514214
2021-11-18,20.6852,21.0053,20.6083,20.8506,1160624.7150907
2021-11-19,20.6657,20.7533,20.3467,20.4245,796239.95531202
2021-11-22,20.5013,20.6521,20.0655,20.0947,432015.55307521
2021-11-23,19.1647,19.1647,18.4701,18.545,1923823.8212406
2021-11-24,19.7172,19.7853,19.262,19.727,1417199.8659303
2021-11-26,18.7386,18.9614,18.4973,18.8845,469709.85475141
2021-11-29,18.7104,18.7201,18.3319,18.545,859816.58101073
2021-11-30,18.1578,18.1578,17.2472,17.3932,1964419.9776654
2021-12-01,18.042,18.4876,17.7609,18.0712,1499578.4134168
2021-12-02,18.1675,18.1967,17.7512,17.9058,542668.42458425
2021-12-03,18.0518,18.187,17.9156,18.0809,254515.17318588
2021-12-06,18.3027,18.3027,18.0897,18.1675,317532.60335385
2021-12-07,18.6909,19.3592,18.6909,19.1939,656499.66480839
2021-12-08,19.2328,19.3203,19.0295,19.2717,316315.53072815
2021-12-09,19.369,19.4653,18.9954,19.0586,411477.45251643
2021-12-10,19.2133,19.3009,19.0684,19.262,183125.22905137
2021-12-13,19.7095,20.118,19.7095,19.9235,474477.40782407
2021-12-14,19.797,20.0208,19.6024,19.8748,408594.1005611
2021-12-15,19.5052,19.7532,19.2814,19.6803,942199.2402291
2021-12-16,19.3009,19.4127,19.1355,19.3398,510041.83240528
2021-12-17,16.9272,17.2385,16.5089,16.6451,2657145.0279488
2021-12-20,14.8758,20.9158,14.5924,20.1764,8870019.1285446
2021-12-21,18.9701,19.3106,17.9292,18.8534,2335562.368729
2021-12-22,18.8534,19.0187,18.114,18.4642,572992.4469308
2021-12-23,20.2348,21.1006,19.904,20.3321,1952513.4301793
2021-12-27,21.2076,21.4897,21.0325,21.1298,1195548.7374373
2021-12-28,20.1375,20.4391,19.9527,20.1278,406332.64804712
2021-12-29,19.5538,19.8554,19.0771,19.5149,401188.87151078
2021-12-30,18.8582,18.8923,18.1529,18.474,789601.56425053
2021-12-31,18.2989,18.3815,17.8027,18.0751,812621.09497693
2022-01-03,18.7853,19.9152,18.6692,19.4468,1651875.9329708
2022-01-04,19.1647,19.2911,18.7755,19.0868,313686.07821417
2022-01-05,19.262,19.5421,18.829,18.9312,385241.51955538
2022-01-06,19.0382,19.2036,18.8145,18.902,445950.21229317
2022-01-07,19.3203,19.4468,19.0966,19.3592,355557.89944347
2022-01-10,19.6511,19.7678,19.0139,19.4079,502125.72067339
2022-01-11,19.4662,19.6511,19.3806,19.5441,108184.80446992
2022-01-12,19.6997,20.4196,19.6822,20.2348,666908.51397047
2022-01-13,20.1764,20.2931,19.9137,19.9818,156070.03352049
2022-01-14,20.1278,20.3515,19.9137,20.1278,543014.83799207
2022-01-18,19.5343,19.5343,18.692,18.8534,669198.74860735
2022-01-19,19.7484,20.1764,19.5734,20.0305,621594.14525511
2022-01-20,19.8457,20.0986,19.5538,19.9235,373599.15084022
2022-01-21,19.797,19.8457,19.3884,19.4565,342851.62011378
2022-01-24,19.1452,19.1452,18.3572,18.795,753742.12290953
2022-01-25,18.8826,19.0479,18.6491,18.8826,312135.95530913
2022-01-26,18.9701,19.1452,18.3524,18.6102,378778.9050302
2022-01-27,18.7853,19.3716,18.7853,19.1744,413154.01117565
2022-01-28,19.1841,19.2814,19.0577,19.1647,237737.25139807
2022-01-31,19.4565,19.9429,19.4565,19.8651,375185.25139889
2022-02-01,19.8067,19.9429,19.583,19.8457,405790.92737673
2022-02-02,19.6803,19.6803,19.223,19.3398,675174.12290906
2022-02-03,19.3203,19.3203,18.7366,18.8047,389818.90503026
2022-02-04,18.9409,19.0917,18.3378,18.5421,508296.40223768
2022-02-07,19.116,19.3398,19.0771,19.1939,394430.21229286
2022-02-08,19.3203,19.5052,19.2133,19.3884,147045.81005675
2022-02-09,19.6316,19.9429,19.6316,19.8554,317206.74860525
2022-02-10,19.7484,20.0402,19.4565,19.7776,264208.58100717
2022-02-11,19.8651,20.118,19.4565,19.6316,315972.20111921
2022-02-14,19.4662,19.5343,19.2133,19.3106,213821.36312977
2022-02-15,19.5441,19.8943,19.476,19.8165,436177.65363389
2022-02-16,19.7289,19.9137,19.6705,19.8165,92879.91061508
2022-02-17,19.6608,19.7289,19.3252,19.5149,293936.40223639
2022-02-18,19.4468,19.6803,19.4079,19.5733,180524.5586603
2022-02-22,19.1647,19.4468,19.0771,19.1841,349037.72067248
2022-02-23,19.2133,19.3592,18.8728,18.9117,663671.55307659
2022-02-24,17.4136,17.7541,16.7326,17.5206,1294002.1005664
2022-02-25,18.1918,18.6199,18.1724,18.5226,581288.89385822
2022-02-28,18.3183,18.4641,18.0167,18.2113,490169.83240517
2022-03-01,18.2113,18.6296,18.1821,18.6004,408807.91061697
2022-03-02,18.4837,18.6783,18.2794,18.4934,268555.70949881
2022-03-03,18.8047,18.8728,18.3864,18.4448,391793.56424815
2022-03-04,18.2989,18.3572,18.0167,18.221,523159.28491933
2022-03-07,18.221,18.328,17.7443,17.9486,403319.77653872
2022-03-08,18.0557,18.1529,17.7054,18.007,357411.26257197
2022-03-09,18.3767,18.4739,18.007,18.3572,236002.10056007
2022-03-10,18.1529,18.1529,17.7443,17.8124,362294.97206921
2022-03-11,18.2891,18.2891,17.8611,17.8611,147353.16201205
2022-03-14,18.4448,18.5615,18.2016,18.3183,432434.94972326
2022-03-15,18.5907,18.7464,18.4351,18.6102,423018.05586845
2022-03-16,18.6393,18.7172,18.3378,18.6296,952108.51397217
2022-03-17,18.795,19.2114,18.7658,19.1549,261168.98324178
2022-03-18,18.9701,19.0285,18.8047,18.9701,193925.72067155
2022-03-21,19.2717,19.2788,19.0966,19.2522,181384.93854857
2022-03-22,19.4371,19.7192,19.4371,19.6705,296674.81564423
2022-03-23,19.5441,19.6219,19.4273,19.5052,234045.94413548
2022-03-24,19.5441,19.5538,19.3787,19.5052,173782.34636975
2022-03-25,19.6024,19.6024,19.2912,19.4079,280181.63128659
2022-03-28,19.3301,19.476,19.2717,19.4468,144339.2625707
2022-03-29,20.0305,20.2834,19.8943,20.1959,600035.30726616
2022-03-30,20.2251,20.4002,20.1745,20.3612,345281.65363335
2022-03-31,20.3612,20.371,20.0597,20.1375,327201.34078408
2022-04-01,20.4099,20.4196,20.2486,20.3807,329659.12849359
2022-04-04,20.7115,21.1492,20.6045,21.0811,640052.73743399
2022-04-05,21.0617,21.1687,20.7698,20.906,132053.40782202
2022-04-06,20.8379,20.8963,20.692,20.8282,267641.87709657
2022-04-07,20.9644,21.1298,20.9352,21.013,219083.35195662
2022-04-08,21.1201,21.5414,21.1201,21.4411,270431.68715245
2022-04-11,21.8789,22.1804,21.8789,22.0929,465894.16760055
2022-04-12,22.2096,22.4723,22.2096,22.3264,249108.24581155
2022-04-13,22.375,22.6085,22.375,22.5112,249142.16759925
2022-04-14,22.5112,22.6085,22.4528,22.482,338064.53631487
2022-04-18,22.5987,22.7792,22.5307,22.7058,500027.7095002
2022-04-19,22.7252,22.9373,22.5696,22.9101,371019.03910836
2022-04-20,22.9003,23.1338,22.8711,23.1046,486492.91620403
2022-04-21,23.1727,23.2943,22.9392,22.949,425488.17877349
2022-04-22,22.8711,22.949,22.1512,22.1512,593442.14525494
2022-04-25,22.2583,22.5676,22.2583,22.5209,551334.9273776
2022-04-26,22.3215,22.3312,21.4508,21.5967,401013.09497446
2022-04-27,21.6065,22.1512,21.5967,22.1415,424393.43017013
2022-04-28,22.0151,22.0151,21.7135,21.8886,202038.16759897
2022-04-29,21.4119,21.7718,21.4119,21.6843,243519.37430313
2022-05-02,21.6551,21.6842,21.2854,21.5189,355956.7374323
2022-05-03,21.5286,21.6259,21.4411,21.48,86880.893855268
2022-05-04,21.4508,21.7816,21.2757,21.7427,347262.480449
2022-05-05,21.8594,22.123,21.6746,21.8594,393510.21229286
2022-05-06,21.5773,21.9372,21.3832,21.6551,379367.91061679
2022-05-09,21.5578,21.7037,21.4605,21.4703,322134.6592198
2022-05-10,21.5676,21.6551,21.4216,21.5384,207108.96089509
2022-05-11,21.2271,21.3633,20.9158,21.0617,316869.58659407
2022-05-12,20.157,20.5947,20.0536,20.5655,365362.32402453
2022-05-13,20.5947,20.8671,20.2348,20.5947,378253.63128718
2022-05-16,20.1278,20.4148,20.0597,20.2348,207741.13966605
2022-05-17,20.2834,20.3321,19.9624,20.1278,304420.29050461
2022-05-18,19.8359,19.9235,19.69,19.7776,505133.45251699
2022-05-19,19.7776,20.0889,19.7678,20.0402,588531.70950073
2022-05-20,19.9721,19.9721,19.5052,19.6997,420944.71508632
2022-05-23,19.6219,20.118,19.617,19.9818,236278.61452655
2022-05-24,19.9429,19.9429,19.6083,19.7192,202626.14525261
2022-05-25,19.476,19.8257,19.3746,19.7289,411474.36871754
2022-05-26,19.7386,20.0879,19.7386,19.9818,123241.96648118
2022-05-27,19.8846,20.0889,19.7484,20.0694,99776.312849759
2022-05-31,20.5753,20.8963,20.157,20.7115,159749.00558755
2022-06-01,20.8379,20.9644,20.6531,20.8574,148069.6312858
2022-06-02,20.7893,21.013,20.7309,20.9449,85655.597765875
2022-06-03,20.5266,21.373,20.4974,21.0422,436732.73743278
2022-06-06,21.0617,21.1979,20.9352,20.9741,217627.79888398
2022-06-07,20.6142,20.9352,20.2703,20.9352,265753.5642474
2022-06-08,20.157,20.2932,19.5246,19.69,341104.13408025
2022-06-09,19.44,19.994,19.25,19.46,327668.0
2022-06-10,19.48,19.81,19.37,19.37,149158.0
2022-06-13,19.09,19.36,19.02,19.08,118181.0
2022-06-14,19.12,19.29,19.03,19.17,143996.0
2022-06-15,19.3,19.3499,19.13,19.32,358467.0
2022-06-16,18.99,19.1287,18.84,19.01,209295.0
2022-06-17,19.05,19.45,19.05,19.27,150192.0
2022-06-21,19.27,19.6,19.268,19.54,96698.0
2022-06-22,19.47,19.92,19.38,19.4,116738.0
2022-06-23,19.29,19.42,19.035,19.15,124438.0
2022-06-24,19.19,19.96,19.19,19.27,572346.0
2022-06-27,20.07,20.3,19.9,20.05,303175.0
2022-06-28,19.93,20.0,19.52,19.7,253924.0
2022-06-29,19.88,19.88,18.98,19.11,246896.0
2022-06-30,19.1,19.18,18.91,19.01,134441.0
2022-07-01,19.3,19.36,19.14,19.25,143294.0
2022-07-05,18.76,18.76,18.31,18.75,294545.0
2022-07-06,18.39,18.63,18.203,18.57,169696.0
2022-07-07,18.51,18.61,18.45,18.53,421845.0
2022-07-08,18.54,18.59,18.42,18.52,107527.0
2022-07-11,18.33,18.36,18.16,18.16,96803.0
2022-07-12,18.16,18.36,18.11,18.15,147832.0
2022-07-13,18.15,18.198,17.93,18.14,241426.0
2022-07-14,18.01,18.14,17.77,17.89,117282.0
2022-07-15,17.98,18.18,17.9001,18.07,149009.0
2022-07-18,18.34,18.5399,18.29,18.33,293175.0
2022-07-19,18.51,18.835,18.51,18.76,124038.0
2022-07-20,18.84,18.92,18.73,18.87,57457.0
2022-07-21,18.82,18.82,18.5798,18.8,52784.0
2022-07-22,18.77,18.89,18.61,18.71,97772.0
2022-07-25,18.75,18.94,18.75,18.9,132967.0
2022-07-26,18.8,18.91,18.8,18.85,105793.0
2022-07-27,18.85,19.14,18.768,19.08,42653.0
2022-07-28,18.8,18.91,18.622,18.9,48477.0
2022-07-29,19.04,19.35,19.02,19.24,134752.0
2022-08-01,19.43,19.8,19.43,19.65,154872.0
2022-08-02,19.61,19.65,19.32,19.5,112136.0
2022-08-03,19.54,19.82,19.49,19.76,93286.0
2022-08-04,19.85,20.18,19.85,20.1,186769.0
2022-08-05,19.91,20.24,19.8362,20.22,118057.0
2022-08-08,20.41,20.64,20.41,20.59,123204.0
2022-08-09,20.32,20.55,20.32,20.45,221675.0
2022-08-10,20.77,21.09,20.6,20.96,165101.0
2022-08-11,21.07,21.07,20.78,20.82,329720.0
2022-08-12,20.98,21.07,20.7,21.03,71107.0
2022-08-15,20.75,20.93,20.67,20.85,113898.0
2022-08-16,20.65,21.47,20.65,21.39,96788.0
2022-08-17,21.39,21.7,21.375,21.6,157296.0
2022-08-18,21.38,22.0,21.15,21.93,294939.0
2022-08-19,21.76,21.93,21.65,21.69,118841.0
2022-08-22,22.12,22.18,21.98,22.1,181870.0
2022-08-23,22.36,22.64,22.36,22.57,234211.0
2022-08-24,22.17,22.43,21.98,22.1,156764.0
2022-08-25,22.32,22.59,22.2905,22.51,190568.0
2022-08-26,22.51,22.85,22.24,22.3,297349.0
2022-08-29,22.3,22.79,22.26,22.67,395511.0
2022-08-30,22.69,22.76,22.36,22.49,577512.0
2022-08-31,22.83,22.91,22.49,22.49,255066.0
2022-09-01,22.24,22.56,22.12,22.36,143515.0
2022-09-02,22.54,23.19,22.54,22.89,308755.0
2022-09-06,24.06,24.33,23.87,23.99,710611.0
2022-09-07,24.0,24.46,23.99,24.31,282134.0
2022-09-08,24.55,24.76,24.1,24.32,295474.0
2022-09-09,24.73,25.25,24.68,25.06,565349.0
2022-09-12,25.42,26.42,25.39,26.32,581336.0
2022-09-13,25.29,25.47,23.34,23.53,891207.0
2022-09-14,23.71,24.73,23.71,24.71,522840.0
2022-09-15,23.98,24.315,23.76,23.84,231092.0
2022-09-16,23.85,24.23,23.85,24.11,305391.0
2022-09-19,23.67,23.67,22.57,22.9,408830.0
2022-09-20,22.88,23.525,22.79,23.35,129194.0
2022-09-21,23.17,23.36,22.81,22.81,225615.0
2022-09-22,23.48,23.67,23.26,23.4,190155.0
2022-09-23,23.32,23.4285,23.0733,23.31,230351.0
2022-09-26,22.76,23.16,22.61,23.01,406717.0
2022-09-27,23.18,23.22,22.61,22.83,242187.0
2022-09-28,22.41,22.6,22.335,22.5,194446.0
2022-09-29,22.25,22.34,21.29,22.12,239278.0
2022-09-30,22.01,22.2399,21.96,22.08,265615.0
2022-10-03,22.82,24.187,22.82,24.14,522446.0
2022-10-04,24.14,24.35,24.132,24.26,198118.0
2022-10-05,24.08,24.55,23.86,24.5,96058.0
2022-10-06,24.63,24.889,24.58,24.67,105557.0
2022-10-07,24.65,24.92,24.59,24.64,140732.0
2022-10-10,24.71,24.93,24.6892,24.92,96459.0
2022-10-11,24.86,24.9,24.56,24.62,208690.0
2022-10-12,24.27,24.51,24.06,24.4,85913.0
2022-10-13,24.25,24.8888,24.25,24.83,63896.0
2022-10-14,25.1,25.21,24.79,24.88,70838.0
2022-10-17,26.36,27.005,26.36,26.9,405199.0
2022-10-18,26.78,27.04,26.558,26.98,136153.0
2022-10-19,26.98,27.22,26.795,26.99,230721.0
2022-10-20,27.07,27.26,26.845,26.96,108864.0
2022-10-21,27.2,27.388,26.97,27.2,200283.0
2022-10-24,27.53,27.695,27.42,27.64,149542.0
2022-10-25,27.21,27.58,27.08,27.5,305923.0
2022-10-26,27.43,27.43,27.11,27.37,136780.0
2022-10-27,27.24,27.24,26.75,26.75,134854.0
2022-10-28,26.75,26.78,26.47,26.77,256389.0
2022-10-31,26.78,27.3,26.78,27.19,290632.0
2022-11-01,27.41,27.75,27.23,27.5,358045.0
2022-11-02,27.8,27.95,27.55,27.59,280984.0
2022-11-03,27.59,27.88,27.5,27.8,454773.0
2022-11-04,28.2,28.68,28.2,28.64,294288.0
2022-11-07,29.29,29.77,29.29,29.69,295646.0
2022-11-08,29.69,30.0,29.52,29.99,255954.0
2022-11-09,29.62,29.62,29.39,29.39,157188.0
2022-11-10,30.06,30.62,30.06,30.53,254148.0
2022-11-11,30.35,30.35,29.73,30.04,155676.0
2022-11-14,30.77,30.77,30.58,30.63,339509.0
2022-11-15,30.89,31.23,30.87,31.13,253788.0
2022-11-16,31.13,31.21,30.8104,30.88,312825.0
2022-11-17,30.15,30.15,29.562,29.79,399670.0
2022-11-18,29.97,30.335,29.875,30.2,263766.0
2022-11-21,30.37,30.79,30.25,30.75,170372.0
2022-11-22,31.52,32.6,31.52,32.46,343940.0
2022-11-23,32.46,32.79,32.41,32.5,302134.0
2022-11-25,32.98,33.5,32.87,33.5,255010.0
2022-11-28,33.59,33.6,33.33,33.34,306968.0
2022-11-29,33.49,33.86,33.475,33.77,226018.0
2022-11-30,33.95,34.31,33.78,34.3,296011.0
2022-12-01,34.38,34.38,34.1,34.25,369997.0
2022-12-02,33.76,33.79,33.17,33.62,217822.0
2022-12-05,33.6,33.64,33.06,33.2,411903.0
2022-12-06,33.82,33.93,33.5601,33.68,201470.0
2022-12-07,32.535,32.87,32.272,32.56,370766.0
2022-12-08,32.68,32.92,32.61,32.87,454483.0
2022-12-09,33.47,34.05,33.46,33.9,434675.0
2022-12-12,35.26,35.58,35.04,35.39,529974.0
2022-12-13,35.86,36.0,35.35,35.36,790485.0
2022-12-14,34.75,35.25,33.7,34.26,810236.0
2022-12-15,34.6,35.18,34.6,34.93,309130.0
2022-12-16,34.91,35.25,34.89,35.03,312547.0
2022-12-19,36.39,36.61,36.1,36.38,472646.0
2022-12-20,36.64,36.88,36.4001,36.76,314667.0
2022-12-21,36.81,36.92,36.675,36.82,314419.0
2022-12-22,36.82,36.89,36.35,36.75,224093.0
2022-12-23,36.66,37.0,36.66,36.88,197121.0
2022-12-27,37.0,37.0699,36.602,36.68,174685.0
2022-12-28,36.11,36.25,35.5301,35.83,293295.0
2022-12-29,36.58,37.28,36.58,37.18,188495.0
2022-12-30,37.37,37.46,36.96,37.0,211047.0
2023-01-03,38.13,38.1738,37.6901,37.76,898273.0
2023-01-04,37.3,37.5299,37.09,37.44,421080.0
2023-01-05,34.58,35.0,34.06,34.49,901447.0
2023-01-06,35.89,36.4799,35.635,36.18,565067.0
2023-01-09,34.65,34.94,34.2,34.64,725074.0
2023-01-10,34.52,34.52,33.2401,33.71,489962.0
2023-01-11,32.11,32.56,31.8,32.41,1116014.0
2023-01-12,33.0,33.56,32.9408,33.56,375707.0
2023-01-13,33.37,33.63,33.28,33.55,374967.0
2023-01-17,35.45,35.9,35.3908,35.81,911544.0
2023-01-18,35.83,36.2728,35.83,36.02,351444.0
2023-01-19,36.3,36.55,36.23,36.47,347955.0
2023-01-20,36.69,37.08,36.65,36.94,232579.0
2023-01-23,36.94,36.94,36.09,36.31,218283.0
2023-01-24,36.0,36.415,35.76,36.38,129186.0
2023-01-25,35.35,36.11,35.02,36.08,175701.0
2023-01-26,35.69,35.6943,34.97,35.1,338552.0
2023-01-27,34.09,35.33,34.09,35.26,167528.0
2023-01-30,34.67,34.71,34.29,34.29,112940.0
2023-01-31,34.02,34.09,33.5672,33.9,198528.0
2023-02-01,32.29,32.4865,31.58,32.01,618710.0
2023-02-02,31.45,32.39,31.3147,32.31,850879.0
2023-02-03,33.66,34.03,33.655,33.96,751658.0
2023-02-06,32.52,33.45,32.28,33.13,438097.0
2023-02-07,30.83,31.23,30.63,31.12,485736.0
2023-02-08,29.32,29.92,29.09,29.79,1003654.0
2023-02-09,29.95,30.16,29.38,29.41,761416.0
2023-02-10,29.5,29.58,29.28,29.35,519500.0
2023-02-13,29.5,29.745,29.26,29.53,396567.0
2023-02-14,30.5,32.23,30.41,31.98,1378507.0
2023-02-15,33.81,35.22,33.8,35.06,1801202.0
2023-02-16,34.64,34.96,33.66,34.03,1069289.0
2023-02-17,34.05,34.5,34.02,34.07,200983.0
2023-02-21,35.37,35.52,34.93,35.04,692121.0
2023-02-22,34.61,34.67,34.262,34.34,175518.0
2023-02-23,34.44,34.64,34.34,34.41,141267.0
2023-02-24,34.43,34.68,34.22,34.31,147206.0
2023-02-27,35.06,35.6699,35.06,35.56,152843.0
2023-02-28,35.53,35.74,35.26,35.48,153492.0
2023-03-01,36.22,36.3,35.9,36.18,201960.0
2023-03-02,36.03,36.03,35.595,35.73,110894.0
2023-03-03,35.08,35.27,34.5,35.27,330916.0
2023-03-06,36.45,36.99,36.36,36.8,520893.0
2023-03-07,36.34,36.72,36.22,36.25,121191.0
2023-03-08,36.62,37.17,36.47,37.17,122829.0
2023-03-09,37.0,37.16,36.74,36.91,297676.0
2023-03-10,36.79,36.82,36.5,36.65,94594.0
2023-03-13,36.15,36.61,36.065,36.21,87552.0
2023-03-14,36.19,36.19,35.3601,35.48,144095.0
2023-03-15,35.19,35.19,34.54,34.91,177948.0
2023-03-16,35.09,36.08,34.85,36.06,901903.0
2023-03-17,35.23,35.53,34.94,35.05,525522.0
2023-03-20,34.63,34.63,33.86,34.0,206509.0
2023-03-21,33.54,34.1729,33.12,33.23,374515.0
2023-03-22,33.5,34.3199,33.5,33.83,273468.0
2023-03-23,33.85,34.66,33.85,34.09,197758.0
2023-03-24,34.12,34.42,33.86,34.09,119212.0
2023-03-27,34.15,34.25,33.5517,33.73,113897.0
2023-03-28,33.31,33.39,32.45,32.65,367600.0
2023-03-29,32.6,33.66,32.4,33.5,292568.0
2023-03-30,33.64,33.81,33.01,33.21,237893.0
2023-03-31,32.91,33.0,32.42,32.62,321886.0
2023-04-03,32.13,33.29,32.0,32.8,351200.0
2023-04-04,32.8,33.98,32.8,33.82,370729.0
2023-04-05,33.57,33.95,32.9506,33.0,229014.0
2023-04-06,33.02,33.5,33.02,33.18,161912.0
2023-04-10,34.0,34.53,34.0,34.5,90907.0
2023-04-11,34.45,34.6499,34.3,34.57,758786.0
2023-04-12,34.95,35.07,34.6,34.65,493554.0
2023-04-13,34.79,34.84,34.535,34.58,193111.0
2023-04-14,34.57,34.61,34.23,34.35,216286.0
2023-04-17,34.3,34.34,33.98,34.01,271940.0
2023-04-18,33.9,33.97,33.68,33.76,387969.0
2023-04-19,33.73,34.215,33.5901,33.92,321948.0
2023-04-20,33.68,33.82,33.63,33.71,264587.0
2023-04-21,33.74,33.74,33.48,33.53,249580.0
2023-04-24,33.53,33.86,33.53,33.67,209835.0
2023-04-25,33.24,33.34,32.71,32.71,680570.0
2023-04-26,32.17,32.39,31.84,32.03,269981.0
2023-04-27,32.02,32.48,31.95,32.12,102359.0
2023-04-28,31.47,31.65,30.68,30.97,418094.0
2023-05-01,30.86,31.0899,30.85,30.85,281541.0
2023-05-02,30.82,30.83,30.04,30.26,501619.0
2023-05-03,29.47,30.39,29.24,30.09,441544.0
2023-05-04,30.24,30.42,29.83,30.04,98343.0
2023-05-05,29.76,29.76,29.39,29.52,156900.0
2023-05-08,30.19,30.88,30.13,30.7,306575.0
2023-05-09,30.7,30.93,30.41,30.75,228407.0
2023-05-10,30.57,30.65,30.29,30.57,215738.0
2023-05-11,32.62,33.45,32.56,33.43,742965.0
2023-05-12,32.76,32.76,32.1,32.41,1524688.0
2023-05-15,30.56,30.81,29.3503,29.69,1281490.0
2023-05-16,30.0,30.56,29.85,30.32,724954.0
2023-05-17,30.69,30.88,30.39,30.7,471890.0
2023-05-18,30.04,30.09,29.505,29.58,219765.0
2023-05-19,29.7,29.7,28.8,29.42,733253.0
2023-05-22,29.4,29.64,29.0,29.22,266316.0
2023-05-23,29.47,29.47,29.12,29.22,116631.0
2023-05-24,28.95,29.03,28.73,28.74,218760.0
2023-05-25,28.71,28.79,28.53,28.7,819224.0
2023-05-26,29.36,29.85,29.36,29.57,568837.0
2023-05-30,31.5,31.64,31.155,31.29,645331.0
2023-05-31,31.23,31.23,30.29,30.35,282845.0
2023-06-01,30.77,30.98,30.5,30.9,296935.0
2023-06-02,31.59,32.17,31.36,31.86,379205.0
2023-06-05,32.43,32.86,32.43,32.79,223826.0
2023-06-06,32.5,32.61,32.251,32.58,154761.0
2023-06-07,30.41,30.55,29.95,29.96,256026.0
2023-06-08,29.35,30.06,29.01,29.93,462456.0
2023-06-09,30.26,30.44,30.2,30.3,222692.0
2023-06-12,30.2,30.2,29.66,29.66,211055.0
2023-06-13,29.41,29.41,28.8,28.92,250325.0
2023-06-14,28.54,28.93,28.5,28.86,162776.0
2023-06-15,28.82,29.49,28.78,29.41,136735.0
2023-06-16,29.62,29.74,29.21,29.31,451251.0
2023-06-20,28.28,28.35,28.04,28.26,146500.0
2023-06-21,28.21,28.21,27.81,28.08,264346.0
2023-06-22,28.09,28.19,27.7848,27.82,262497.0
2023-06-23,27.69,28.25,27.61,28.21,423888.0
2023-06-26,28.11,28.46,28.04,28.11,326448.0
2023-06-27,28.11,28.1299,28.0,28.05,92038.0
2023-06-28,27.94,28.07,27.94,28.02,51586.0
2023-06-29,27.77,28.07,27.77,27.97,50622.0
2023-06-30,28.38,28.38,28.0,28.25,98181.0
2023-07-03,28.94,29.315,28.94,29.16,289464.0
2023-07-05,29.29,29.68,29.29,29.6,169978.0
2023-07-06,29.94,30.0628,29.67,29.78,141594.0
2023-07-07,29.97,30.06,29.7,29.95,242316.0
2023-07-10,30.14,30.75,30.14,30.715,160271.0
2023-07-11,31.08,31.08,30.69,30.8,194840.0
2023-07-12,30.8,30.99,30.6401,30.71,174719.0
2023-07-13,30.84,31.0,30.73,30.95,148091.0
2023-07-14,30.91,31.29,30.91,31.29,71310.0
2023-07-17,31.43,31.71,31.41,31.62,150267.0
2023-07-18,30.69,30.949,29.74,29.74,314281.0
2023-07-19,30.11,31.21,30.11,31.16,171759.0
2023-07-20,31.2,31.5,31.06,31.43,58502.0
2023-07-21,31.12,31.48,30.9141,31.28,58607.0
2023-07-24,31.61,31.75,30.915,30.98,257637.0
2023-07-25,30.88,31.065,30.57,30.67,196958.0
2023-07-26,31.14,31.67,31.14,31.59,189899.0
2023-07-27,31.8,32.3,31.74,32.2,222854.0
2023-07-28,32.99,33.43,32.98,33.32,199953.0
2023-07-31,33.68,33.8986,33.61,33.81,177450.0
2023-08-01,33.84,33.92,33.26,33.34,152093.0
2023-08-02,33.99,34.34,33.79,33.86,207805.0
2023-08-03,33.85,34.05,33.57,33.74,121786.0
2023-08-04,34.42,34.7296,34.42,34.59,114552.0
2023-08-07,34.84,35.01,34.75,35.0,125378.0
2023-08-08,34.73,34.86,34.3231,34.7,165246.0
2023-08-09,35.04,35.77,35.01,35.76,112639.0
2023-08-10,35.45,35.8,34.53,34.62,109478.0
2023-08-11,35.54,36.115,35.41,35.99,149656.0
2023-08-14,36.07,36.23,35.72,36.14,288395.0
2023-08-15,35.83,35.87,35.125,35.75,269463.0
2023-08-16,35.7,36.03,35.6,35.66,90474.0
2023-08-17,35.9,36.09,35.73,36.0,112394.0
2023-08-18,35.53,35.68,34.49,35.05,272969.0
2023-08-21,35.96,36.4374,35.96,36.4,212443.0
2023-08-22,35.9,36.3854,35.67,36.15,185910.0
2023-08-23,36.07,36.07,35.22,35.33,69341.0
2023-08-24,36.87,37.5987,36.5,36.57,234869.0
2023-08-25,36.17,36.98,35.87,36.98,87509.0
2023-08-28,37.74,38.13,37.74,38.015,242641.0
2023-08-29,37.85,37.97,37.3601,37.75,186610.0
2023-08-30,37.48,37.79,37.33,37.62,64189.0
2023-08-31,37.49,37.7,37.26,37.47,78279.0
2023-09-01,37.81,38.18,37.69,38.13,61997.0
2023-09-05,38.21,38.85,38.21,38.77,183346.0
2023-09-06,38.77,39.06,38.41,38.54,169149.0
2023-09-07,38.91,39.46,38.8801,39.35,87308.0
2023-09-08,39.38,39.5,39.18,39.27,91009.0
2023-09-11,38.81,38.84,38.261,38.42,125389.0
2023-09-12,38.69,39.025,38.27,38.35,108941.0
2023-09-13,37.62,38.19,37.11,37.7,143870.0
2023-09-14,37.09,38.27,37.09,38.21,259963.0
2023-09-15,37.99,37.99,37.4,37.5,185453.0
2023-09-18,36.75,36.77,36.1397,36.18,242299.0
2023-09-19,36.18,36.72,36.15,36.48,247192.0
2023-09-20,36.68,36.71,36.27,36.32,93540.0
2023-09-21,37.18,37.59,36.93,37.46,124516.0
2023-09-22,37.67,37.81,37.54,37.59,60475.0
2023-09-25,38.29,39.0372,38.29,38.88,170736.0
2023-09-26,38.8,39.09,38.47,38.5,127284.0
2023-09-27,38.35,38.5499,38.12,38.19,129119.0
2023-09-28,38.18,38.28,38.0,38.04,74605.0
2023-09-29,38.84,39.0399,38.56,38.56,316988.0
2023-10-02,39.37,39.49,39.225,39.25,171272.0
2023-10-03,39.48,39.76,39.25,39.57,141628.0
2023-10-04,39.22,39.22,38.64,38.81,190200.0
2023-10-05,38.83,39.388,38.64,39.03,181673.0
2023-10-06,39.32,39.5,39.227,39.49,52334.0
2023-10-09,38.79,38.79,37.99,38.09,122977.0
2023-10-10,38.69,39.12,38.69,38.91,86182.0
2023-10-11,38.75,38.75,38.36,38.38,88420.0
2023-10-12,37.98,38.07,37.0601,38.07,96316.0
2023-10-13,37.54,37.76,37.22,37.35,106422.0
2023-10-16,36.84,37.03,36.55,36.63,71194.0
2023-10-17,36.93,37.3689,36.85,36.93,84339.0
2023-10-18,36.11,36.18,35.8,35.92,114476.0
2023-10-19,35.52,35.81,35.0,35.07,141011.0
2023-10-20,34.57,34.57,34.0375,34.27,106793.0
2023-10-23,34.93,35.46,34.93,35.19,103186.0
2023-10-24,35.94,36.4339,35.94,36.19,112025.0
2023-10-25,35.17,35.17,33.57,34.02,205120.0
2023-10-26,34.63,34.92,34.42,34.75,184292.0
2023-10-27,34.27,35.0,33.88,34.0,175107.0
2023-10-30,34.64,35.025,34.6,34.78,64063.0
2023-10-31,34.43,34.43,33.8,34.15,85424.0
2023-11-01,33.16,34.09,32.815,33.98,79257.0
2023-11-02,34.42,34.75,34.12,34.55,168197.0
2023-11-03,34.18,34.86,34.06,34.79,79984.0
2023-11-06,35.36,35.4996,35.14,35.45,127493.0
2023-11-07,35.29,35.51,35.1,35.25,99165.0
2023-11-08,35.55,35.55,35.14,35.27,79557.0
2023-11-09,35.07,35.3,35.05,35.07,64339.0
2023-11-10,35.01,35.01,34.61,34.65,39444.0
2023-11-13,34.08,34.15,33.7,33.74,220774.0
2023-11-14,34.06,34.45,34.05,34.3,73538.0
2023-11-15,34.27,34.36,34.01,34.23,66726.0
2023-11-16,34.56,34.65,34.51,34.62,59485.0
2023-11-17,34.95,35.19,34.95,35.16,100730.0
2023-11-20,35.24,35.6,35.24,35.6,62126.0
2023-11-21,35.59,35.87,35.59,35.71,40926.0
2023-11-22,35.6,35.7,35.43,35.47,50108.0
2023-11-24,35.29,35.36,35.1615,35.29,148940.0
2023-11-27,36.0,36.05,35.81,35.93,102533.0
2023-11-28,35.7,36.05,35.68,36.05,53054.0
2023-11-29,35.61,35.64,35.42,35.61,111041.0
2023-11-30,35.35,35.38,35.08,35.27,51298.0
2023-12-01,35.27,35.68,35.1,35.68,39846.0
2023-12-04,35.8,35.93,35.7,35.79,99032.0
2023-12-05,35.63,35.87,35.61,35.69,56551.0
2023-12-06,35.06,35.06,34.77,34.77,79876.0
2023-12-07,34.87,35.29,34.87,35.21,30478.0
2023-12-08,35.07,35.07,34.83,34.92,33075.0
2023-12-11,34.4,34.45,34.0,34.13,86705.0
2023-12-12,34.01,34.12,33.95,34.01,75480.0
2023-12-13,33.51,33.56,33.0492,33.47,213250.0
2023-12-14,34.36,34.57,34.3,34.42,101346.0
2023-12-15,34.95,35.29,34.95,35.01,75152.0
2023-12-18,34.28,34.3686,34.13,34.3,60551.0
2023-12-19,34.0,34.08,33.89,34.04,135569.0
2023-12-20,33.51,33.6,33.27,33.3,90888.0
2023-12-21,33.79,33.92,33.79,33.92,78302.0
2023-12-22,33.33,33.33,32.97,33.1,201686.0
2023-12-26,32.29,32.37,31.75,31.83,265427.0
2023-12-27,31.83,31.83,31.5501,31.62,96020.0
2023-12-28,31.8,32.18,31.8,32.09,90824.0
2023-12-29,32.4,32.598,32.1927,32.28,81268.0
2024-01-02,32.45,32.67,32.43,32.65,70402.0
2024-01-03,32.1,32.15,31.63,31.64,228794.0
2024-01-04,32.03,32.35,32.03,32.27,200236.0
2024-01-05,32.38,32.68,32.3645,32.62,43952.0
2024-01-08,33.09,33.49,33.09,33.47,146348.0
2024-01-09,32.89,33.08,32.835,33.03,71913.0
2024-01-10,33.37,33.59,33.34,33.52,88977.0
2024-01-11,33.43,33.65,33.42,33.61,102523.0
2024-01-12,34.16,34.37,33.79,33.81,51218.0
2024-01-16,33.98,34.15,33.925,34.0,45995.0
2024-01-17,33.82,33.99,33.81,33.86,33741.0
2024-01-18,33.99,34.12,33.7,33.74,117120.0
2024-01-19,33.82,33.83,33.63,33.7,78979.0
2024-01-22,33.97,33.97,33.6701,33.76,51297.0
2024-01-23,33.7,33.7,33.42,33.58,53074.0
2024-01-24,34.19,34.49,34.19,34.42,123181.0
2024-01-25,34.42,34.61,34.4,34.59,38799.0
2024-01-26,35.05,35.34,35.05,35.29,125425.0
2024-01-29,35.51,35.91,35.51,35.71,90172.0
2024-01-30,35.78,35.8,35.6,35.72,35545.0
2024-01-31,35.81,36.15,35.72,35.8,79753.0
2024-02-01,36.35,36.57,36.2899,36.5,164798.0
2024-02-02,36.31,36.42,35.5207,35.92,327157.0
2024-02-05,36.39,36.7534,36.39,36.74,82877.0
2024-02-06,36.99,37.16,36.967,37.13,154937.0
2024-02-07,37.13,37.13,36.66,36.66,198749.0
2024-02-08,37.27,37.36,37.08,37.12,82744.0
2024-02-09,37.34,37.68,37.34,37.67,48073.0
2024-02-12,37.76,38.15,37.76,38.04,77050.0
2024-02-13,37.59,37.59,37.06,37.22,124287.0
2024-02-14,37.27,37.63,37.25,37.52,47194.0
2024-02-15,37.98,38.43,37.98,38.29,97796.0
2024-02-16,38.28,38.5,38.25,38.43,111055.0
2024-02-20,38.42,38.58,38.42,38.49,72494.0
2024-02-21,38.13,38.45,38.03,38.42,127546.0
2024-02-22,38.35,38.62,38.34,38.51,61512.0
2024-02-23,38.35,38.5,38.2901,38.5,52740.0
2024-02-26,37.81,38.49,37.8,38.32,94147.0
2024-02-27,38.22,38.22,37.38,37.7,188160.0
2024-02-28,37.16,37.43,37.09,37.3,165241.0
2024-02-29,37.31,37.6694,37.3047,37.49,288597.0
2024-03-01,37.31,37.31,37.01,37.03,289326.0
2024-03-04,36.29,36.3359,36.1,36.2,302092.0
2024-03-05,36.08,36.18,35.55,35.84,463222.0
2024-03-06,35.52,35.52,35.2136,35.28,294291.0
2024-03-07,36.08,36.25,35.945,36.19,187596.0
2024-03-08,36.64,36.64,36.35,36.4,230192.0
2024-03-11,36.86,36.86,36.24,36.27,387438.0
2024-03-12,36.11,36.15,35.77,36.0,192423.0
2024-03-13,35.63,35.74,35.38,35.38,109177.0
2024-03-14,35.27,35.4,35.02,35.15,73924.0
2024-03-15,35.09,35.16,34.91,35.02,40409.0
2024-03-18,34.65,34.65,34.4,34.5,123247.0
2024-03-19,34.93,35.23,34.93,35.18,58851.0
2024-03-20,35.14,35.51,35.14,35.43,101318.0
2024-03-21,36.2,36.82,36.2,36.43,67262.0
2024-03-22,36.39,36.4,36.2,36.26,53850.0
2024-03-25,36.51,36.6,35.8538,35.89,46317.0
2024-03-26,35.21,35.21,34.77,34.9,117611.0
2024-03-27,35.0,35.11,34.79,35.02,182342.0
2024-03-28,35.8,36.03,35.7833,35.94,152262.0
2024-04-01,36.69,36.8953,36.39,36.51,190027.0
2024-04-02,36.6,36.6,36.03,36.12,110759.0
2024-04-03,36.12,36.41,36.11,36.18,215794.0
2024-04-04,36.69,37.1,36.69,36.87,130158.0
2024-04-05,38.05,38.93,38.0,38.8,214417.0
2024-04-08,38.8,39.34,38.8,39.33,128719.0
2024-04-09,39.21,39.33,39.08,39.15,170076.0
2024-04-10,39.0,39.0,38.59,38.81,83953.0
2024-04-11,38.8,38.98,38.76,38.86,25078.0
2024-04-12,38.51,38.7,38.01,38.17,75153.0
2024-04-15,38.66,38.83,38.23,38.37,117377.0
2024-04-16,37.96,38.11,37.77,37.93,28942.0
2024-04-17,38.0,38.0393,37.63,37.72,178214.0
2024-04-18,37.63,37.93,37.55,37.7,40301.0
2024-04-19,38.23,38.3307,38.2,38.21,54930.0
2024-04-22,38.42,38.4707,38.2,38.275,69124.0
2024-04-23,38.3,38.38,38.25,38.28,19638.0
2024-04-24,38.44,38.605,38.36,38.58,36174.0
2024-04-25,38.37,38.76,38.26,38.76,50171.0
2024-04-26,39.42,39.79,39.3496,39.67,167929.0
2024-04-29,39.86,40.39,39.86,40.27,232670.0
2024-04-30,40.41,40.4699,40.1,40.2,99488.0
2024-05-01,40.2,40.33,39.99,40.15,53580.0
2024-05-02,40.91,40.99,40.53,40.99,90444.0
2024-05-03,41.08,41.5,40.93,41.5,85711.0
2024-05-06,41.5,41.59,41.31,41.59,215320.0
2024-05-07,41.18,41.899,41.0078,41.75,79493.0
2024-05-08,41.51,41.53,41.27,41.43,61781.0
2024-05-09,41.33,41.48,41.31,41.43,28979.0
2024-05-10,41.65,41.78,41.17,41.31,91404.0
2024-05-13,41.0,41.25,40.56,40.63,164736.0
2024-05-14,41.3,41.49,41.0375,41.14,63833.0
2024-05-15,41.14,41.48,41.03,41.17,178669.0
2024-05-16,41.23,41.8699,41.23,41.76,86338.0
2024-05-17,42.73,43.34,42.73,43.15,255583.0
2024-05-20,43.4,43.62,43.37,43.57,74655.0
2024-05-21,44.21,44.41,43.88,44.14,274110.0
2024-05-22,44.06,44.1863,43.89,44.03,53094.0
2024-05-23,43.88,43.95,43.4201,43.46,147242.0
2024-05-24,43.5,43.5,43.0,43.04,74647.0
2024-05-28,43.25,43.42,43.1,43.25,67885.0
2024-05-29,42.75,42.8551,42.55,42.55,94826.0
2024-05-30,42.41,42.49,42.18,42.38,89080.0
2024-05-31,42.22,42.39,41.95,42.28,172139.0
2024-06-03,42.54,43.09,42.31,42.9,148788.0
2024-06-04,42.13,42.24,41.21,41.4,563840.0
2024-06-05,41.4,42.16,41.24,41.96,294831.0
2024-06-06,41.68,41.82,41.49,41.77,208866.0
2024-06-07,41.34,41.34,40.921,41.01,159691.0
2024-06-10,40.62,40.74,40.29,40.37,103758.0
2024-06-11,40.16,40.34,39.94,39.96,249321.0
2024-06-12,40.49,40.8,40.41,40.45,195570.0
2024-06-13,41.47,41.64,41.23,41.56,141056.0
2024-06-14,41.22,41.3,40.96,41.12,176028.0
2024-06-17,41.22,41.32,41.03,41.32,75921.0
2024-06-18,41.44,41.7999,41.44,41.78,57708.0
2024-06-20,41.85,42.04,41.7,42.04,268652.0
2024-06-21,42.27,42.28,42.085,42.25,65366.0
2024-06-24,41.75,42.17,41.6411,42.1,118955.0
2024-06-25,41.85,41.94,41.65,41.82,21727.0
2024-06-26,41.52,41.555,41.05,41.09,53334.0
2024-06-27,41.5,41.97,41.5,41.94,41397.0
2024-06-28,42.23,42.47,41.84,42.02,91011.0
2024-07-01,41.21,41.21,40.55,40.93,108738.0
2024-07-02,41.04,41.71,41.04,41.71,102338.0
2024-07-03,41.88,42.65,41.825,42.64,73047.0
2024-07-05,42.9,43.16,42.7,43.16,156108.0
2024-07-08,43.16,43.19,42.9245,43.15,158994.0
2024-07-09,42.73,42.73,42.42,42.57,76296.0
2024-07-10,42.41,42.67,42.36,42.51,38083.0
2024-07-11,43.22,43.5,43.13,43.32,68130.0
2024-07-12,43.31,43.52,43.24,43.36,61088.0
2024-07-15,43.44,43.59,43.2,43.22,45039.0
2024-07-16,43.53,43.78,43.53,43.64,71388.0
2024-07-17,43.64,43.73,43.36,43.55,57548.0
2024-07-18,43.76,43.91,43.35,43.4,94508.0
2024-07-19,43.76,43.76,43.52,43.73,56423.0
2024-07-22,43.99,44.12,43.83,44.04,51673.0
2024-07-23,43.83,43.975,43.4131,43.7,67097.0
2024-07-24,43.66,43.66,43.07,43.12,40779.0
2024-07-25,42.64,42.64,42.181,42.4,49992.0
2024-07-26,42.8,42.8777,42.59,42.74,22173.0
2024-07-29,42.28,42.28,41.9,41.99,125389.0
2024-07-30,41.87,41.99,41.7509,41.92,102311.0
2024-07-31,41.59,41.89,41.46,41.78,116460.0
2024-08-01,42.37,42.525,41.845,41.97,56728.0
2024-08-02,40.99,41.025,40.44,40.64,383313.0
2024-08-05,38.04,38.65,37.9143,38.24,201193.0
2024-08-06,38.05,38.22,37.84,37.87,109847.0
2024-08-07,38.46,38.78,38.33,38.33,114970.0
2024-08-08,38.845,38.9035,38.66,38.83,50479.0
2024-08-09,38.25,38.44,38.1152,38.13,32585.0
2024-08-12,38.08,38.17,37.54,37.57,229382.0
2024-08-13,37.61,38.48,37.4,38.4,240178.0
2024-08-14,38.09,38.12,37.8,37.96,112145.0
2024-08-15,38.24,38.59,38.19,38.5,32950.0
2024-08-16,38.02,38.08,37.84,37.9,87954.0
2024-08-19,38.16,38.65,38.16,38.62,70691.0
2024-08-20,38.32,38.32,38.0,38.05,48208.0
2024-08-21,38.01,38.08,37.8,37.83,42093.0
2024-08-22,37.65,37.7956,37.52,37.57,53335.0
2024-08-23,37.01,37.3,36.59,36.74,299770.0
2024-08-26,36.8,36.86,36.07,36.22,200577.0
2024-08-27,36.56,36.9599,36.42,36.81,79464.0
2024-08-28,36.73,36.83,36.59,36.78,40556.0
2024-08-29,37.15,37.39,36.97,36.98,257122.0
2024-08-30,37.4,37.4,36.99,37.06,159698.0
2024-09-03,37.99,38.04,37.48,37.74,181577.0
2024-09-04,37.44,37.685,37.23,37.54,105056.0
2024-09-05,37.49,37.535,37.25,37.39,50719.0
2024-09-06,37.39,37.4,36.73,36.8,72317.0
2024-09-09,36.75,36.84,36.51,36.52,57810.0
2024-09-10,36.49,36.6,36.16,36.29,49724.0
2024-09-11,35.91,35.92,35.5119,35.78,75923.0
2024-09-12,35.4,36.19,35.1,36.13,158233.0
2024-09-13,36.12,36.686,36.12,36.61,80144.0
2024-09-16,36.39,36.4,36.09,36.25,86435.0
2024-09-17,36.71,36.94,36.68,36.73,136085.0
2024-09-18,36.87,37.23,36.7756,36.92,56503.0
2024-09-19,37.6306,37.84,37.4246,37.79,62425.0
2024-09-20,37.54,37.54,37.287,37.29,54965.0
2024-09-23,37.15,37.345,37.14,37.21,27524.0
2024-09-24,37.96,38.01,37.8,37.9,42030.0
2024-09-25,37.55,37.55,36.9675,37.02,133135.0
2024-09-26,37.22,37.22,36.8,36.9,87502.0
2024-09-27,36.71,36.87,36.525,36.78,70275.0
2024-09-30,36.57,36.57,36.34,36.38,76905.0
2024-10-01,36.23,36.23,34.87,35.1,172868.0
2024-10-02,34.66,34.72,34.14,34.17,111619.0
2024-10-03,34.0,34.0499,33.58,33.7,86315.0
2024-10-04,33.85,34.43,33.76,34.4,75986.0
2024-10-07,34.51,34.57,33.93,33.99,55295.0
2024-10-08,34.5,34.5,33.99,34.1,62947.0
2024-10-09,33.95,34.56,33.81,34.5,37877.0
2024-10-10,34.45,34.45,33.8175,33.84,92996.0
2024-10-11,33.92,33.99,33.42,33.66,86741.0
2024-10-14,32.96,33.305,32.82,32.94,282988.0
2024-10-15,33.2,33.61,33.2,33.4,234380.0
2024-10-16,33.35,33.96,33.35,33.87,94569.0
2024-10-17,34.15,34.323,33.99,34.02,43296.0
2024-10-18,33.5564,33.5769,33.16,33.17,74151.0
2024-10-21,33.03,33.11,32.68,32.8,112333.0
2024-10-22,33.47,33.59,33.2676,33.41,115153.0
2024-10-23,32.78,33.09,32.75,32.9,62028.0
2024-10-24,33.46,33.6,33.33,33.51,119333.0
2024-10-25,33.21,33.65,33.18,33.51,65232.0
2024-10-28,33.72,33.95,33.686,33.91,151244.0
2024-10-29,33.91,33.93,33.69,33.69,83555.0
2024-10-30,34.0,34.18,33.975,33.98,182531.0
2024-10-31,33.76,33.76,33.37,33.52,126951.0
2024-11-01,33.64,33.66,33.4048,33.46,41110.0
2024-11-04,32.54,32.6742,32.525,32.57,145174.0
2024-11-05,32.45,32.63,32.43,32.58,63610.0
2024-11-06,33.59,33.64,33.47,33.52,99519.0
2024-11-07,33.59,33.91,33.59,33.89,152787.0
2024-11-08,34.54,34.57,34.3941,34.52,155136.0
2024-11-11,34.86,34.89,34.68,34.85,65865.0
2024-11-12,34.72,34.78,34.5016,34.58,69916.0
2024-11-13,35.0,35.36,34.93,34.97,112510.0
2024-11-14,35.26,35.5,35.21,35.47,91781.0
2024-11-15,35.38,35.47,35.11,35.14,59553.0
2024-11-18,35.28,35.3794,35.1,35.16,52065.0
2024-11-19,34.72,34.79,34.61,34.67,120840.0
2024-11-20,34.35,34.35,33.89,34.04,86388.0
2024-11-21,35.13,35.3987,35.0997,35.3,114123.0
2024-11-22,35.78,36.1,35.74,36.1,436181.0
2024-11-25,36.43,36.43,36.21,36.22,308282.0
2024-11-26,36.15,36.37,36.01,36.37,214514.0
2024-11-27,36.37,36.38,36.12,36.14,129056.0
2024-11-29,36.15,36.48,36.01,36.48,66293.0
2024-12-02,36.39,36.4454,36.2001,36.4,573542.0
2024-12-03,36.88,37.03,36.84,37.02,133601.0
2024-12-04,37.25,37.29,37.04,37.13,55072.0
2024-12-05,37.26,37.54,37.17,37.54,186768.0
2024-12-06,37.71,37.83,37.61,37.82,155871.0
2024-12-09,38.3,38.39,38.21,38.35,210006.0
2024-12-10,37.85,37.89,37.57,37.66,101569.0
2024-12-11,37.63,37.69,37.56,37.65,82918.0
2024-12-12,37.56,37.56,37.22,37.27,113541.0
2024-12-13,37.37,37.74,37.37,37.71,203398.0
2024-12-16,37.43,37.43,37.06,37.07,125766.0
2024-12-17,37.05,37.122,37.02,37.02,51620.0
2024-12-18,36.83,36.83,36.08,36.08,98703.0
2024-12-19,36.09,36.1,35.66,35.66,166170.0
2024-12-20,35.72,35.94,35.72,35.84,105167.0
2024-12-23,35.48,35.55,35.3,35.47,39547.0
2024-12-24,35.13,36.02,35.13,36.02,142910.0
2024-12-26,36.35,36.74,36.35,36.72,106592.0
2024-12-27,36.91,37.03,36.83,37.02,97934.0
2024-12-30,36.56,36.56,36.25,36.29,169475.0
2024-12-31,36.25,36.25,35.685,35.86,172477.0
2025-01-02,36.4,36.56,36.35,36.45,120885.0
2025-01-03,36.93,37.06,36.87,37.03,95040.0
2025-01-06,37.1,37.15,36.86,36.86,97745.0
2025-01-07,36.69,36.75,36.295,36.37,154376.0
2025-01-08,36.38,36.39,36.16,36.28,101293.0
2025-01-10,36.22,36.26,36.05,36.07,248170.0
2025-01-13,35.53,35.69,35.37,35.6,112249.0
2025-01-14,35.54,35.64,35.38,35.46,138170.0
2025-01-15,35.29,35.76,35.26,35.76,128536.0
2025-01-16,35.7,35.949,35.68,35.92,61488.0
2025-01-17,36.21,36.41,36.21,36.39,117460.0
2025-01-21,36.31,36.34,36.11,36.18,291930.0
2025-01-22,36.49,36.73,36.49,36.7,303465.0
2025-01-23,36.58,36.65,36.48,36.58,114597.0
2025-01-24,36.63,36.65,36.52,36.54,30832.0
2025-01-27,36.15,36.19,36.01,36.06,37779.0
2025-01-28,36.62,36.66,36.52,36.65,39294.0
2025-01-29,36.7,36.7,36.28,36.39,23762.0
2025-01-30,36.49,36.54,36.37,36.54,24609.0
2025-01-31,36.21,36.21,35.92,35.94,58543.0
2025-02-03,35.1,35.33,35.02,35.23,58203.0
2025-02-04,35.56,35.56,35.31,35.31,18557.0
2025-02-05,34.82,35.16,34.6726,35.06,52244.0
2025-02-06,35.29,35.54,35.25,35.53,226389.0
2025-02-07,35.53,35.89,35.53,35.65,48072.0
2025-02-10,35.32,35.34,35.23,35.24,31554.0
2025-02-11,35.21,35.3508,35.21,35.28,78678.0
2025-02-12,34.94,35.01,34.77,34.88,193974.0
2025-02-13,35.33,35.5,35.3,35.5,62043.0
2025-02-14,35.3,35.3,35.1394,35.23,32566.0
2025-02-18,35.27,35.32,35.2107,35.32,32104.0
2025-02-19,34.75,34.75,34.5901,34.625,47689.0
2025-02-20,34.88,34.905,34.7,34.78,30844.0
2025-02-21,33.89,33.96,33.5037,33.66,143012.0
2025-02-24,34.11,34.17,33.7611,33.97,83622.0
2025-02-25,33.59,33.59,33.44,33.54,53459.0
2025-02-26,33.97,33.98,33.8,33.88,42881.0
2025-02-27,34.42,34.655,34.37,34.55,86261.0
2025-02-28,34.29,34.32,34.1,34.28,71530.0
2025-03-03,35.46,35.46,34.94,34.97,247079.0
2025-03-04,35.14,35.41,34.9311,35.2,158306.0
2025-03-05,36.1,36.43,36.09,36.34,216595.0
2025-03-06,36.76,37.34,36.68,37.28,447660.0
2025-03-07,37.15,37.35,37.08,37.28,86260.0
2025-03-10,37.12,37.12,36.6361,36.82,254823.0
2025-03-11,36.88,37.22,36.77,37.05,140472.0
2025-03-12,37.54,37.65,37.425,37.62,206390.0
2025-03-13,37.67,37.91,37.5419,37.89,60755.0
2025-03-14,38.12,38.45,38.12,38.34,331975.0
2025-03-17,38.35,38.55,38.2604,38.55,89497.0
2025-03-18,38.31,38.31,37.7,37.79,379853.0
2025-03-19,33.75,33.75,32.96,33.04,1408981.0
2025-03-20,33.0,34.05,32.8401,33.28,579310.0
2025-03-21,30.9,30.9,30.285,30.77,1545159.0
2025-03-24,31.145,31.79,30.77,31.74,1127832.0
2025-03-25,32.69,33.23,32.5502,32.63,601924.0
2025-03-26,32.7,33.03,32.6101,32.76,226628.0
2025-03-27,32.57,32.595,32.3,32.31,232037.0
2025-03-28,32.56,32.985,32.56,32.67,339416.0
2025-03-31,32.63,32.83,32.6,32.82,182808.0
2025-04-01,32.87,32.99,32.62,32.89,522480.0
2025-04-02,32.65,32.725,32.42,32.44,246842.0
2025-04-03,32.76,32.76,32.17,32.2,232635.0
2025-04-04,32.02,32.13,31.59,31.67,380119.0
2025-04-07,31.55,32.32,31.53,31.86,228321.0
2025-04-08,32.44,32.73,31.745,31.83,440586.0
2025-04-09,31.72,32.83,31.42,32.83,558052.0
2025-04-10,32.58,32.58,31.58,31.9,178940.0
2025-04-11,31.91,32.1,31.7,32.08,83385.0
2025-04-14,32.23,32.29,32.04,32.13,150278.0
2025-04-15,32.04,32.07,31.8101,31.85,66346.0
2025-04-16,31.65,31.65,30.78,31.21,393701.0
2025-04-17,31.99,32.148,31.37,31.91,158891.0
2025-04-21,31.66,32.07,31.59,31.71,73549.0
2025-04-22,31.68,31.7775,31.5656,31.66,62211.0
2025-04-23,31.75,31.9287,31.72,31.77,87009.0
2025-04-24,31.98,32.24,31.85,32.18,121242.0
2025-04-25,31.95,32.02,31.87,31.96,42866.0
2025-04-28,31.68,31.78,31.42,31.48,53129.0
2025-04-29,31.39,31.39,31.135,31.18,120358.0
2025-04-30,30.77,30.795,30.5341,30.67,130544.0
2025-05-01,30.75,30.75,30.55,30.66,95683.0
2025-05-02,30.94,31.0,30.83,30.94,121357.0
2025-05-05,30.68,30.76,30.61,30.7,110827.0
2025-05-06,30.84,30.84,30.7,30.76,29350.0
2025-05-07,30.58,30.62,30.31,30.31,210399.0
2025-05-08,31.16,31.26,31.05,31.19,162728.0
2025-05-09,31.5,31.58,31.334,31.41,108974.0
2025-05-12,32.38,32.6448,32.3249,32.62,198488.0
2025-05-13,32.6,32.6,32.42,32.46,95183.0
2025-05-14,32.59,32.73,32.4,32.48,136038.0
2025-05-15,32.3,32.3,31.8702,31.91,116882.0
2025-05-16,32.11,32.4799,32.11,32.43,237824.0
2025-05-19,32.38,32.5,32.36,32.49,45873.0
2025-05-20,31.89,31.985,31.8,31.86,170690.0
2025-05-21,31.72,31.865,31.38,31.42,124719.0
2025-05-22,31.665,31.795,31.585,31.7,254189.0
2025-05-23,31.26,31.33,31.19,31.24,82232.0
2025-05-27,30.87,30.9,30.7249,30.86,99870.0
2025-05-28,30.63,30.63,30.3805,30.56,151493.0
2025-05-29,30.61,30.62,30.44,30.54,61151.0
2025-05-30,30.05,30.05,29.86,29.99,117033.0
2025-06-02,30.03,30.12,29.9231,30.05,59315.0
2025-06-03,30.73,30.9,30.66,30.84,288821.0
2025-06-04,31.2,31.5,31.2,31.36,84560.0
2025-06-05,31.53,31.58,31.42,31.44,58587.0
2025-06-06,31.58,31.63,31.55,31.61,35163.0
2025-06-09,31.64,31.73,31.63,31.66,57475.0
2025-06-10,31.92,32.23,31.845,32.17,38985.0
2025-06-11,32.34,32.44,32.09,32.11,170979.0
2025-06-12,31.64,31.6545,31.48,31.57,74143.0
2025-06-13,30.35,30.87,30.325,30.75,193790.0
2025-06-16,30.51,30.8458,30.51,30.63,73589.0
2025-06-17,30.81,30.84,30.16,30.21,168117.0
2025-06-18,29.96,30.22,29.88,30.11,119216.0
2025-06-20,30.0,30.0,29.7701,29.96,68680.0
2025-06-23,29.81,30.17,29.64,30.08,382121.0
2025-06-24,30.74,30.93,30.74,30.86,183233.0
2025-06-25,30.62,30.68,30.52,30.68,69176.0
2025-06-26,30.35,30.36,30.15,30.19,109098.0
2025-06-27,30.32,30.52,30.31,30.49,39497.0
2025-06-30,32.14,32.3,31.82,32.26,408480.0
2025-07-01,32.41,32.78,32.41,32.48,341652.0
2025-07-02,32.94,33.08,32.8,33.07,262540.0
2025-07-03,33.2,33.2012,32.96,33.04,100741.0
2025-07-07,32.61,32.6125,32.35,32.44,117559.0
2025-07-08,32.19,32.3,32.1,32.12,86672.0
2025-07-09,32.57,33.0,32.53,32.79,139470.0
2025-07-10,33.13,33.31,33.13,33.25,70598.0
2025-07-11,33.2,33.3,33.06,33.17,36962.0
2025-07-14,32.86,33.01,32.7761,32.97,84818.0
2025-07-15,32.93,32.93,32.7417,32.84,23534.0
2025-07-16,32.32,32.55,32.2319,32.5,57479.0
2025-07-17,33.06,33.15,32.93,33.15,179793.0
2025-07-18,33.15,33.18,32.99,32.995,28485.0
2025-07-21,33.74,33.9599,33.74,33.93,157413.0
2025-07-22,33.89,33.94,33.76,33.87,24010.0
2025-07-23,33.83,33.93,33.72,33.86,80565.0
2025-07-24,34.1,34.21,33.92,33.95,112896.0
2025-07-25,33.8,33.915,33.74,33.79,224310.0
2025-07-28,33.53,33.64,33.41,33.43,57421.0
2025-07-29,33.45,33.49,33.21,33.28,65623.0
2025-07-30,33.78,33.79,33.63,33.66,29075.0
2025-07-31,33.92,34.0367,33.77,33.85,87476.0
2025-08-01,33.97,33.98,33.77,33.92,113544.0
2025-08-04,34.21,34.4,34.21,34.32,99334.0
2025-08-05,34.36,34.42,34.28,34.29,27590.0
2025-08-06,34.41,34.51,34.38,34.46,98801.0
2025-08-07,34.82,34.82,34.5252,34.61,77925.0
2025-08-08,34.65,34.72,34.56,34.68,94588.0
2025-08-11,34.88,34.95,34.82,34.8448,47598.0
2025-08-12,34.62,34.67,34.5,34.54,62816.0
2025-08-13,34.52,34.6,34.43,34.47,37329.0
2025-08-14,34.06,34.26,33.95,34.11,450670.0
2025-08-15,34.28,34.31,34.145,34.24,64890.0
2025-08-18,34.23,34.49,34.2,34.47,96263.0
2025-08-19,34.4,34.57,34.3,34.5,163757.0
2025-08-20,34.92,35.0899,34.85,35.04,174232.0
2025-08-21,35.32,35.55,35.32,35.51,129604.0
2025-08-22,35.53,35.7335,35.43,35.69,101519.0
2025-08-25,35.99,36.07,35.91,35.93,75107.0
2025-08-26,36.01,36.28,35.94,35.97,156212.0
2025-08-27,35.75,35.79,35.5,35.51,148981.0
2025-08-28,35.54,35.62,35.4601,35.54,55095.0
2025-08-29,35.52,35.52,35.1652,35.29,102581.0
2025-09-02,33.51,34.11,33.45,33.97,340572.0
2025-09-03,33.45,33.6699,33.42,33.51,322501.0
2025-09-04,33.8,33.89,33.58,33.73,114640.0
2025-09-05,33.62,34.03,33.29,33.33,475120.0
2025-09-08,32.47,32.665,32.41,32.54,567310.0
2025-09-09,32.72,32.77,32.3761,32.68,142292.0
2025-09-10,32.86,33.0,32.81,32.92,83666.0
2025-09-11,32.78,32.885,32.25,32.32,142244.0
2025-09-12,32.07,32.43,32.07,32.27,83377.0
2025-09-15,34.09,34.24,33.98,34.24,278826.0
2025-09-16,34.75,34.83,34.6364,34.82,104589.0
2025-09-17,34.86,34.93,34.64,34.75,73959.0
2025-09-18,34.73,34.73,34.26,34.35,43520.0
2025-09-19,34.88,35.393,34.65,35.38,463441.0
2025-09-22,35.65,35.7,35.51,35.58,206690.0
2025-09-23,35.13,35.16,35.02,35.06,108124.0
2025-09-24,35.12,35.32,35.12,35.3,29122.0
2025-09-25,35.29,35.4,35.19,35.19,234287.0
2025-09-26,34.59,34.785,34.51,34.77,405472.0
2025-09-29,34.46,34.62,34.3535,34.57,262236.0
2025-09-30,34.16,34.32,34.07,34.23,370064.0
2025-10-01,35.0,35.035,34.793,34.96,297838.0
2025-10-02,34.59,34.69,34.28,34.45,170350.0
2025-10-03,33.92,33.93,33.635,33.74,219839.0
2025-10-06,33.58,33.61,33.38,33.47,110275.0
2025-10-07,33.66,33.76,33.6,33.69,164126.0
2025-10-08,33.59,33.7,33.5,33.615,148433.0
2025-10-09,33.69,33.7487,33.26,33.37,188658.0
2025-10-10,33.35,33.52,32.8101,32.84,306016.0
2025-10-13,32.92,33.08,32.92,33.04,76165.0
2025-10-14,32.43,32.4895,32.235,32.35,106028.0
2025-10-15,32.72,32.84,32.4,32.56,140427.0
2025-10-16,32.47,32.49,32.24,32.34,115119.0
2025-10-17,31.88,32.19,31.72,31.9,194729.0
2025-10-20,32.46,32.79,32.46,32.76,80492.0
2025-10-21,32.8,32.94,32.67,32.72,73080.0
2025-10-22,33.04,33.2,32.87,32.96,88316.0
2025-10-23,33.19,33.25,33.05,33.11,46839.0
2025-10-24,34.31,34.37,34.0,34.04,134266.0
2025-10-27,33.86,33.97,33.8015,33.89,56800.0
2025-10-28,33.96,34.03,33.95,33.98,31820.0
2025-10-29,34.07,34.08,33.85,33.91,25314.0
2025-10-30,33.82,33.82,33.63,33.64,74970.0
2025-10-31,34.02,34.16,33.98,34.15,104337.0
2025-11-03,34.51,34.525,34.42,34.45,118907.0
2025-11-04,33.88,34.02,33.87,33.91,53822.0
2025-11-05,33.96,34.168,33.95,34.13,54567.0
2025-11-06,34.26,34.3694,34.2237,34.25,68435.0
2025-11-07,33.78,33.91,33.66,33.86,149548.0
2025-11-10,33.6,33.6,33.45,33.55,28417.0
2025-11-11,32.97,32.97,32.75,32.85,107780.0
2025-11-12,32.84,33.08,32.84,33.03,116108.0
2025-11-13,32.85,32.92,32.69,32.78,109572.0
2025-11-14,32.49,32.9,32.38,32.85,58082.0
2025-11-17,33.02,33.2,32.99,33.08,281487.0
2025-11-18,33.13,33.4,33.13,33.3,50549.0
2025-11-19,33.55,33.75,33.55,33.66,110723.0
2025-11-20,33.73,33.91,33.58,33.58,104790.0
2025-11-21,33.44,33.87,33.43,33.78,103739.0
2025-11-24,33.62,33.77,33.57,33.76,55728.0
2025-11-25,33.42,33.575,33.3701,33.54,64969.0
2025-11-26,33.45,33.63,33.42,33.59,84205.0
2025-11-28,33.52,33.52,33.34,33.5,325292.0
2025-12-01,33.96,34.06,33.9,34.03,190176.0
2025-12-02,34.08,34.16,34.05,34.1,156602.0
2025-12-03,34.01,34.01,33.85,33.87,135719.0
2025-12-04,33.58,33.64,33.47,33.55,154795.0
2025-12-05,33.74,33.8617,33.71,33.84,66855.0
2025-12-08,34.34,34.48,34.34,34.42,82953.0
2025-12-09,34.52,34.7,34.48,34.66,53365.0
2025-12-10,34.65,34.77,34.48,34.73,48795.0
2025-12-11,34.63,34.82,34.63,34.82,31632.0
2025-12-12,34.84,34.93,34.795,34.82,33159.0
2025-12-15,35.33,35.46,35.24,35.29,76605.0
2025-12-16,34.78,34.8,34.66,34.71,25405.0
2025-12-17,34.62,34.82,34.4901,34.735,339610.0
2025-12-18,34.78,34.85,34.7,34.82,136230.0
2025-12-19,34.82,34.97,34.77,34.86,167145.0
2025-12-22,34.71,34.739,34.47,34.61,550714.0
2025-12-23,34.65,34.91,34.62,34.815,89696.0
2025-12-24,34.75,34.87,34.75,34.87,24250.0
2025-12-26,34.64,34.78,34.5596,34.76,144173.0
2025-12-29,34.31,34.42,34.2,34.41,294910.0
2025-12-30,34.41,34.44,34.34,34.42,121901.0
2025-12-31,34.32,34.44,34.27,34.42,253326.0
2026-01-02,34.77,34.96,34.77,34.92,336020.0
2026-01-05,35.434,35.85,35.43,35.81,329075.0
2026-01-06,36.34,36.91,36.28,36.77,596160.0
2026-01-07,36.5,36.71,36.5,36.63,198123.0
2026-01-08,36.67,36.75,36.42,36.73,189769.0
2026-01-09,36.86,37.1899,36.855,37.16,111770.0
2026-01-12,37.28,37.57,37.2365,37.54,289723.0
2026-01-13,37.68,37.75,37.595,37.73,155075.0
2026-01-14,37.47,37.7,37.4,37.59,247188.0
2026-01-15,37.71,38.05,37.71,37.94,330964.0
2026-01-16,38.33,38.59,38.285,38.41,668111.0
2026-01-20,38.7,38.96,38.55,38.87,249477.0
2026-01-21,38.46,38.73,38.32,38.64,589983.0
2026-01-22,38.82,39.15,38.77,39.08,275739.0
2026-01-23,38.98,39.44,38.89,39.43,460297.0
2026-01-26,39.69,39.95,39.69,39.86,414999.0
2026-01-27,39.36,39.6,39.32,39.56,288877.0
2026-01-28,40.61,40.7399,40.35,40.39,460148
2026-01-29,41.47,41.6,41.25,41.58,447856
2026-01-30,41.46,41.64,41.21,41.25,329211
2026-02-02,41.01,41.2,40.75,41.14,616375
2026-02-03,41.37,41.73,41.3448,41.54,199178
2026-02-04,41.77,41.82,41.23,41.37,354980
2026-02-05,40.75,40.81,40.4,40.66,484701
2026-02-06,40.36,40.88,40.3,40.84,350729
2026-02-09,41.39,41.66,41.26,41.54,375290
2026-02-10,41.18,41.2899,40.97,40.97,373116
2026-02-11,41.31,41.34,41.067,41.21,283743
2026-02-12,42.2,42.35,41.815,41.91,477375
2026-02-13,41.99,42.24,41.94,42.22,474306
2026-02-17,42.42,42.4897,42.185,42.34,357926
2026-02-18,42.62,42.67,42.37,42.41,335256
2026-02-19,40.95,41.2885,40.65,41.26,821798
2026-02-20,41.23,41.69,41.1847,41.65,411829
2026-02-23,41.99,42.06,41.68,41.76,301504
2026-02-24,41.95,42.05,41.8846,41.93,255550
2026-02-25,41.32,41.4,41.01,41.19,530919
2026-02-26,41.23,41.2583,41.01,41.23,1592
2026-02-27,40.82,40.89,40.56,40.63,814325
2026-03-02,39.67,39.9,39.36,39.59,1281077
2026-03-03,38.67,38.87,38.185,38.77,864870
2026-03-04,38.65,38.9974,38.645,38.94,392696
2026-03-05,39.09,39.1,38.42,38.675,704082
2026-03-06,38.03,38.265,37.15,37.225,1889080
